74
2
-0.12868558374092034800614459663971 0.25315358016164951382252070066175
0.12868558374092034800614459663971 0.25315358016164951382252070066175
-0.38611399247334728699838332527349 0.22183130791546486221091306236189
0.38611399247334728699838332527349 0.22183130791546486221091306236189
-0.64371445661134192525697064352996 0.17029372558220231496995152324073
0.64371445661134192525697064352996 0.17029372558220231496995152324073
-0.90160279089609208604082089433019 0.11447404988622137014582235753605
0.90160279089609208604082089433019 0.11447404988622137014582235753605
-1.1598964966533337937659338528432 0.067334688728284340855065892482906
1.1598964966533337937659338528432 0.067334688728284340855065892482906
-1.4187154768845949705445451051705 0.034623986133714640258344045304455
1.4187154768845949705445451051705 0.034623986133714640258344045304455
-1.6781827934921526513007127985262 0.015545067446090827287987033829596
1.6781827934921526513007127985262 0.015545067446090827287987033829596
-1.9384254811801832695034251927599 0.0060846962089377688810612702290712
1.9384254811801832695034251927599 0.0060846962089377688810612702290712
-2.1995754346550642243816243800302 0.0020727405318696787661637734511244
2.1995754346550642243816243800302 0.0020727405318696787661637734511244
-2.461770388537766171151444289904 0.00061320670594855150429851701390692
2.461770388537766171151444289904 0.00061320670594855150429851701390692
-2.7251550130837991195578333732904 0.00015717296348585729591435310462805
2.7251550130837991195578333732904 0.00015717296348585729591435310462805
-2.9898821536352491889291744653008 0.000034806103755503996291154674300348
2.9898821536352491889291744653008 0.000034806103755503996291154674300348
-3.2561142480573674870003702085542 6.6384540614267242992794096561727e-6
3.2561142480573674870003702085542 6.6384540614267242992794096561727e-6
-3.5240249647298417298012768279248 1.0865550828327947557036694889958e-6
3.5240249647298417298012768279248 1.0865550828327947557036694889958e-6
-3.7938011146597773588048691669851 1.5199860776329106691051790796739e-7
3.7938011146597773588048691669851 1.5199860776329106691051790796739e-7
-4.0656449059380264902364766277858 1.8089441547445263097320797573369e-8
4.0656449059380264902364766277858 1.8089441547445263097320797573369e-8
-4.339776628478554567069748918312 1.8219509376836149000489170605408e-9
4.339776628478554567069748918312 1.8219509376836149000489170605408e-9
-4.6164378838097412100134220716958 1.5438256127811828675491229493954e-10
4.6164378838097412100134220716958 1.5438256127811828675491229493954e-10
-4.89589551165620385617724287001 1.0931590521335748194601068437093e-11
4.89589551165620385617724287001 1.0931590521335748194601068437093e-11
-5.1784464167185340408988423166129 6.4188571380482344034752148065173e-13
5.1784464167185340408988423166129 6.4188571380482344034752148065173e-13
-5.4644235724164396003900728582958 3.0981886195643700476359184738851e-14
5.4644235724164396003900728582958 3.0981886195643700476359184738851e-14
-5.754203584351760255750088864444 1.2168900581339214489015399419628e-15
5.754203584351760255750088864444 1.2168900581339214489015399419628e-15
-6.0482163524027341390911253087249 3.8443430855465005177008129979731e-17
6.0482163524027341390911253087249 3.8443430855465005177008129979731e-17
-6.3469576054906099356109686493312 9.6365678168475626342395048399457e-19
6.3469576054906099356109686493312 9.6365678168475626342395048399457e-19
-6.6510054458855261102375639161178 1.8863727782270381455899020128194e-20
6.6510054458855261102375639161178 1.8863727782270381455899020128194e-20
-6.9610426155273671970562689767215 2.8296018603048335946953721968653e-22
6.9610426155273671970562689767215 2.8296018603048335946953721968653e-22
-7.2778871393556743231936377552504 3.1794998286708368997466146549885e-24
7.2778871393556743231936377552504 3.1794998286708368997466146549885e-24
-7.6025356011958441939918102661361 2.6033049503053849793699351146063e-26
7.6025356011958441939918102661361 2.6033049503053849793699351146063e-26
-7.9362261435724375446757788209614 1.5008973228057173196249976167151e-28
7.9362261435724375446757788209614 1.5008973228057173196249976167151e-28
-8.2805335655260488345943921913574 5.8345675304161827658571147716991e-31
8.2805335655260488345943921913574 5.8345675304161827658571147716991e-31
-8.6375193440825602913060914895328 1.4455024437001151843831989302109e-33
8.6375193440825602913060914895328 1.4455024437001151843831989302109e-33
-9.0099816679963684022753879996606 2.1156822123722681152128042713882e-36
9.0099816679963684022753879996606 2.1156822123722681152128042713882e-36
-9.401902621948977906928634084208 1.6442414677949630793588425790102e-39
9.401902621948977906928634084208 1.6442414677949630793588425790102e-39
-9.8193271033153601306504412340152 5.7836152624625346449084074305926e-43
9.8193271033153601306504412340152 5.7836152624625346449084074305926e-43
-10.272337356338001461843180304486 7.0869721836637252958512204563102e-47
10.272337356338001461843180304486 7.0869721836637252958512204563102e-47
-10.780513013934538244838592475053 1.8404303463882251488010685255642e-51
10.780513013934538244838592475053 1.8404303463882251488010685255642e-51
-11.395160399349304774303517743111 2.8750275727923821114450113040184e-57
11.395160399349304774303517743111 2.8750275727923821114450113040184e-57
