49
2
0 0.31573389003557400431088514261172
-0.31578690052375493750224443063361 0.28591145169466438163367901200997
0.31578690052375493750224443063361 0.28591145169466438163367901200997
-0.63189269951096169451940911316431 0.21222171925816716521288228527768
0.63189269951096169451940911316431 0.21222171925816716521288228527768
-0.94864050761025747267338163219949 0.12896559830848852795182474190389
0.94864050761025747267338163219949 0.12896559830848852795182474190389
-1.2663620236873580244849292599329 0.064032496212210147088868742522146
1.2663620236873580244849292599329 0.064032496212210147088868742522146
-1.5854022514550468401055879865246 0.02590030443834272621706461383098
1.5854022514550468401055879865246 0.02590030443834272621706461383098
-1.9061247609883609464144673680487 0.0085018075629547673068520390775878
1.9061247609883609464144673680487 0.0085018075629547673068520390775878
-2.2289177453859469603109072022842 0.0022536737753387693433000549615372
2.2289177453859469603109072022842 0.0022536737753387693433000549615372
-2.5542011939519628033672329285876 0.00047952088600477704956606777159104
2.5542011939519628033672329285876 0.00047952088600477704956606777159104
-2.8824356106455998862767893427073 0.000081291046453153582269027805392401
2.8824356106455998862767893427073 0.000081291046453153582269027805392401
-3.2141328684568562379546221432457 0.000010881805485674154766732090662633
3.2141328684568562379546221432457 0.000010881805485674154766732090662633
-3.5498700372120951427247446089429 1.1378411996773990622233906957834e-6
3.5498700372120951427247446089429 1.1378411996773990622233906957834e-6
-3.8903074057661615901429068558398 9.1729613211703330068790889745037e-8
3.8903074057661615901429068558398 9.1729613211703330068790889745037e-8
-4.2362125300687871954958935956116 5.6118428733874872449754097608671e-9
4.2362125300687871954958935956116 5.6118428733874872449754097608671e-9
-4.5884931402744826911161617368023 2.5554702439987739949495229258835e-10
4.5884931402744826911161617368023 2.5554702439987739949495229258835e-10
-4.948243443004891614300549080101 8.4575241714312222468636067235116e-12
4.948243443004891614300549080101 8.4575241714312222468636067235116e-12
-5.3168113741835167473023810318687 1.9744849360631813032724316217595e-13
5.3168113741835167473023810318687 1.9744849360631813032724316217595e-13
-5.6958999850352089369362570974985 3.1301391441242661180664901555972e-15
5.6958999850352089369362570974985 3.1301391441242661180664901555972e-15
-6.0877272810547553392113870446979 3.2059589524003835010855275789003e-17
6.0877272810547553392113870446979 3.2059589524003835010855275789003e-17
-6.4952925650076596711092872364017 1.9836416602793738175976008651029e-19
6.4952925650076596711092872364017 1.9836416602793738175976008651029e-19
-6.9228528349597616617506184081573 6.7446743456588831615192417297458e-22
6.9228528349597616617506184081573 6.7446743456588831615192417297458e-22
-7.3768593906319283399127019111443 1.093680943612783626293053585879e-24
7.3768593906319283399127019111443 1.093680943612783626293053585879e-24
-7.8680628640816653979605578425997 6.7063563353462789447082925082817e-28
7.8680628640816653979605578425997 6.7063563353462789447082925082817e-28
-8.4173371862679785467076457225732 1.0023613427435927758391826714929e-31
8.4173371862679785467076457225732 1.0023613427435927758391826714929e-31
-9.079405395199434044549060181902 1.2072872881283429307282053602407e-36
9.079405395199434044549060181902 1.2072872881283429307282053602407e-36
