61
2
0 0.28326318995972345524239085278079
-0.28329399584293825691367619796344 0.2615033978142742742589662841671
0.28329399584293825691367619796344 0.2615033978142742742589662841671
-0.56677314117022046542412500358313 0.20570683105394093322006417317342
0.56677314117022046542412500358313 0.20570683105394093322006417317342
-0.85062416477081462473343119976638 0.13779465152760535124159822864969
0.85062416477081462473343119976638 0.13779465152760535124159822864969
-1.1350369935815598924632138970642 0.078518270158397196125685885644739
1.1350369935815598924632138970642 0.078518270158397196125685885644739
-1.4202064526026657480643213488832 0.038002651439240079376488587356312
1.4202064526026657480643213488832 0.038002651439240079376488587356312
-1.7063340915790623930989878063516 0.015592290312661976895334520287876
1.7063340915790623930989878063516 0.015592290312661976895334520287876
-1.9936301908281087054056003857389 0.0054099296624677240800310776473241
1.9936301908281087054056003857389 0.0054099296624677240800310776473241
-2.2823160084101850485923931354295 0.0015825583090958942134459674440694
2.2823160084101850485923931354295 0.0015825583090958942134459674440694
-2.5726263447097192687727494165469 0.00038892085371592822762516335310322
2.5726263447097192687727494165469 0.00038892085371592822762516335310322
-2.8648125198053047142036115860859 0.000079958097609494725441887343697063
2.8648125198053047142036115860859 0.000079958097609494725441887343697063
-3.1591458858192855896015803699625 0.000013684069297535376617933936387705
3.1591458858192855896015803699625 0.000013684069297535376617933936387705
-3.4559220338316390817809551856148 1.9382734960996427890215681237983e-6
3.4559220338316390817809551856148 1.9382734960996427890215681237983e-6
-3.7554659075853780481017797879341 2.2570860520414476602007432682902e-7
3.7554659075853780481017797879341 2.2570860520414476602007432682902e-7
-4.0581381112767337185309974984091 2.1440032177267679428786578100985e-8
4.0581381112767337185309974984091 2.1440032177267679428786578100985e-8
-4.3643428074654232117070099836845 1.6462612023799049317621221753141e-9
4.3643428074654232117070099836845 1.6462612023799049317621221753141e-9
-4.6745377615999188765809840559921 1.011004189276354730130639057779e-10
4.6745377615999188765809840559921 1.011004189276354730130639057779e-10
-4.9892473314939936226617004494513 4.9041814317738429539552505659791e-12
4.9892473314939936226617004494513 4.9041814317738429539552505659791e-12
-5.3090795734924509512074172086293 1.8515162945489534139680095770877e-13
5.3090795734924509512074172086293 1.8515162945489534139680095770877e-13
-5.6347492296736760808908398419618 5.3454835391987383680101378659588e-15
5.6347492296736760808908398419618 5.3454835391987383680101378659588e-15
-5.9671093310413951705981647401871 1.1553699025986702240613835975511e-16
5.9671093310413951705981647401871 1.1553699025986702240613835975511e-16
-6.3071958002194259880261042089923 1.8216160573946075184668940109989e-18
6.3071958002194259880261042089923 1.8216160573946075184668940109989e-18
-6.6562923584988732880090470105073 2.0285571447032399653643494471621e-20
6.6562923584988732880090470105073 2.0285571447032399653643494471621e-20
-7.016028484838869404311123596419 1.5315980968945625409823947320368e-22
7.016028484838869404311123596419 1.5315980968945625409823947320368e-22
-7.3885339440499835310613883489252 7.4335800238462519910854187745556e-25
7.3885339440499835310613883489252 7.4335800238462519910854187745556e-25
-7.7766963448476243543638401017375 2.1587655850502255956618243953349e-27
7.7766963448476243543638401017375 2.1587655850502255956618243953349e-27
-8.1846218361099518091254115006508 3.3910839755166796493213411504528e-30
8.1846218361099518091254115006508 3.3910839755166796493213411504528e-30
-8.6185407332142506273481635608517 2.4774746124223770408558034685672e-33
8.6185407332142506273481635608517 2.4774746124223770408558034685672e-33
-9.0888424760573392157957523258747 6.573687606722056812337377157157e-37
9.0888424760573392157957523258747 6.573687606722056812337377157157e-37
-9.6157041046875608106045487609082 3.9640620009952465194476846763923e-41
9.6157041046875608106045487609082 3.9640620009952465194476846763923e-41
-10.252011649196144910641327939134 1.661007051735178744135965300608e-46
10.252011649196144910641327939134 1.661007051735178744135965300608e-46
