41
2
0 0.34482208361638968618654984811389
-0.34490446301543276188160539945245 0.30636781693785126335200085256984
0.34490446301543276188160539945245 0.30636781693785126335200085256984
-0.69030505233020809049181041533524 0.21473086449008445376432689193312
0.69030505233020809049181041533524 0.21473086449008445376432689193312
-1.036707252924206005673134406579 0.11848439124684408212215229156633
1.036707252924206005673134406579 0.11848439124684408212215229156633
-1.384635789160032569638759559639 0.051289872397094685068245128728502
1.384635789160032569638759559639 0.051289872397094685068245128728502
-1.734645608822029284451554347944 0.017330881362116827198032171785007
1.734645608822029284451554347944 0.017330881362116827198032171785007
-2.0873346819187244606237785412235 0.0045403929873032707856944962130295
2.0873346819187244606237785412235 0.0045403929873032707856944962130295
-2.4433595531234112759831996836018 0.00091423425632870777608961666895061
2.4433595531234112759831996836018 0.00091423425632870777608961666895061
-2.8034549614843186771078376439759 0.00013993025659674165615244819936395
2.8034549614843186771078376439759 0.00013993025659674165615244819936395
-3.1684594539419855787920015654052 0.000016055965736677247182520251647184
3.1684594539419855787920015654052 0.000016055965736677247182520251647184
-3.539349937363711603879683381303 1.3573781404870804602434085811069e-6
3.539349937363711603879683381303 1.3573781404870804602434085811069e-6
-3.9172898548377822396345086413791 8.2726584187498228038064302194754e-8
3.9172898548377822396345086413791 8.2726584187498228038064302194754e-8
-4.303698767154650408232760740233 3.5356816483806877425708579174265e-9
4.303698767154650408232760740233 3.5356816483806877425708579174265e-9
-4.7003568963041161297278707965846 1.0226798927782287383908374311841e-10
4.7003568963041161297278707965846 1.0226798927782287383908374311841e-10
-5.1095696265331340956811672874686 1.910383364680918147500512227143e-12
5.1095696265331340956811672874686 1.910383364680918147500512227143e-12
-5.5344413406134459665712614447535 2.1629872471750240315167875120011e-14
5.5344413406134459665712614447535 2.1629872471750240315167875120011e-14
-5.9793650041651337324114891076415 1.3569875295861107706593117227916e-16
5.9793650041651337324114891076415 1.3569875295861107706593117227916e-16
-6.4509845971747532593734881493969 4.1234085375314973539368221343119e-19
6.4509845971747532593734881493969 4.1234085375314973539368221343119e-19
-6.9603584006367493673861057825699 4.868737936012915427489444978418e-22
6.9603584006367493673861057825699 4.868737936012915427489444978418e-22
-7.5289454645396209371321044095383 1.4726537286520630799494676705535e-25
7.5289454645396209371321044095383 1.4726537286520630799494676705535e-25
-8.213000895598280513458525753136 4.0019596646664798628774200975813e-30
8.213000895598280513458525753136 4.0019596646664798628774200975813e-30
