110
2
-0.10566354421255453660985909225072 0.2089843085162928060106231433406
0.10566354421255453660985909225072 0.2089843085162928060106231433406
-0.31701199035803576244849361233345 0.19116358027866214886594147210163
0.31701199035803576244849361233345 0.19116358027866214886594147210163
-0.52842456583606142253427672351926 0.15993992755454791953170583088351
0.52842456583606142253427672351926 0.15993992755454791953170583088351
-0.73994421120471542428582416496123 0.12237883847025700594045514307803
0.73994421120471542428582416496123 0.12237883847025700594045514307803
-0.95161415004400395654683276382609 0.085616850779843273013368738273415
0.95161415004400395654683276382609 0.085616850779843273013368738273415
-1.1634780052233955583840765884901 0.054750665778332093573722119707511
1.1634780052233955583840765884901 0.054750665778332093573722119707511
-1.3755799182849759998735473522848 0.031991743583371477340971637783607
1.3755799182849759998735473522848 0.031991743583371477340971637783607
-1.5879646729152567123458713255069 0.017073105881727820573371115189491
1.5879646729152567123458713255069 0.017073105881727820573371115189491
-1.8006778235437945828139840245083 0.008317385036934136139248529261879
1.8006778235437945828139840245083 0.008317385036934136139248529261879
-2.013765830189818069919917599338 0.0036965702725171091588237077348488
2.013765830189818069919917599338 0.0036965702725171091588237077348488
-2.2272762007812908130905607089528 0.0014977892627292285956743442282003
2.2272762007812908130905607089528 0.0014977892627292285956743442282003
-2.4412576422971845445345536805959 0.0005528480287792530542628485349096
2.4412576422971845445345536805959 0.0005528480287792530542628485349096
-2.6557602222368331754241789891137 0.00018573262875095766999247232883267
2.6557602222368331754241789891137 0.00018573262875095766999247232883267
-2.8708355421046667247821354615119 0.000056738856687546875414305837394746
2.8708355421046667247821354615119 0.000056738856687546875414305837394746
-3.0865369248200673171381879583607 0.000015744241598181711940296859773096
3.0865369248200673171381879583607 0.000015744241598181711940296859773096
-3.3029196182276346070196799829003 3.9637332341743552805649899829202e-6
3.3029196182276346070196799829003 3.9637332341743552805649899829202e-6
-3.5200410172016268027941510915483 9.04216455427481096808305404989e-7
3.5200410172016268027941510915483 9.04216455427481096808305404989e-7
-3.7379609072207936375874106007582 1.866454797098834209738267367961e-7
3.7379609072207936375874106007582 1.866454797098834209738267367961e-7
-3.9567417327500808969069121503063 3.480773873653110713577891670658e-8
3.9567417327500808969069121503063 3.480773873653110713577891670658e-8
-4.1764488943211939801207154236155 5.8549609302492548985503330735949e-9
4.1764488943211939801207154236155 5.8549609302492548985503330735949e-9
-4.3971510788768195633777923726258 8.8669552925941469111072329391231e-10
4.3971510788768195633777923726258 8.8669552925941469111072329391231e-10
-4.618920628761486193848990532727 1.2066201440627671762497355041001e-10
4.618920628761486193848990532727 1.2066201440627671762497355041001e-10
-4.841833955741517679367647640987 1.4722456305780528106264667044615e-11
4.841833955741517679367647640987 1.4722456305780528106264667044615e-11
-5.0659720076635653191691580644809 1.6069042876497942436704569753398e-12
5.0659720076635653191691580644809 1.6069042876497942436704569753398e-12
-5.2914207968758001528754852653811 1.5649369927618023059973881668439e-13
5.2914207968758001528754852653811 1.5649369927618023059973881668439e-13
-5.5182720014163928430096542372822 1.3561256356020864269225818076787e-14
5.5182720014163928430096542372822 1.3561256356020864269225818076787e-14
-5.7466236523236137643493076448648 1.0425344386668319342404949135535e-15
5.7466236523236137643493076448648 1.0425344386668319342404949135535e-15
-5.9765809233777676458213793647973 7.0866359430444652816609712013235e-17
5.9765809233777676458213793647973 7.0866359430444652816609712013235e-17
-6.2082570433307616847001884467806 4.2441255956981078481409063607452e-18
6.2082570433307616847001884467806 4.2441255956981078481409063607452e-18
-6.4417743554625510619092984228743 2.2306211570300657999381747875608e-19
6.4417743554625510619092984228743 2.2306211570300657999381747875608e-19
-6.6772655554639750849948266373384 1.0244196283925876948920410590504e-20
6.6772655554639750849948266373384 1.0244196283925876948920410590504e-20
-6.9148751466506360236442736834283 4.0914965094167592513082298881296e-22
6.9148751466506360236442736834283 4.0914965094167592513082298881296e-22
-7.1547611620163298140963031151352 1.4137224274155051027022094342834e-23
7.1547611620163298140963031151352 1.4137224274155051027022094342834e-23
-7.3970972165620389002225211435207 4.2015271606281225441057780705571e-25
7.3970972165620389002225211435207 4.2015271606281225441057780705571e-25
-7.6420749720138366902824697770449 1.0671290531221609785901721351176e-26
7.6420749720138366902824697770449 1.0671290531221609785901721351176e-26
-7.8899071213998066138208021394287 2.2997378701938909287055426939983e-28
7.8899071213998066138208021394287 2.2997378701938909287055426939983e-28
-8.1408310358446966766237386293345 4.1716030615092844757991436978588e-30
8.1408310358446966766237386293345 4.1716030615092844757991436978588e-30
-8.3951132646519031526617221120215 6.3119668181307041929536673865111e-32
8.3951132646519031526617221120215 6.3119668181307041929536673865111e-32
-8.6530551488522142518492915205097 7.8853213936624890656503434411076e-34
8.6530551488522142518492915205097 7.8853213936624890656503434411076e-34
-8.9149999082012475024707560559638 8.0390389893761051415130381303717e-36
8.9149999082012475024707560559638 8.0390389893761051415130381303717e-36
-9.1813417085894022406922332681525 6.5994654800159587475962562805911e-38
9.1813417085894022406922332681525 6.5994654800159587475962562805911e-38
-9.4525374380792587082994495917845 4.2954616661118686668479424010163e-40
9.4525374380792587082994495917845 4.2954616661118686668479424010163e-40
-9.7291222611091455091656969927409 2.1769699583039040496522213580545e-42
9.7291222611091455091656969927409 2.1769699583039040496522213580545e-42
-10.011730561776583501341641181463 8.4092583458822093334980280310063e-45
10.011730561776583501341641181463 8.4092583458822093334980280310063e-45
-10.301124773392132488863486963385 2.4133632044032184014450652344182e-47
10.301124773392132488863486963385 2.4133632044032184014450652344182e-47
-10.598236096233555738138194805284 4.9883667718147340776786515046807e-50
10.598236096233555738138194805284 4.9883667718147340776786515046807e-50
-10.904223770953831318685428647673 7.1462236088716892892746771965654e-53
10.904223770953831318685428647673 7.1462236088716892892746771965654e-53
-11.22056453954339522972842468383 6.7588233504302134101911243496764e-56
11.22056453954339522972842468383 6.7588233504302134101911243496764e-56
-11.549193745603485025282488214661 3.9619475088357407313158199582916e-59
11.549193745603485025282488214661 3.9619475088357407313158199582916e-59
-11.892740438516830343844678956015 1.3221294591343707335668868768792e-62
11.892740438516830343844678956015 1.3221294591343707335668868768792e-62
-12.254947728119025240189243133173 2.2283154783345254760149799733803e-66
12.254947728119025240189243133173 2.2283154783345254760149799733803e-66
-12.641498685712268683990147524843 1.585163834120649288539908359507e-70
12.641498685712268683990147524843 1.585163834120649288539908359507e-70
-13.061871069197858439362704945849 3.5443349838314764427116339480437e-75
13.061871069197858439362704945849 3.5443349838314764427116339480437e-75
-13.53446390235234703530226559307 1.4208271558887374166099323504972e-80
13.53446390235234703530226559307 1.4208271558887374166099323504972e-80
-14.107459209689145557095712001781 2.444884253555019893999701073369e-87
14.107459209689145557095712001781 2.444884253555019893999701073369e-87
