64
2
-0.13830224498700972411504976796667 0.27137742494130397794560650841843
0.13830224498700972411504976796667 0.27137742494130397794560650841843
-0.41498882412107868457692912919969 0.23299478606267804665056602933257
0.41498882412107868457692912919969 0.23299478606267804665056602933257
-0.69192230581004457726821928759559 0.17168584234908370200072797012378
0.69192230581004457726821928759559 0.17168584234908370200072797012378
-0.9692694230711780167435414890191 0.1084983493061868406330258455061
0.9692694230711780167435414890191 0.1084983493061868406330258455061
-1.2472001569431179406935645306936 0.058739981964099434549688946251832
1.2472001569431179406935645306936 0.058739981964099434549688946251832
-1.5258891402098636629489701331515 0.027203128953688918453834821261493
1.5258891402098636629489701331515 0.027203128953688918453834821261493
-1.8055171714655449189037735741869 0.010756040509879137049465172786673
1.8055171714655449189037735741869 0.010756040509879137049465172786673
-2.0862728798817620208325633023632 0.0036225869785344587606681253716227
2.0862728798817620208325633023632 0.0036225869785344587606681253716227
-2.3683545886324014041115112653415 0.0010363290995075776634567417462831
2.3683545886324014041115112653415 0.0010363290995075776634567417462831
-2.6519724354306350110054577859984 0.00025098369851306248608236201798191
2.6519724354306350110054577859984 0.00025098369851306248608236201798191
-2.9373508230046218096853390261914 0.000051259291357862746608219114127396
2.9373508230046218096853390261914 0.000051259291357862746608219114127396
-3.2247312919920357258481711101884 8.7884992308503591814440474067043e-6
3.2247312919920357258481711101884 8.7884992308503591814440474067043e-6
-3.5143759357409062115399505864743 1.258340251031184576157842180019e-6
3.5143759357409062115399505864743 1.258340251031184576157842180019e-6
-3.8065715139453604611659720004602 1.4955329367272470611024616929348e-7
3.8065715139453604611659720004602 1.4955329367272470611024616929348e-7
-4.1016344745666567149709812384555 1.465125316476109354926622003804e-8
4.1016344745666567149709812384555 1.465125316476109354926622003804e-8
-4.3999171682281376477679325354389 1.1736167423215493435425064670822e-9
4.3999171682281376477679325354389 1.1736167423215493435425064670822e-9
-4.7018156474074998160975380158128 7.6152172501454513533152956753194e-11
4.7018156474074998160975380158128 7.6152172501454513533152956753194e-11
-5.0077796021987681964437026271841 3.9591777669477239272364458642546e-12
5.0077796021987681964437026271841 3.9591777669477239272364458642546e-12
-5.3183252246332708573236495151994 1.6283407307097203620843070812409e-13
5.3183252246332708573236495151994 1.6283407307097203620843070812409e-13
-5.6340521643499721472499204833072 5.2186237265908475229578085130526e-15
5.6340521643499721472499204833072 5.2186237265908475229578085130526e-15
-5.9556663267994860453445671809844 1.2800933913224380416395632952634e-16
5.9556663267994860453445671809844 1.2800933913224380416395632952634e-16
-6.2840112287748282354180931950702 2.3518847106758191169576759155584e-18
6.2840112287748282354180931950702 2.3518847106758191169576759155584e-18
-6.6201122626360273790366601089379 3.1522545665037814161213466834102e-20
6.6201122626360273790366601089379 3.1522545665037814161213466834102e-20
-6.9652411205511075292426421934927 2.982862784279851154478700702016e-22
6.9652411205511075292426421934927 2.982862784279851154478700702016e-22
-7.3210130327809492011895693637195 1.9117068833006428299584569655344e-24
7.3210130327809492011895693637195 1.9117068833006428299584569655344e-24
-7.6895401640404968284478042298695 7.8617977889259103690999914962788e-27
7.6895401640404968284478042298695 7.8617977889259103690999914962788e-27
-8.0736872850102252258587911407581 1.9291035954649668503019687790671e-29
8.0736872850102252258587911407581 1.9291035954649668503019687790671e-29
-8.4775290833798630905641663448219 2.549660899112999256604766580441e-32
8.4775290833798630905641663448219 2.549660899112999256604766580441e-32
-8.9072490999647697572959728856429 1.5573906246297638023093353802648e-35
8.9072490999647697572959728856429 1.5573906246297638023093353802648e-35
-9.3731595496467211625456524397239 3.4211380112557405043272218281457e-39
9.3731595496467211625456524397239 3.4211380112557405043272218281457e-39
-9.8952875868295390212044614771596 1.6797479901081592186662883306299e-43
9.8952875868295390212044614771596 1.6797479901081592186662883306299e-43
-10.526123167960545883326826283815 5.5357065358569428205754633009871e-49
10.526123167960545883326826283815 5.5357065358569428205754633009871e-49
