73
2
0 0.25911119749680760103669626237849
-0.25913092507112633394478707901325 0.24233883536068302817756280492987
0.25913092507112633394478707901325 0.24233883536068302817756280492987
-0.51838035636125176554097187228893 0.19823513131250992624838552309063
0.51838035636125176554097187228893 0.19823513131250992624838552309063
-0.77786750657853079283094923869714 0.14177503840549350822708585381657
0.77786750657853079283094923869714 0.14177503840549350822708585381657
-1.0377130137484732309140662029913 0.088595835021937345797321915173294
1.0377130137484732309140662029913 0.088595835021937345797321915173294
-1.2980396851534750268670769593226 0.048332960504809422147763060933682
1.2980396851534750268670769593226 0.048332960504809422147763060933682
-1.5589732800480509543921906901118 0.022993107110436982161608376968019
1.5589732800480509543921906901118 0.022993107110436982161608376968019
-1.8206433462185645518850567234548 0.0095249775695009540966567736540387
1.8206433462185645518850567234548 0.0095249775695009540966567736540387
-2.0831841274592904941156799792334 0.0034300764387647030450417314455593
2.0831841274592904941156799792334 0.0034300764387647030450417314455593
-2.3467355617654574606674823913295 0.0010716281610696831619411398305645
2.3467355617654574606674823913295 0.0010716281610696831619411398305645
-2.6114443936789565896437519541974 0.0002897792488859550593953413023628
2.6114443936789565896437519541974 0.0002897792488859550593953413023628
-2.8774654290158658451106516358296 0.000067639272623934807969856389433761
2.8774654290158658451106516358296 0.000067639272623934807969856389433761
-3.144962966508024110352805325835 0.000013586053874631182254396650701851
3.144962966508024110352805325835 0.000013586053874631182254396650701851
-3.4141124491940379827595778504276 2.3399997161498402609657574208495e-6
3.4141124491940379827595778504276 2.3399997161498402609657574208495e-6
-3.6851023893880593861670681731544 3.4420843484101173735003785896976e-7
3.6851023893880593861670681731544 3.4420843484101173735003785896976e-7
-3.9581366357170067249690061534069 4.3045713494096067129160440222593e-8
3.9581366357170067249690061534069 4.3045713494096067129160440222593e-8
-4.2334370704564911291868881960862 4.5529601729418131733650150972546e-9
4.2334370704564911291868881960862 4.5529601729418131733650150972546e-9
-4.5112468522638922940398094224376 4.049131639346547479123007413723e-10
4.5112468522638922940398094224376 4.049131639346547479123007413723e-10
-4.7918343564389148116305283092389 3.007684039362213614674629320501e-11
4.7918343564389148116305283092389 3.007684039362213614674629320501e-11
-5.0754980166052255134937619833688 1.8518064702871422036970620363732e-12
5.0754980166052255134937619833688 1.8518064702871422036970620363732e-12
-5.3625723452058254651167020339013 9.3683796134837454016920906644379e-14
5.3625723452058254651167020339013 9.3683796134837454016920906644379e-14
-5.6534355164057580943484978841979 3.8555242748433204609322080512261e-15
5.6534355164057580943484978841979 3.8555242748433204609322080512261e-15
-5.9485190514660777328708332235717 1.2758954586949441513258828561898e-16
5.9485190514660777328708332235717 1.2758954586949441513258828561898e-16
-6.2483203822637564655676437122804 3.3495959873429727020529993492431e-18
6.2483203822637564655676437122804 3.3495959873429727020529993492431e-18
-6.5534194322069043264432027892295 6.8663309606134375972978941061124e-20
6.5534194322069043264432027892295 6.8663309606134375972978941061124e-20
-6.8645009305993020426086289706906 1.0785433636173664897854726549129e-21
6.8645009305993020426086289706906 1.0785433636173664897854726549129e-21
-7.1823851209949320532442626729563 1.2691625603633010563276311609861e-23
7.1823851209949320532442626729563 1.2691625603633010563276311609861e-23
-7.5080711279939011476460163271604 1.0884570120961484528734293754565e-25
7.5080711279939011476460163271604 1.0884570120961484528734293754565e-25
-7.842800088728104612760806951586 6.5751748013019866219229751602542e-28
7.842800088728104612760806951586 6.5751748013019866219229751602542e-28
-8.1881504491623043007895521718182 2.6794918791964906258758885215932e-30
8.1881504491623043007895521718182 2.6794918791964906258758885215932e-30
-8.5461882990986894353704500124138 6.96407856322509368275623457004e-33
8.5461882990986894353704500124138 6.96407856322509368275623457004e-33
-8.9197179302027118654370364092786 1.0703814562172458446423297421556e-35
8.9197179302027118654370364092786 1.0703814562172458446423297421556e-35
-9.3127299623383141034012719239855 8.7482381269076780258102834109877e-39
9.3127299623383141034012719239855 8.7482381269076780258102834109877e-39
-9.7312821228925473181105807666343 3.2427888315123643193730867146949e-42
9.7312821228925473181105807666343 3.2427888315123643193730867146949e-42
-10.185477993538821102355995566843 4.2004740254235256454563333515452e-46
10.185477993538821102355995566843 4.2004740254235256454563333515452e-46
-10.694938789404631187871723412546 1.1590959320008613613061168047728e-50
10.694938789404631187871723412546 1.1590959320008613613061168047728e-50
-11.311080859133724690104564136124 1.9444622277751033166783305390017e-56
11.311080859133724690104564136124 1.9444622277751033166783305390017e-56
