27
2
0 0.42357728801505950128864719730829
-0.42380790054385304107199886480296 0.35451730409975402178045968193104
0.42380790054385304107199886480296 0.35451730409975402178045968193104
-0.84901134206010306228245529330998 0.20737048075100944114172259401085
0.84901134206010306228245529330998 0.20737048075100944114172259401085
-1.2770668173398579881793213377448 0.084173081084051953503583049122538
1.2770668173398579881793213377448 0.084173081084051953503583049122538
-1.7095607392603373502754007516972 0.023415933625341911855187132298058
1.7095607392603373502754007516972 0.023415933625341911855187132298058
-2.1482966453616273646831135622947 0.0043812798357925422653505491469677
2.1482966453616273646831135622947 0.0043812798357925422653505491469677
-2.595416338910818261197141210222 0.00053676961568811187978609019200471
2.595416338910818261197141210222 0.00053676961568811187978609019200471
-3.0535824198222552774822324390487 0.000041467580043841368674967591652907
3.0535824198222552774822324390487 0.000041467580043841368674967591652907
-3.5262753401343531783673469272006 1.9152809005952956654525718436505e-6
3.5262753401343531783673469272006 1.9152809005952956654525718436505e-6
-4.0183186704087389185325921765253 4.8954004096995493199723908862957e-8
4.0183186704087389185325921765253 4.8954004096995493199723908862957e-8
-4.5369066633724417512418323779232 6.1550315782317906584456485345865e-10
4.5369066633724417512418323779232 6.1550315782317906584456485345865e-10
-5.0939100031131838921457302821134 3.1341176136230377532390140458123e-12
5.0939100031131838921457302821134 3.1341176136230377532390140458123e-12
-5.7122555528165366544280389572774 4.4707724573931246285709088050646e-15
5.7122555528165366544280389572774 4.4707724573931246285709088050646e-15
-6.4519401407534719685981772295704 7.0957792970513468120287897093261e-19
6.4519401407534719685981772295704 7.0957792970513468120287897093261e-19
