83
2
0 0.24310155924759519387837925721447
-0.24311589961848630739284859576326 0.22918990372570289305094234098629
0.24311589961848630739284859576326 0.22918990372570289305094234098629
-0.4863179207234331919868650074221 0.19203597399663161735876288070073
0.4863179207234331919868650074221 0.19203597399663161735876288070073
-0.72969258225037825747646925103632 0.14296854105472997869027770484627
0.72969258225037825747646925103632 0.14296854105472997869027770484627
-0.973327203401403550341769736813 0.094533826153130887408765511166498
0.973327203401403550341769736813 0.094533826153130887408765511166498
-1.2173103173449661147247271885549 0.055483794234023749894925418983701
1.2173103173449661147247271885549 0.055483794234023749894925418983701
-1.4617321016098623294520376099275 0.028883095437764236953943847562035
1.4617321016098623294520376099275 0.028883095437764236953943847562035
-1.7066848314488340776312599361852 0.013323152028369384541996640112982
1.7066848314488340776312599361852 0.013323152028369384541996640112982
-1.952263363098776397306331348738 0.0054395127563656817424545930326685
1.952263363098776397306331348738 0.0054395127563656817424545930326685
-2.198565654735054809085337278622 0.0019629978285824818236573930239723
2.198565654735054809085337278622 0.0019629978285824818236573930239723
-2.4456933340503901852794977922309 0.00062518907824834052947729403799667
2.4456933340503901852794977922309 0.00062518907824834052947729403799667
-2.6937523228426583446906386250796 0.00017541290219541702187100438741482
2.6937523228426583446906386250796 0.00017541290219541702187100438741482
-2.9428535308492297241308158144165 0.000043270500380986354708904177033296
2.9428535308492297241308158144165 0.000043270500380986354708904177033296
-3.1931136334230794689645334423022 9.3629045679147719618761391909125e-6
3.1931136334230794689645334423022 9.3629045679147719618761391909125e-6
-3.4446559506485349257254631095389 1.7725651070157487306185784368453e-6
3.4446559506485349257254631095389 1.7725651070157487306185784368453e-6
-3.6976114493318365641422274795754 2.9276307349429649969074219319811e-7
3.6976114493318365641422274795754 2.9276307349429649969074219319811e-7
-3.9521198942311013757483899718246 4.2048817138133681586363791418899e-8
3.9521198942311013757483899718246 4.2048817138133681586363791418899e-8
-4.2083311812642943954775262252814 5.232999654980095476436527817112e-9
4.2083311812642943954775262252814 5.232999654980095476436527817112e-9
-4.4664068937399293143761529951831 5.6202961151004191879517529068798e-10
4.4664068937399293143761529951831 5.6202961151004191879517529068798e-10
-4.7265221335751296124909073313147 5.1859074150534952416074932638555e-11
4.7265221335751296124909073313147 5.1859074150534952416074932638555e-11
-4.9888676939643243330845689689891 4.0903372275217447355055351864226e-12
4.9888676939643243330845689689891 4.0903372275217447355055351864226e-12
-5.2536526594233779378007940909311 2.7422533133248746313856855553096e-13
5.2536526594233779378007940909311 2.7422533133248746313856855553096e-13
-5.5211075455728478817381418794132 1.5527783781178211994934458959815e-14
5.5211075455728478817381418794132 1.5527783781178211994934458959815e-14
-5.7914881274189226552490036968206 7.3730974398680152476001910311834e-16
5.7914881274189226552490036968206 7.3730974398680152476001910311834e-16
-6.0650801557222691493813849788782 2.9120616998176160436329563352353e-17
6.0650801557222691493813849788782 2.9120616998176160436329563352353e-17
-6.3422052331830958918156607045347 9.4786222458398720657424812392099e-19
6.3422052331830958918156607045347 9.4786222458398720657424812392099e-19
-6.6232282263685846747464263726181 2.5158646274621321397800554986656e-20
6.6232282263685846747464263726181 2.5158646274621321397800554986656e-20
-6.9085667427912707425846217086114 5.3793647773372964581834901274036e-22
6.9085667427912707425846217086114 5.3793647773372964581834901274036e-22
-7.1987034336195589313928689752767 9.1354157424215160761946906672302e-24
7.1987034336195589313928689752767 9.1354157424215160761946906672302e-24
-7.4942022390283799456405575247047 1.2119297214386212959636646636456e-25
7.4942022390283799456405575247047 1.2119297214386212959636646636456e-25
-7.7957302587642489461612806573103 1.2315531785339663858329278288316e-27
7.7957302587642489461612806573103 1.2315531785339663858329278288316e-27
-8.1040878565034828482107620656999 9.3634938532686010123680964142812e-30
8.1040878565034828482107620656999 9.3634938532686010123680964142812e-30
-8.420251178983211887826364822293 5.1761145427793234058381769936797e-32
8.420251178983211887826364822293 5.1761145427793234058381769936797e-32
-8.745434056643457197688279524073 2.008002562020012245420433998666e-34
8.745434056643457197688279524073 2.008002562020012245420433998666e-34
-9.0811814416185109098474544086913 5.2269922366850321168594221452475e-37
9.0811814416185109098474544086913 5.2269922366850321168594221452475e-37
-9.4295168046084119887194983556161 8.6131947009294090628430863080954e-40
9.4295168046084119887194983556161 8.6131947009294090628430863080954e-40
-9.7931877776907489368218014445016 8.3074192361134719097291799872259e-43
9.7931877776907489368218014445016 8.3074192361134719097291799872259e-43
-10.176105446857637090784703499162 4.2000954414179946570613481521554e-46
10.176105446857637090784703499162 4.2000954414179946570613481521554e-46
-10.584207668672129382607383355164 9.4366281490372090617649774340415e-50
10.584207668672129382607383355164 9.4366281490372090617649774340415e-50
-11.027398329668574578163568714847 7.1863132033977959617614683344958e-54
11.027398329668574578163568714847 7.1863132033977959617614683344958e-54
-11.524909137013977946017376339354 1.1086857074759795217028901189171e-58
11.524909137013977946017376339354 1.1086857074759795217028901189171e-58
-12.12712563237891208098825764104 9.3860543310649877820899141467271e-65
12.12712563237891208098825764104 9.3860543310649877820899141467271e-65
