88
2
-0.11806888962751630742195213950374 0.23287490818454672435739558301909
0.11806888962751630742195213950374 0.23287490818454672435739558301909
-0.35424387953214646605560830032159 0.20836017261496407422741300309853
0.35424387953214646605560830032159 0.20836017261496407422741300309853
-0.59053065405312271019848326559486 0.16677771361921795870745371914375
0.59053065405312271019848326559486 0.16677771361921795870745371914375
-0.8270042469914806222078678529665 0.11939077299329902277168461747541
0.8270042469914806222078678529665 0.11939077299329902277168461747541
-1.0637404646882310272318374365735 0.076406289996198721844071807088973
1.0637404646882310272318374365735 0.076406289996198721844071807088973
-1.3008162081103343491700777597761 0.043688380057289714039805108222785
1.3008162081103343491700777597761 0.043688380057289714039805108222785
-1.5383098083876735421037291233236 0.02230329851479686232954755266998
1.5383098083876735421037291233236 0.02230329851479686232954755266998
-1.7763013802059482983159617829393 0.010156852342094146114039164261
1.7763013802059482983159617829393 0.010156852342094146114039164261
-2.0148731979135002853713425171384 0.004121796569996650664333861937348
2.0148731979135002853713425171384 0.004121796569996650664333861937348
-2.2541100997915854887495009613202 0.001488772654095422685321579602576
2.2541100997915854887495009613202 0.001488772654095422685321579602576
-2.4940999266938633151630921651507 0.00047795191142819283886329298256338
2.4940999266938633151630921651507 0.00047795191142819283886329298256338
-2.7349340022167890120968509217011 0.0001361668444358736797486249752503
2.7349340022167890120968509217011 0.0001361668444358736797486249752503
-2.9767076627641722858041564154582 0.000034365246906918212656222465866241
2.9767076627641722858041564154582 0.000034365246906918212656222465866241
-3.2195208473769144082871813016808 7.6676762452478733959834822480761e-6
3.2195208473769144082871813016808 7.6676762452478733959834822480761e-6
-3.4634787590926442961170489946706 1.5091682442228309037529131156421e-6
3.4634787590926442961170489946706 1.5091682442228309037529131156421e-6
-3.7086926119853120153400089392689 2.6137484697367859370320366542662e-7
3.7086926119853120153400089392689 2.6137484697367859370320366542662e-7
-3.9552804810525913125237608174958 3.9723156884505845844989475585754e-8
3.9552804810525913125237608174958 3.9723156884505845844989475585754e-8
-4.2033682759582808584374341934141 5.2813629715600835356243114228879e-9
4.2033682759582808584374341934141 5.2813629715600835356243114228879e-9
-4.4530908645538640929225597357948 6.1219783545440030562285079867564e-10
4.4530908645538640929225597357948 6.1219783545440030562285079867564e-10
-4.7045933784481451899187936287742 6.1636566122784867952859804251746e-11
4.7045933784481451899187936287742 6.1636566122784867952859804251746e-11
-4.9580327411502476108153228812388 5.3673492268073224392637489924471e-12
4.9580327411502476108153228812388 5.3673492268073224392637489924471e-12
-5.2135794701554344624977735132915 4.0236781196418721339631957082913e-13
5.2135794701554344624977735132915 4.0236781196418721339631957082913e-13
-5.4714198187320085998538644472428 2.5832194339375618568200422156781e-14
5.4714198187320085998538644472428 2.5832194339375618568200422156781e-14
-5.73175834247319532570006387412 1.412014041414038417895995600529e-15
5.73175834247319532570006387412 1.412014041414038417895995600529e-15
-5.9948210018972577798788947736398 6.5284978547092976731725373961628e-17
5.9948210018972577798788947736398 6.5284978547092976731725373961628e-17
-6.2608589484644159391761473808923 2.5344499212676450737586931550068e-18
6.2608589484644159391761473808923 2.5344499212676450737586931550068e-18
-6.5301531917714215760286424593745 8.1927992139954440542595056417616e-20
6.5301531917714215760286424593745 8.1927992139954440542595056417616e-20
-6.8030204171920581353535642063756 2.1844800072999606716185938805634e-21
6.8030204171920581353535642063756 2.1844800072999606716185938805634e-21
-7.0798203265112657404608105950266 4.7526132981916875232323468038121e-23
7.0798203265112657404608105950266 4.7526132981916875232323468038121e-23
-7.3609650262218120197090271702325 8.3325690961980327253266398082124e-25
7.3609650262218120197090271702325 8.3325690961980327253266398082124e-25
-7.6469312171655426196660577119332 1.1604245678013916790625861231553e-26
7.6469312171655426196660577119332 1.1604245678013916790625861231553e-26
-7.9382762925370952313991913599934 1.2621393343519508301295847497161e-28
7.9382762925370952313991913599934 1.2621393343519508301295847497161e-28
-8.2356600117533347158308172483072 1.0509161650154120743101705791843e-30
8.2356600117533347158308172483072 1.0509161650154120743101705791843e-30
-8.5398743353481131816047417941078 6.5403217012579447848409173045814e-33
8.5398743353481131816047417941078 6.5403217012579447848409173045814e-33
-8.8518855642291054029590510171771 2.9549868117171304588506691615787e-35
8.8518855642291054029590510171771 2.9549868117171304588506691615787e-35
-9.1728956871075317170859576393276 9.3494545988120963007543588039797e-38
9.1728956871075317170859576393276 9.3494545988120963007543588039797e-38
-9.5044349817531573700911967439304 1.9792151722732816491010870222835e-40
9.5044349817531573700911967439304 1.9792151722732816491010870222835e-40
-9.8485080876029146706308117089673 2.6420736294829478615816723262254e-43
9.8485080876029146706308117089673 2.6420736294829478615816723262254e-43
-10.207837432241759366882658844375 2.0536646110581880853281545967074e-46
10.207837432241759366882658844375 2.0536646110581880853281545967074e-46
-10.586298540449154359955092758946 8.3086543388023261234662237094938e-50
10.586298540449154359955092758946 8.3086543388023261234662237094938e-50
-10.9897754778608212463542264849 1.479045824609565209990602192569e-53
10.9897754778608212463542264849 1.479045824609565209990602192569e-53
-11.428082314244875631976946339095 8.7937979910376253018094123339153e-58
11.428082314244875631976946339095 8.7937979910376253018094123339153e-58
-11.92027536930197340506589633417 1.0340740401652656029149764144691e-62
11.92027536930197340506589633417 1.0340740401652656029149764144691e-62
-12.516275975487387177206504370368 6.3559888804813491226533964079862e-69
12.516275975487387177206504370368 6.3559888804813491226533964079862e-69
