30
2
-0.20112857654887148554576301324369 0.38639488954181386255560184916512
0.20112857654887148554576301324369 0.38639488954181386255560184916512
-0.60392105862555230777815567875734 0.28013093083921266741349321129343
0.60392105862555230777815567875734 0.28013093083921266741349321129343
-1.0083382710467234618049896086964 0.14673584754089009975169364315184
1.0083382710467234618049896086964 0.14673584754089009975169364315184
-1.4155278001981885119407251055476 0.055144176870234251168075494818302
1.4155278001981885119407251055476 0.055144176870234251168075494818302
-1.8267411436036880388358804835061 0.014703829704826683515277355778702
1.8267411436036880388358804835061 0.014703829704826683515277355778702
-2.2433914677615040724729799948251 0.0027379224730676584629894256895266
2.2433914677615040724729799948251 0.0027379224730676584629894256895266
-2.6671321245356172005711064642209 0.00034831012431868552342099532318254
2.6671321245356172005711064642209 0.00034831012431868552342099532318254
-3.0999705295864417486887333223746 0.000029387252289229876415011842341187
3.0999705295864417486887333223746 0.000029387252289229876415011842341187
-3.5444438731553498869254009021684 1.5790948873247102883463879402189e-6
3.5444438731553498869254009021684 1.5790948873247102883463879402189e-6
-4.0039086038612288152278760133218 5.1085224507759462773896320440284e-8
4.0039086038612288152278760133218 5.1085224507759462773896320440284e-8
-4.4830553570925183418870376197091 9.1785804243785282085007574249242e-10
4.4830553570925183418870376197091 9.1785804243785282085007574249242e-10
-4.988918968589943944486497106331 8.1061862974630442039934479617307e-12
4.988918968589943944486497106331 8.1061862974630442039934479617307e-12
-5.5331471515674957251183335555804 2.8786070805487060621923979114157e-14
5.5331471515674957251183335555804 2.8786070805487060621923979114157e-14
-6.1382792201239346203949923785376 2.8103336027509037087627749153398e-17
6.1382792201239346203949923785376 2.8103336027509037087627749153398e-17
-6.863345293529891581061108357555 2.9082547001312262294110274736513e-21
6.863345293529891581061108357555 2.9082547001312262294110274736513e-21
