101
2
0 0.22049524037272038849991784141221
-0.22050404263430215454496712652017 0.21005593297000140957312094182768
0.22050404263430215454496712652017 0.21005593297000140957312094182768
-0.44106093175132594995924753968154 0.1816025879081797986997912422364
0.44106093175132594995924753968154 0.1816025879081797986997912422364
-0.66172367872096116634949334638189 0.14246231456883662767589394812555
0.66172367872096116634949334638189 0.14246231456883662767589394812555
-0.88254562619156481284897567946355 0.101383600901629721743279938916
0.88254562619156481284897567946355 0.101383600901629721743279938916
-1.1035806175170298778576130731536 0.065430893699439198495483111381328
1.1035806175170298778576130731536 0.065430893699439198495483111381328
-1.3248831708071216356200848309349 0.038279047715437677877958065496717
1.3248831708071216356200848309349 0.038279047715437677877958065496717
-1.5465086592745164438382780368813 0.020289684052787827169199468939527
1.5465086592745164438382780368813 0.020289684052787827169199468939527
-1.7685134996706827821891998501399 0.00973764383727109282139398406839
1.7685134996706827821891998501399 0.00973764383727109282139398406839
-1.9909553507579980145854078169325 0.0042284362004214503492506442980636
1.9909553507579980145854078169325 0.0042284362004214503492506442980636
-2.2138933239623526602242437333308 0.0016599244925103214299957508555606
2.2138933239623526602242437333308 0.0016599244925103214299957508555606
-2.4373882085955384788629952505525 0.00058852552673756559569694096407488
2.4373882085955384788629952505525 0.00058852552673756559569694096407488
-2.6615027143383925779575838615141 0.00018825409449540762094341679018719
2.6615027143383925779575838615141 0.00018825409449540762094341679018719
-2.8863017340447340207303816632761 0.000054263099453546518334977996610528
2.8863017340447340207303816632761 0.000054263099453546518334977996610528
-3.1118526303762441305637875145223 0.000014075589850899603835041682471581
3.1118526303762441305637875145223 0.000014075589850899603835041682471581
-3.3382255503269593514086684127574 3.2808733242412503850230127244986e-6
3.3382255503269593514086684127574 3.2808733242412503850230127244986e-6
-3.5654937723650516772277192610888 6.860664083329870808319396674874e-7
3.5654937723650516772277192610888 6.860664083329870808319396674874e-7
-3.7937340917372754639618508279174 1.2847504869574739299285638422897e-7
3.7937340917372754639618508279174 1.2847504869574739299285638422897e-7
-4.0230272504840592425292056586164 2.1502703382505608149268920557389e-8
4.0230272504840592425292056586164 2.1502703382505608149268920557389e-8
-4.2534584199474244408385803232391 3.2096074629923216974242533794399e-9
4.2534584199474244408385803232391 3.2096074629923216974242533794399e-9
-4.4851177450803659475513549611525 4.2625383198445448773757005345278e-10
4.4851177450803659475513549611525 4.2625383198445448773757005345278e-10
-4.7181009617643237220005300600954 5.0236198872007857448497926404933e-11
4.7181009617643237220005300600954 5.0236198872007857448497926404933e-11
-4.9525101007153633558767582688532 5.2391878407492628107047185328144e-12
4.9525101007153633558767582688532 5.2391878407492628107047185328144e-12
-5.1884542945483902468536276361037 4.8201156943039809910023116019708e-13
5.1884542945483902468536276361037 4.8201156943039809910023116019708e-13
-5.4260507083580037268999540633717 3.8986379094133134073662158983737e-14
5.4260507083580037268999540633717 3.8986379094133134073662158983737e-14
-5.6654256190158069810661879260505 2.7618433228960720714653809085353e-15
5.6654256190158069810661879260505 2.7618433228960720714653809085353e-15
-5.9067156746204958111630239316922 1.7065546359370524636386257367395e-16
5.9067156746204958111630239316922 1.7065546359370524636386257367395e-16
-6.1500693736430246775988634291538 9.155786743888627229086789803169e-18
6.1500693736430246775988634291538 9.155786743888627229086789803169e-18
-6.3956488139470402982859598927102 4.2436086794049214725011064699716e-19
6.3956488139470402982859598927102 4.2436086794049214725011064699716e-19
-6.6436317759717190155484107705682 1.6897039658922618817971817931978e-20
6.6436317759717190155484107705682 1.6897039658922618817971817931978e-20
-6.8942142232839033414249845147828 5.744070756147756519157691360232e-22
6.8942142232839033414249845147828 5.744070756147756519157691360232e-22
-7.1476133293942073428087317954653 1.6555633107937500641493770827222e-23
7.1476133293942073428087317954653 1.6555633107937500641493770827222e-23
-7.4040711750779735279085021760411 4.0142573977672713450171365160732e-25
7.4040711750779735279085021760411 4.0142573977672713450171365160732e-25
-7.6638593097942516343602456079503 8.1168066229506517194535217185982e-27
7.6638593097942516343602456079503 8.1168066229506517194535217185982e-27
-7.9272844408189840365500447572568 1.355080893345955427815475082461e-28
7.9272844408189840365500447572568 1.355080893345955427815475082461e-28
-8.1946956148339634261013394357197 1.8467949790116366072773760463719e-30
8.1946956148339634261013394357197 1.8467949790116366072773760463719e-30
-8.4664934056489916989181538581935 2.0280915379277295971559779910442e-32
8.4664934056489916989181538581935 2.0280915379277295971559779910442e-32
-8.7431418459354128361266748459332 1.767747793983081704717305180494e-34
8.7431418459354128361266748459332 1.767747793983081704717305180494e-34
-9.0251841867360039176479671492187 1.201597348133836392802964418229e-36
9.0251841867360039176479671492187 1.201597348133836392802964418229e-36
-9.3132641171485996804667576756634 6.2381218594742817439950382905337e-39
9.3132641171485996804667576756634 6.2381218594742817439950382905337e-39
-9.6081549747716184109997118764328 2.412532578522416540335547527916e-41
9.6081549747716184109997118764328 2.412532578522416540335547527916e-41
-9.9108010025237648224786109278039 6.7430272036893087736875405444647e-44
9.9108010025237648224786109278039 6.7430272036893087736875405444647e-44
-10.222377409009630376191922126886 1.3119398711365069542460166060709e-46
10.222377409009630376191922126886 1.3119398711365069542460166060709e-46
-10.544381021362536565811774638659 1.694547511630911212066215288375e-49
10.544381021362536565811774638659 1.694547511630911212066215288375e-49
-10.878773272902122464636644357194 1.3661743924144446960865433492472e-52
10.878773272902122464636644357194 1.3661743924144446960865433492472e-52
-11.228218466075560561175147532912 6.327857261625635047523292207913e-56
11.228218466075560561175147532912 6.327857261625635047523292207913e-56
-11.596509802200323578236127721261 1.4982961830545009968160620127832e-59
11.596509802200323578236127721261 1.4982961830545009968160620127832e-59
-11.989406490998284936033976171909 1.5224294774876654898504213842806e-63
11.989406490998284936033976171909 1.5224294774876654898504213842806e-63
-12.416513788721415674749928396785 4.9809124279564034017962837248283e-68
12.416513788721415674749928396785 4.9809124279564034017962837248283e-68
-12.896479974039562357448948133278 3.0371816846688963311633889813482e-73
12.896479974039562357448948133278 3.0371816846688963311633889813482e-73
-13.478146515232798660147160759579 8.5904310231097335464685813626415e-80
13.478146515232798660147160759579 8.5904310231097335464685813626415e-80
