39
2
0 0.35344263570679942834121359431673
-0.35353584699632932909545929269588 0.31216284886717012943571803780346
0.35353584699632932909545929269588 0.31216284886717012943571803780346
-0.70763327334857228423635084993417 0.2148960767774645985025760769686
0.70763327334857228423635084993417 0.2148960767774645985025760769686
-1.0628655672811787022087913108712 0.11503504579976959016619217780061
1.0628655672811787022087913108712 0.11503504579976959016619217780061
-1.4198301576857357027400891468206 0.047690071331635292866574612241909
1.4198301576857357027400891468206 0.047690071331635292866574612241909
-1.7791625828543134931478738313235 0.015221980837289409227362582427034
1.7791625828543134931478738313235 0.015221980837289409227362582427034
-2.1415530119868800424819901746751 0.003711230231714154151239685145119
2.1415530119868800424819901746751 0.003711230231714154151239685145119
-2.5077666938913194404196392812833 0.00068405759521855634388693919914557
2.5077666938913194404196392812833 0.00068405759521855634388693919914557
-2.8786703113749548192265928917143 0.00009407727946767255191262012700235
2.8786703113749548192265928917143 0.00009407727946767255191262012700235
-3.2552672359922294374629802589843 9.4942995361418671839954030623038e-6
3.2552672359922294374629802589843 9.4942995361418671839954030623038e-6
-3.63874642487453639552766814351 6.8844204093401176108516950154579e-7
3.63874642487453639552766814351 6.8844204093401176108516950154579e-7
-4.0305528146024680371865753998395 3.4915088439108284917682649389872e-8
4.0305528146024680371865753998395 3.4915088439108284917682649389872e-8
-4.4324928825930372491246224966225 1.1961664237667629795182941835667e-9
4.4324928825930372491246224966225 1.1961664237667629795182941835667e-9
-4.8469005687435258414151613831625 2.6440048769929913174458843839485e-11
4.8469005687435258414151613831625 2.6440048769929913174458843839485e-11
-5.2769133152304264787130173190473 3.5426508019791301687226255960515e-13
5.2769133152304264787130173190473 3.5426508019791301687226255960515e-13
-5.7269654517821051540352400306685 2.6340961107224422361772169871861e-15
5.7269654517821051540352400306685 2.6340961107224422361772169871861e-15
-6.2037579977281095497692814553568 9.5193204821161963583297772231741e-18
6.2037579977281095497692814553568 9.5193204821161963583297772231741e-18
-6.7184385064440925058634372928157 1.3457268201343407807425518796464e-20
6.7184385064440925058634372928157 1.3457268201343407807425518796464e-20
-7.2926336708657211684047422606247 4.9359073375904877092832237227026e-24
7.2926336708657211684047422606247 4.9359073375904877092832237227026e-24
-7.9830347727197813821857303925829 1.6737892457498354950304512601438e-28
7.9830347727197813821857303925829 1.6737892457498354950304512601438e-28
