35
2
0 0.37281997319072483559676258523322
-0.37294171704961686114534582504948 0.32472872157456945996783966778989
0.37294171704961686114534582504948 0.32472872157456945996783966778989
-0.74661763987986701711835459116024 0.21434719059607348076166320084103
0.74661763987986701711835459116024 0.21434719059607348076166320084103
-1.1217809907203026167832821355551 0.10687290695546251543515013268979
1.1217809907203026167832821355551 0.10687290695546251543515013268979
-1.4992244886117301684545276350108 0.040024775133100286876893228823282
1.4992244886117301684545276350108 0.040024775133100286876893228823282
-1.8798039887309170788838233882606 0.011166806590265729691008455300675
1.8798039887309170788838233882606 0.011166806590265729691008455300675
-2.2644675010425686494455192609003 0.0022950283295840942475761278853657
2.2644675010425686494455192609003 0.0022950283295840942475761278853657
-2.6542927811971720356511563197818 0.00034234009319960768151994512620053
2.6542927811971720356511563197818 0.00034234009319960768151994512620053
-3.0505384204304466908744973823435 0.000036352769174157573035514185114882
3.0505384204304466908744973823435 0.000036352769174157573035514185114882
-3.4547164957519908272587071847235 2.6798156546135319608881357224834e-6
3.4547164957519908272587071847235 2.6798156546135319608881357224834e-6
-3.8687007309691543826004617314558 1.326940517306672943235992526236e-7
3.8687007309691543826004617314558 1.326940517306672943235992526236e-7
-4.2948958144927632315076450409668 4.2239761300094090156564112080573e-9
4.2948958144927632315076450409668 4.2239761300094090156564112080573e-9
-4.7365184774132108004524740754768 8.1406956866777018488448028913383e-11
4.7365184774132108004524740754768 8.1406956866777018488448028913383e-11
-5.1980993461977526241605162410245 8.722526012536957059297804798605e-13
5.1980993461977526241605162410245 8.722526012536957059297804798605e-13
-5.6864689480904415916967881602322 4.5704441904182133255157562959963e-15
5.6864689480904415916967881602322 4.5704441904182133255157562959963e-15
-6.2129737476337168733016934662777 9.4898848794730046497455908863361e-18
6.2129737476337168733016934662777 9.4898848794730046497455908863361e-18
-6.7996094132841301572300879320319 5.2456527291745084911971866313525e-21
6.7996094132841301572300879320319 5.2456527291745084911971866313525e-21
-7.504021146448936080096844533699 2.8441134657253305313345636163059e-25
7.504021146448936080096844533699 2.8441134657253305313345636163059e-25
