116
2
-0.10290659451494532657626725825296 0.20364826010006543213861131988331
0.10290659451494532657626725825296 0.20364826010006543213861131988331
-0.30873849614504813449994573853704 0.1871380268041894315799484291086
0.30873849614504813449994573853704 0.1871380268041894315799484291086
-0.51462657984655005423336423296555 0.1580149175602552767839241264144
0.51462657984655005423336423296555 0.1580149175602552767839241264144
-0.72060844820888656147078730246927 0.12258446739609324247215148390423
0.72060844820888656147078730246927 0.12258446739609324247215148390423
-0.92672192670934410244720006882716 0.087356205785880732096801854496169
0.92672192670934410244720006882716 0.087356205785880732096801854496169
-1.1330051550337378683339823175242 0.057169633542064841798323943356042
1.1330051550337378683339823175242 0.057169633542064841798323943356042
-1.3394966805987922317181878141988 0.034349073289602585292409118682474
1.3394966805987922317181878141988 0.034349073289602585292409118682474
-1.5462355549578938845575971518008 0.018939956587000613506209811015591
1.5462355549578938845575971518008 0.018939956587000613506209811015591
-1.7532614338130410527615424986603 0.0095799818951133068314548892003862
1.7532614338130410527615424986603 0.0095799818951133068314548892003862
-1.9606146814080674454013563439545 0.0044427288798279263955721063054194
1.9606146814080674454013563439545 0.0044427288798279263955721063054194
-2.1683364801428592054277568851079 0.0018879100806443532100295111014213
2.1683364801428592054277568851079 0.0018879100806443532100295111014213
-2.3764689463269284911667323027248 0.00073463960542667627650230748137122
2.3764689463269284911667323027248 0.00073463960542667627650230748137122
-2.5850552530853811349417631804854 0.0002615839134140805963444106746725
2.5850552530853811349417631804854 0.0002615839134140805963444106746725
-2.794139761543521948604736608731 0.000085160665584720864710769360923898
2.794139761543521948604736608731 0.000085160665584720864710769360923898
-3.0037681615511667207912264393233 0.000025326195751014236138408818695478
3.0037681615511667207912264393233 0.000025326195751014236138408818695478
-3.213987623367975194049266172183 6.8734922472265641881562042283441e-6
3.213987623367975194049266172183 6.8734922472265641881562042283441e-6
-3.4248469619214643216704400516066 1.7005728326428296560918979818177e-6
3.4248469619214643216704400516066 1.7005728326428296560918979818177e-6
-3.6363968154755781980820770496216 3.8310233242483436006169815923159e-7
3.6363968154755781980820770496216 3.8310233242483436006169815923159e-7
-3.8486898408169180861043539081684 7.8484291703314533394697244524502e-8
3.8486898408169180861043539081684 7.8484291703314533394697244524502e-8
-4.0617809273868287663998807208122 1.4601515540917003242115061917108e-8
4.0617809273868287663998807208122 1.4601515540917003242115061917108e-8
-4.2757274331715267317075845764671 2.4632483182140737765296694768872e-9
4.2757274331715267317075845764671 2.4632483182140737765296694768872e-9
-4.490589445623142736701562214876 3.7618946881237941730678286705984e-10
4.490589445623142736701562214876 3.7618946881237941730678286705984e-10
-4.7064300714392885851796787157122 5.191914178142019201273882365546e-11
4.7064300714392885851796787157122 5.191914178142019201273882365546e-11
-4.9233157596994807523622980323348 6.4631097928536318955700571346773e-12
4.9233157596994807523622980323348 6.4631097928536318955700571346773e-12
-5.1413166636713484396533816239855 7.2418684802602995328163008641758e-13
5.1413166636713484396533816239855 7.2418684802602995328163008641758e-13
-5.3605070475936931571888981022516 7.2875563565483618530853041105554e-14
5.3605070475936931571888981022516 7.2875563565483618530853041105554e-14
-5.5809657459630811115748682671439 6.5702357143564752317402064877397e-15
5.5809657459630811115748682671439 6.5702357143564752317402064877397e-15
-5.8027766843552889649650613627046 5.2930247423722951712422871702817e-16
5.8027766843552889649650613627046 5.2930247423722951712422871702817e-16
-6.0260294726803699183785279611271 3.7993465086131093042362399904512e-17
6.0260294726803699183785279611271 3.7993465086131093042362399904512e-17
-6.2508200841027564047961258582891 2.422398831130708621110738412719e-18
6.2508200841027564047961258582891 2.422398831130708621110738412719e-18
-6.4772516357915968118382033382448 1.3672374402361870666548954125134e-19
6.4772516357915968118382033382448 1.3672374402361870666548954125134e-19
-6.7054352913834914966057933957353 6.8061278108012795621414290968935e-21
6.7054352913834914966057933957353 6.8061278108012795621414290968935e-21
-6.9354913097861045499262574887991 2.9761942889320597692550172005813e-22
6.9354913097861045499262574887991 2.9761942889320597692550172005813e-22
-7.1675502710630006379325329361342 1.1381700734483111510279221246197e-23
7.1675502710630006379325329361342 1.1381700734483111510279221246197e-23
-7.4017545180817314924976504324481 3.7881611827990246060447985662086e-25
7.4017545180817314924976504324481 3.7881611827990246060447985662086e-25
-7.638259863027192491502365190141 1.091443953410147702639608002403e-26
7.638259863027192491502365190141 1.091443953410147702639608002403e-26
-7.8772376216979524561050380941825 2.7061869712127576534872408578923e-28
7.8772376216979524561050380941825 2.7061869712127576534872408578923e-28
-8.1188770570299596413396223084805 5.7365178511704674566561524414858e-30
8.1188770570299596413396223084805 5.7365178511704674566561524414858e-30
-8.3633883384434800716028665774834 1.032046663632845570260348102993e-31
8.3633883384434800716028665774834 1.032046663632845570260348102993e-31
-8.6110061582143175765502193596222 1.5630006293499431738784566484671e-33
8.6110061582143175765502193596222 1.5630006293499431738784566484671e-33
-8.861994194384327193870327522287 1.9743896190133709630876215173003e-35
8.861994194384327193870327522287 1.9743896190133709630876215173003e-35
-9.1166506782713632195906966229138 2.0587364582129083042409440761766e-37
9.1166506782713632195906966229138 2.0587364582129083042409440761766e-37
-9.3753154236236277164662691502461 1.7511205172581971308079412372522e-39
9.3753154236236277164662691502461 1.7511205172581971308079412372522e-39
-9.638378820237937543393486929764 1.1986003025151862986254458474607e-41
9.638378820237937543393486929764 1.1986003025151862986254458474607e-41
-9.9062935142905034212444858551407 6.4989825715662557887648521213653e-44
9.9062935142905034212444858551407 6.4989825715662557887648521213653e-44
-10.179589836134597988968037399147 2.7406328866051027381512351923692e-46
10.179589836134597988968037399147 2.7406328866051027381512351923692e-46
-10.458896573213373190966773832339 8.7956536234027301397517296404557e-49
10.458896573213373190966773832339 8.7956536234027301397517296404557e-49
-10.744969564657922231371097041506 2.093260605344145761627426481779e-51
10.744969564657922231371097041506 2.093260605344145761627426481779e-51
-11.038732086359636149680643314337 3.5794857851611592200673560665726e-54
11.038732086359636149680643314337 3.5794857851611592200673560665726e-54
-11.341333638590700258911613969342 4.2297673811988024302931806157008e-57
11.341333638590700258911613969342 4.2297673811988024302931806157008e-57
-11.654238671159665393492374761099 3.2876134769273855400174109850732e-60
11.654238671159665393492374761099 3.2876134769273855400174109850732e-60
-11.979366518555958083450262548695 1.576366654855582308567067637647e-63
11.979366518555958083450262548695 1.576366654855582308567067637647e-63
-12.319324554388887308257328230112 4.2771691981817021244678569522266e-67
12.319324554388887308257328230112 4.2771691981817021244678569522266e-67
-12.677825043852228354032102056999 5.8152759548631408238867705716402e-71
12.677825043852228354032102056999 5.8152759548631408238867705716402e-71
-13.060504129456816822581421253956 3.3015035960764532466823670163e-75
13.060504129456816822581421253956 3.3015035960764532466823670163e-75
-13.476760943476540931641946168307 5.8004986924642917882821123715958e-80
13.476760943476540931641946168307 5.8004986924642917882821123715958e-80
-13.944840782089998328453467195368 1.7821550800542223403484652728569e-85
13.944840782089998328453467195368 1.7821550800542223403484652728569e-85
-14.512519066332473657765784484173 2.2365648981246191030630669437917e-92
14.512519066332473657765784484173 2.2365648981246191030630669437917e-92
