18
2
-0.25826775051909675925811609871058 0.483495694725455552876410522141
0.25826775051909675925811609871058 0.483495694725455552876410522141
-0.77668291926741166131665946228385 0.28480728566997957859560682071267
0.77668291926741166131665946228385 0.28480728566997957859560682071267
-1.3009208583896173656662655543926 0.09730174764131542933085372341554
1.3009208583896173656662655543926 0.09730174764131542933085372341554
-1.8355316042616288922538394440906 0.0186400423875446519219315221973
1.8355316042616288922538394440906 0.0186400423875446519219315221973
-2.3862990891666860002645930142399 0.0018885226302684178943817532542566
2.3862990891666860002645930142399 0.0018885226302684178943817532542566
-2.9613775055316068447786325490618 0.00009181126867929403529146754073713
2.9613775055316068447786325490618 0.00009181126867929403529146754073713
-3.5737690684862660795006759937719 1.8106544810934304095970238591068e-6
3.5737690684862660795006759937719 1.8106544810934304095970238591068e-6
-4.2481178735681264630234201609021 1.046720579579208244435596084351e-8
4.2481178735681264630234201609021 1.046720579579208244435596084351e-8
-5.0483640088744667683720375788537 7.82819977211589102925147471012e-12
5.0483640088744667683720375788537 7.82819977211589102925147471012e-12
