97
2
0 0.22497264372314603720517127513068
-0.22498237681566590871368860253474 0.21389634702935826531257351711875
0.22498237681566590871368860253474 0.21389634702935826531257351711875
-0.45002319163025311724223584289091 0.18382375801093333209212415014118
0.45002319163025311724223584289091 0.18382375801093333209212415014118
-0.67518108007869281983844891112126 0.14277636364566417395616821842594
0.67518108007869281983844891112126 0.14277636364566417395616821842594
-0.90051507502248327139936599288637 0.10019666687230209463459854278515
0.90051507502248327139936599288637 0.10019666687230209463459854278515
-1.1260848100881036123791345849402 0.06350849575708284150936935570441
1.1260848100881036123791345849402 0.06350849575708284150936935570441
-1.3519507292254075702353868211763 0.03633990496424997141654286596954
1.3519507292254075702353868211763 0.03633990496424997141654286596954
-1.5781743044796298468833975672811 0.018760838951499539946766717352461
1.5781743044796298468833975672811 0.018760838951499539946766717352461
-1.8048182643389761333042155903381 0.0087323289056328878167623192992638
1.8048182643389761333042155903381 0.0087323289056328878167623192992638
-2.0319468352407692560990574279655 0.0036614915226082968331602043802173
2.0319468352407692560990574279655 0.0036614915226082968331602043802173
-2.2596259991006340451007914140568 0.0013817279615374411334282932894451
2.2596259991006340451007914140568 0.0013817279615374411334282932894451
-2.4879237700815033259175833307744 0.00046876282593032442942546779377001
2.4879237700815033259175833307744 0.00046876282593032442942546779377001
-2.7169104942556110880176301539459 0.00014279713128781625750620862562979
2.7169104942556110880176301539459 0.00014279713128781625750620862562979
-2.9466591763501873219240253726586 0.000039005661581998629600288969100994
2.9466591763501873219240253726586 0.000039005661581998629600288969100994
-3.1772458384281860374781552223097 9.5392954689367886586119843512961e-6
3.1772458384281860374781552223097 9.5392954689367886586119843512961e-6
-3.4087499161671787174242057210196 2.0852201445349388514740398302035e-6
3.4087499161671787174242057210196 2.0852201445349388514740398302035e-6
-3.6412546993987249256800829604414 4.0665248009122614097552112616165e-7
3.6412546993987249256800829604414 4.0665248009122614097552112616165e-7
-3.8748478248038932963978440432876 7.0605103886976542133665227862079e-8
3.8748478248038932963978440432876 7.0605103886976542133665227862079e-8
-4.1096218301890064419836231241209 1.0889411432936173965363853210756e-8
4.1096218301890064419836231241209 1.0889411432936173965363853210756e-8
-4.3456747816687635885751804306088 1.4881403983681925243808406854221e-9
4.3456747816687635885751804306088 1.4881403983681925243808406854221e-9
-4.5831109874666335002571437849686 1.7970567599570985159850489771393e-10
4.5831109874666335002571437849686 1.7970567599570985159850489771393e-10
-4.8220418150442855895352242376672 1.9118156866346738776946723771964e-11
4.8220418150442855895352242376672 1.9118156866346738776946723771964e-11
-5.0625866320797569806500539249151 1.785881462691039554475335190784e-12
5.0625866320797569806500539249151 1.785881462691039554475335190784e-12
-5.3048738966808706062283392116693 1.4594559933116992228337993465735e-13
5.3048738966808706062283392116693 1.4594559933116992228337993465735e-13
-5.549042428491556973415856628053 1.0392178377829212369877340701685e-14
5.549042428491556973415856628053 1.0392178377829212369877340701685e-14
-5.7952429005012474330551000469008 6.4188994417848667817922814317114e-16
5.7952429005012474330551000469008 6.4188994417848667817922814317114e-16
-6.0436396020679180750804243759305 3.4222031640235326609794811571246e-17
6.0436396020679180750804243759305 3.4222031640235326609794811571246e-17
-6.2944125378566033225565505000404 1.5662392354042003970065890276947e-18
6.2944125378566033225565505000404 1.5662392354042003970065890276947e-18
-6.5477599464293749318777339691231 6.115923011277913957970995417864e-20
6.5477599464293749318777339691231 6.115923011277913957970995417864e-20
-6.8039013480672899503706332234116 2.0237140711644727291108941300107e-21
6.8039013480672899503706332234116 2.0237140711644727291108941300107e-21
-7.063081266968153883596411876621 5.6310279110779797065971951132105e-23
7.063081266968153883596411876621 5.6310279110779797065971951132105e-23
-7.3255738226210265242474782039384 1.3062311410367610323559054835121e-24
7.3255738226210265242474782039384 1.3062311410367610323559054835121e-24
-7.591688455615771361408402600146 2.5014139383686813709780252142416e-26
7.591688455615771361408402600146 2.5014139383686813709780252142416e-26
-7.8617771549009935923907001580934 3.9104187247799468776587928951319e-28
7.8617771549009935923907001580934 3.9104187247799468776587928951319e-28
-8.1362437033700728215331254286509 4.9266058774066482141029646798227e-30
8.1362437033700728215331254286509 4.9266058774066482141029646798227e-30
-8.4155556842608690927156620581587 4.9282126606184919364087777516369e-32
8.4155556842608690927156620581587 4.9282126606184919364087777516369e-32
-8.7002603389157798346000633636667 3.8466556677502941750314974317227e-34
8.7002603389157798346000633636667 3.8466556677502941750314974317227e-34
-8.9910059185401374575494217270679 2.2950262940501469238322095359894e-36
8.9910059185401374575494217270679 2.2950262940501469238322095359894e-36
-9.2885710764670693533248926706209 1.0211695752712585073424756185863e-38
9.2885710764670693533248926706209 1.0211695752712585073424756185863e-38
-9.5939063821323533571255562318233 3.2885519707581376523864754556767e-41
9.5939063821323533571255562318233 3.2885519707581376523864754556767e-41
-9.9081947567061555836856441637337 7.3860282667905205325590308951918e-44
9.9081947567061555836856441637337 7.3860282667905205325590308951918e-44
-10.232942694191875776248534113502 1.1039698088171741741333441666837e-46
10.232942694191875776248534113502 1.1039698088171741741333441666837e-46
-10.570124148913190214863914006078 1.0331986095466505591762610825883e-49
10.570124148913190214863914006078 1.0331986095466505591762610825883e-49
-10.922420304556776549590112245951 5.5781996438680176131052286357711e-53
10.922420304556776549590112245951 5.5781996438680176131052286357711e-53
-11.293648310231409234549857424418 1.5480113585024231046443711854776e-56
11.293648310231409234549857424418 1.5480113585024231046443711854776e-56
-11.689603736290560106352990234776 1.8575257861978890391341548441377e-60
11.689603736290560106352990234776 1.8575257861978890391341548441377e-60
-12.119952689615966599164742927714 7.2563879227688447320838357215593e-65
12.119952689615966599164742927714 7.2563879227688447320838357215593e-65
-12.603462387096408783121915616069 5.378214798705800063636317953707e-70
12.603462387096408783121915616069 5.378214798705800063636317953707e-70
-13.189289029708118034069240695588 1.9163113197140879959381896931252e-76
13.189289029708118034069240695588 1.9163113197140879959381896931252e-76
