70
2
-0.13228598727031572348848632478516 0.25999310620316053998008356672241
0.13228598727031572348848632478516 0.25999310620316053998008356672241
-0.39692367564298846192758808380043 0.2261284438373451623760866511047
0.39692367564298846192758808380043 0.2261284438373451623760866511047
-0.66175893081256661652121143054489 0.17101015293603896558660085439788
0.66175893081256661652121143054489 0.17101015293603896558660085439788
-0.92692488970661670341712540239393 0.11238816501981974357318150860033
0.92692488970661670341712540239393 0.11238816501981974357318150860033
-1.1925568563654070516973390273256 0.064133640985369155865389531135333
1.1925568563654070516973390273256 0.064133640985369155865389531135333
-1.4587932269483979820387366238831 0.031741278190050657434401161809149
1.4587932269483979820387366238831 0.031741278190050657434401161809149
-1.7257764756009522048466537377615 0.013605327560618563669759805932717
1.7257764756009522048466537377615 0.013605327560618563669759805932717
-1.9936542226231452119142664474358 0.0050416367476379268564947236236042
1.9936542226231452119142664474358 0.0050416367476379268564947236236042
-2.2625804097899469220053738601954 0.0016117353953558426628376852542398
2.2625804097899469220053738601954 0.0016117353953558426628376852542398
-2.5327166122907286799181386375266 0.00044339999663332567368213565238339
2.5327166122907286799181386375266 0.00044339999663332567368213565238339
-2.8042335229302872639528015523122 0.00010466994285006768348050648412799
2.8042335229302872639528015523122 0.00010466994285006768348050648412799
-3.0773126524497557634319374750529 0.000021131233267306150295066727232939
3.0773126524497557634319374750529 0.000021131233267306150295066727232939
-3.3521483007723557387696468676551 3.6344904047182468030989901709512e-6
3.3521483007723557387696468676551 3.6344904047182468030989901709512e-6
-3.628949868637254388173216713071 5.3024856335051748306817463963571e-7
3.628949868637254388173216713071 5.3024856335051748306817463963571e-7
-3.9079445988680896186534511714827 6.529293418948385294094128206277e-8
3.9079445988680896186534511714827 6.529293418948385294094128206277e-8
-4.1893808634925742744366081461594 6.7473312881324331616360035245065e-9
4.1893808634925742744366081461594 6.7473312881324331616360035245065e-9
-4.4735321501381858441001465012675 5.8137344484280978233674271446449e-10
4.4735321501381858441001465012675 5.8137344484280978233674271446449e-10
-4.7607019531713526736999072788481 4.1457910332486127136902718175104e-11
4.7607019531713526736999072788481 4.1457910332486127136902718175104e-11
-5.0512298489716006968447319604918 2.4259623022354760150032397405861e-12
5.0512298489716006968447319604918 2.4259623022354760150032397405861e-12
-5.3454991415732514889326906053948 1.1534952560183470561502763772848e-13
5.3454991415732514889326906053948 1.1534952560183470561502763772848e-13
-5.6439466223452390982997644481534 4.4061175397949748258768718043287e-15
5.6439466223452390982997644481534 4.4061175397949748258768718043287e-15
-5.9470752244713703884776294494049 1.334243468124772914184705078212e-16
5.9470752244713703884776294494049 1.334243468124772914184705078212e-16
-6.2554707188783165365008140584654 3.1533210598723838842720747997274e-18
6.2554707188783165365008140584654 3.1533210598723838842720747997274e-18
-6.5698241787566668709305822326243 5.7095124323046018133122206865249e-20
6.5698241787566668709305822326243 5.7095124323046018133122206865249e-20
-6.8909628903904032571089620448657 7.7454736745174613804791243000417e-22
6.8909628903904032571089620448657 7.7454736745174613804791243000417e-22
-7.2198940023018821206011370987112 7.6615923972612996961877205920684e-24
7.2198940023018821206011370987112 7.6615923972612996961877205920684e-24
-7.5578680649896142545525091095077 5.3430216209626101012874564241272e-26
7.5578680649896142545525091095077 5.3430216209626101012874564241272e-26
-7.9064749419687787784519972856113 2.5172693785018495529677982246692e-28
7.9064749419687787784519972856113 2.5172693785018495529677982246692e-28
-8.2677951152318073979325839732127 7.5798318604310158390042417451921e-31
8.2677951152318073979325839732127 7.5798318604310158390042417451921e-31
-8.6446518655005506918497847261751 1.3538428107776697266691508032786e-33
8.6446518655005506918497847261751 1.3538428107776697266691508032786e-33
-9.0410623133341150235350235261063 1.291378802533744125169606195639e-36
9.0410623133341150235350235261063 1.291378802533744125169606195639e-36
-9.463123960846206910458019622155 5.6216222243960074655289090000284e-40
9.463123960846206910458019622155 5.6216222243960074655289090000284e-40
-9.9210064725726351343580998054215 8.6328113687064326518983777768203e-44
9.9210064725726351343580998054215 8.6328113687064326518983777768203e-44
-10.434459776321238878901229209791 2.8688168912333384373388268365218e-48
10.434459776321238878901229209791 2.8688168912333384373388268365218e-48
-11.055240743138121348911994985662 5.9856092466933689669638923294439e-54
11.055240743138121348911994985662 5.9856092466933689669638923294439e-54
