63
2
0 0.27876694884925165436552750591126
-0.27879538567115223986687628627202 0.25799889943138332612723393346016
0.27879538567115223986687628627202 0.25799889943138332612723393346016
-0.55776166427908221668763665253822 0.20448695346897398822591165610342
0.55776166427908221668763665253822 0.20448695346897398822591165610342
-0.83707109558947615977737795461293 0.13871950817658463507223909635053
0.83707109558947615977737795461293 0.13871950817658463507223909635053
-1.116898705099646269051097027784 0.080467087994200832385087386019547
1.116898705099646269051097027784 0.080467087994200832385087386019547
-1.3974237486049625107570752063702 0.039858264027817032864990868857806
1.3974237486049625107570752063702 0.039858264027817032864990868857806
-1.6788312791720137520802800622638 0.016829299199652104455909870155454
1.6788312791720137520802800622638 0.016829299199652104455909870155454
-1.9613138583081485293922008411321 0.006043604455137571132092471515326
1.9613138583081485293922008411321 0.006043604455137571132092471515326
-2.245073460481206629899591817933 0.0018409222622442103760124297916975
2.245073460481206629899591817933 0.0018409222622442103760124297916975
-2.5303236304712010926855221718499 0.00047411702610320675439597519921621
2.5303236304712010926855221718499 0.00047411702610320675439597519921621
-2.8172919672837977750747135657355 0.00010284880800685642554306221364197
2.8172919672837977750747135657355 0.00010284880800685642554306221364197
-3.1062230279282566329138616746036 0.000018709113003788721602783275540473
3.1062230279282566329138616746036 0.000018709113003788721602783275540473
-3.3973817713303911852755941806287 2.8393114498469288471230116556707e-6
3.3973817713303911852755941806287 2.8393114498469288471230116556707e-6
-3.6910577000963465117322810559754 3.5734732949990877746150503255764e-7
3.6910577000963465117322810559754 3.5734732949990877746150503255764e-7
-3.9875699104197157485227052068068 3.7041625984896980988335656099456e-8
3.9875699104197157485227052068068 3.7041625984896980988335656099456e-8
-4.2872733352824404031727616199454 3.1371929535383078644943562929061e-9
4.2872733352824404031727616199454 3.1371929535383078644943562929061e-9
-4.5905665744435190229271294569091 2.1508698297874961767906986287897e-10
4.5905665744435190229271294569091 2.1508698297874961767906986287897e-10
-4.8979018644975742350745099214868 1.1808921844569692381799513223659e-11
4.8979018644975742350745099214868 1.1808921844569692381799513223659e-11
-5.2097979830408354861575136416263 5.1265062385197846998384009332995e-13
5.2097979830408354861575136416263 5.1265062385197846998384009332995e-13
-5.526857252640303142504757512284 1.7335817955789104438306422674948e-14
5.526857252640303142504757512284 1.7335817955789104438306422674948e-14
-5.8497884000810673462526582961482 4.485705868931581840694440979776e-16
5.8497884000810673462526582961482 4.485705868931581840694440979776e-16
-6.1794379922705969862418461787263 8.6925536958458525222561925642756e-18
6.1794379922705969862418461787263 8.6925536958458525222561925642756e-18
-6.5168348106821160605273395854042 1.2288435628835303699024037103883e-19
6.5168348106821160605273395854042 1.2288435628835303699024037103883e-19
-6.8632544331795368527353285876066 1.2266629909143455772162252977487e-21
6.8632544331795368527353285876066 1.2266629909143455772162252977487e-21
-7.2203167078889678461161324222529 8.2963863116209976615752706531652e-24
7.2203167078889678461161324222529 8.2963863116209976615752706531652e-24
-7.5901395198641066762479783194468 3.6027426635285163820234065852225e-26
7.5901395198641066762479783194468 3.6027426635285163820234065852225e-26
-7.9755950801420373181541806298501 9.3437837175658239645024686219546e-29
7.9755950801420373181541806298501 9.3437837175658239645024686219546e-29
-8.3807683451863219343010651043788 1.3071305930820624390476987787916e-31
8.3807683451863219343010651043788 1.3071305930820624390476987787916e-31
-8.811858143728454644252662827557 8.4687478191903566328104288525101e-35
8.811858143728454644252662827557 8.4687478191903566328104288525101e-35
-9.2792019543050391319404745506496 1.9796804708319919790026099881325e-38
9.2792019543050391319404745506496 1.9796804708319919790026099881325e-38
-9.8028759912974963635223935286507 1.0400778615224667221255959990764e-42
9.8028759912974963635223935286507 1.0400778615224667221255959990764e-42
-10.435499877854168053468115427285 3.7099206434903005582337615782289e-48
10.435499877854168053468115427285 3.7099206434903005582337615782289e-48
