106
2
-0.10762957335551563187168297330619 0.21278380261127027483009493642952
0.10762957335551563187168297330619 0.21278380261127027483009493642952
-0.32291214052800010947258354912765 0.19398990851223815973021117857694
0.32291214052800010947258354912765 0.19398990851223815973021117857694
-0.53826503540107026770772795212024 0.1612224145249791290569615216034
0.53826503540107026770772795212024 0.1612224145249791290569615216034
-0.75373536471122922874384481802275 0.12212582857840718518839331890649
0.75373536471122922874384481802275 0.12212582857840718518839331890649
-0.96937056952866863778527601729013 0.084298566514349077398090344350083
0.96937056952866863778527601729013 0.084298566514349077398090344350083
-1.1852185628827800870352827656072 0.053005665528953889366198781938508
1.1852185628827800870352827656072 0.053005665528953889366198781938508
-1.4013278713576325899250989335217 0.030348423943327257309522737631726
1.4013278713576325899250989335217 0.030348423943327257309522737631726
-1.6177477819054704037930759960379 0.015814177885623507779623664660087
1.6177477819054704037930759960379 0.015814177885623507779623664660087
-1.8345284952160184776867613170372 0.0074954912038532858890374155879521
1.8345284952160184776867613170372 0.0074954912038532858890374155879521
-2.0517212870941763529183773158526 0.0032292611575356732402757729966505
2.0517212870941763529183773158526 0.0032292611575356732402757729966505
-2.269378679441948254219303608085 0.0012636334832367262398289392531818
2.269378679441948254219303608085 0.0012636334832367262398289392531818
-2.48755462261656862752155300406 0.00044872081587299966416471594374424
2.48755462261656862752155300406 0.00044872081587299966416471594374424
-2.7063046911512728631210965800711 0.00014445933891050288444419436605029
2.7063046911512728631210965800711 0.00014445933891050288444419436605029
-2.925686295084997781630576637175 0.000042117165655971133624063643917804
2.925686295084997781630576637175 0.000042117165655971133624063643917804
-3.1457589094612219070896426207811 0.000011106993480718384966027275984506
3.1457589094612219070896426207811 0.000011106993480718384966027275984506
-3.366584324935155739738442934057 2.6459673129316979024302633045826e-6
3.366584324935155739738442934057 2.6459673129316979024302633045826e-6
-3.5882269228863878678722540027147 5.6858218763614012982811339934456e-7
3.5882269228863878678722540027147 5.6858218763614012982811339934456e-7
-3.8107539789883286473787793601799 1.1003547442210807239507274011457e-7
3.8107539789883286473787793601799 1.1003547442210807239507274011457e-7
-4.0342359998584797797669960258511 1.9144674266312130913836452834142e-8
4.0342359998584797797669960258511 1.9144674266312130913836452834142e-8
-4.2587470982328572562836128237741 2.9889202437814090757583915058848e-9
4.2587470982328572562836128237741 2.9889202437814090757583915058848e-9
-4.484365413109876298872963026017 4.1786070059665579044008029825689e-10
4.484365413109876298872963026017 4.1786070059665579044008029825689e-10
-4.7111735825401523185705647204791 5.2193608370012599357356132027534e-11
4.7111735825401523185705647204791 5.2193608370012599357356132027534e-11
-4.9392592782592838427361712313633 5.8103188163962383182679195789253e-12
4.9392592782592838427361712313633 5.8103188163962383182679195789253e-12
-5.168715813249558534418162968506 5.7492300646009140143207471175828e-13
5.168715813249558534418162968506 5.7492300646009140143207471175828e-13
-5.3996428356774232643273226616864 5.0416061378516398847959609019433e-14
5.3996428356774232643273226616864 5.0416061378516398847959609019433e-14
-5.6321471256242529307165053510812 3.9055385475699732578310547786986e-15
5.6321471256242529307165053510812 3.9055385475699732578310547786986e-15
-5.8663435147929862896016897871495 2.6632797443869011340052740529338e-16
5.8663435147929862896016897871495 2.6632797443869011340052740529338e-16
-6.1023559541821207008335500785526 1.5925756694175365585893603034549e-17
6.1023559541821207008335500785526 1.5925756694175365585893603034549e-17
-6.3403187609122507415800066088153 8.3155142767474830467337384953127e-19
6.3403187609122507415800066088153 8.3155142767474830467337384953127e-19
-6.580378083439501893629459970847 3.773601220543564261138160389952e-20
6.580378083439501893629459970847 3.773601220543564261138160389952e-20
-6.8226936349524274146603138340826 1.4806823585568692098067431560159e-21
6.8226936349524274146603138340826 1.4806823585568692098067431560159e-21
-7.0674407587544212918837390992826 4.994908863625740674557552426361e-23
7.0674407587544212918837390992826 4.994908863625740674557552426361e-23
-7.3148129082162548849440511841803 1.439454970059617792935838235204e-24
7.3148129082162548849440511841803 1.439454970059617792935838235204e-24
-7.5650246493836417951942212005198 3.5188457649982854340597056559142e-26
7.5650246493836417951942212005198 3.5188457649982854340597056559142e-26
-7.8183153294116647108781018791377 7.2392001895974690437227576855432e-28
7.8183153294116647108781018791377 7.2392001895974690437227576855432e-28
-8.07495360298663020516930527067 1.2422004027168302721313569130371e-29
8.07495360298663020516930527067 1.2422004027168302721313569130371e-29
-8.335243078401227107976947284322 1.7599996574525257613538975089728e-31
8.335243078401227107976947284322 1.7599996574525257613538975089728e-31
-8.5995294453241534383717948350034 2.035397710981865056766687209138e-33
8.5995294453241534383717948350034 2.035397710981865056766687209138e-33
-8.8682095941331818192405625633752 1.896083405970469830352412108233e-35
8.8682095941331818192405625633752 1.896083405970469830352412108233e-35
-9.141743459208559155396227531626 1.4011614007496729643853477640103e-37
9.141743459208559155396227531626 1.4011614007496729643853477640103e-37
-9.4206696618824573070503119350006 8.0681149793678059067464883926365e-40
9.4206696618824573070503119350006 8.0681149793678059067464883926365e-40
-9.7056265732561928262086799778867 3.5442966005155807917851725603813e-42
9.7056265732561928262086799778867 3.5442966005155807917851725603813e-42
-9.9973813085297902851587508945613 1.1581833176995231143306378010074e-44
9.9973813085297902851587508945613 1.1581833176995231143306378010074e-44
-10.296870678005965769858216296322 2.7300300393619218411118648720947e-47
10.296870678005965769858216296322 2.7300300393619218411118648720947e-47
-10.605260801047601244637216163632 4.4687726007936056936224662521572e-50
10.605260801047601244637216163632 4.4687726007936056936224662521572e-50
-10.924037082840368965849239677188 4.8412365544964750219541867349659e-53
10.924037082840368965849239677188 4.8412365544964750219541867349659e-53
-11.255146131451046786403274743557 3.2608376921091983232907598320293e-56
11.255146131451046786403274743557 3.2608376921091983232907598320293e-56
-11.601232228934140134395494872908 1.2554100822780804397033831563403e-59
11.601232228934140134395494872908 1.2554100822780804397033831563403e-59
-11.966060141686793531685146321287 2.4541249535873780376718571022147e-63
11.966060141686793531685146321287 2.4541249535873780376718571022147e-63
-12.355345871125123193620676800723 2.0397343220143779374416634485242e-67
12.355345871125123193620676800723 2.0397343220143779374416634485242e-67
-12.778622330019754115176956456899 5.3853541853572470148641354245366e-72
12.778622330019754115176956456899 5.3853541853572470148641354245366e-72
-13.254396373973803018395324313912 2.5929395481293018595238030515638e-77
13.254396373973803018395324313912 2.5929395481293018595238030515638e-77
-13.831135289582965880275161826242 5.5441992722066050027024097564565e-84
13.831135289582965880275161826242 5.5441992722066050027024097564565e-84
