93
2
0 0.2297343652381195404305910128911
-0.22974517302503579775309633569212 0.21795355826999813375950064344037
0.22974517302503579775309633569212 0.21795355826999813375950064344037
-0.45955524040186736104116145763757 0.18610251044108339274663213005746
0.45955524040186736104116145763757 0.18610251044108339274663213005746
-0.68949533518145142701737915830734 0.1429925541406927864704524770133
0.68949533518145142701737915830734 0.1429925541406927864704524770133
-0.91963107038107429659996738662721 0.09883666813877995854608055850563
0.91963107038107429659996738662721 0.09883666813877995854608055850563
-1.1500287854429532950742619929628 0.06143047864665425259786577500622
1.1500287854429532950742619929628 0.06143047864665425259786577500622
-1.3807558006205385912975083521163 0.034314242859408522755020700619099
1.3807558006205385912975083521163 0.034314242859408522755020700619099
-1.6118806822031735983815953951652 0.017214629493700277352738068784919
1.6118806822031735983815953951652 0.017214629493700277352738068784919
-1.8434735217321804659326704095263 0.0077500451541012680016159512290634
1.8434735217321804659326704095263 0.0077500451541012680016159512290634
-2.0756062326810418481539788755351 0.0031281305245610358588198106999244
2.0756062326810418481539788755351 0.0031281305245610358588198106999244
-2.3083528684815698071123191250962 0.001130753240424606619457686062194
2.3083528684815698071123191250962 0.001130753240424606619457686062194
-2.5417899662931848006920019740864 0.00036560795714255012898904175805454
2.5417899662931848006920019740864 0.00036560795714255012898904175805454
-2.7759969215550593082907087690399 0.00010558960284417508415480713325981
2.7759969215550593082907087690399 0.00010558960284417508415480713325981
-3.0110563991586607066377205108795 0.000027195889773576562941064747590092
3.0110563991586607066377205108795 0.000027195889773576562941064747590092
-3.2470547880671275198414291186101 6.2359369667152789065092676507291e-6
3.2470547880671275198414291186101 6.2359369667152789065092676507291e-6
-3.4840827074346536052476329926725 1.270489642959729031790694611271e-6
3.4840827074346536052476329926725 1.270489642959729031790694611271e-6
-3.7222355738045622923566217311864 2.2949550926387006191160345267985e-7
3.7222355738045622923566217311864 2.2949550926387006191160345267985e-7
-3.9616142408689084581820264699933 3.6666857282366241653354300523185e-8
3.9616142408689084581820264699933 3.6666857282366241653354300523185e-8
-4.2023257256606745136082113876571 5.1680095336388343791977703301427e-9
4.2023257256606745136082113876571 5.1680095336388343791977703301427e-9
-4.4444840380621062113069159725923 6.4070330827294068802921811849721e-10
4.4444840380621062113069159725923 6.4070330827294068802921811849721e-10
-4.6882111343374206915451687471265 6.96428290495189080754338021475e-11
4.6882111343374206915451687471265 6.96428290495189080754338021475e-11
-4.9336380202893318134171185771982 6.6135809154493514191708833528932e-12
4.9336380202893318134171185771982 6.6135809154493514191708833528932e-12
-5.1809060359441154862970955387486 5.4654903154799048017443347636573e-13
5.1809060359441154862970955387486 5.4654903154799048017443347636573e-13
-5.4301683618693142058827624473513 3.913464729406431861178173597343e-14
5.4301683618693142058827624473513 3.913464729406431861178173597343e-14
-5.6815917979923948750127564686937 2.4162049041525678991419819866109e-15
5.6815917979923948750127564686937 2.4162049041525678991419819866109e-15
-5.9353588800666914040727232124083 1.2794126341281873107627489971364e-16
5.9353588800666914040727232124083 1.2794126341281873107627489971364e-16
-6.1916704180836004628014670223424 5.7754643743238310356460776641388e-18
6.1916704180836004628014670223424 5.7754643743238310356460776641388e-18
-6.4507485669373852961548350595944 2.2077343775413932997443659893593e-19
6.4507485669373852961548350595944 2.2077343775413932997443659893593e-19
-6.7128405754384830471024806803172 7.0927393378882503011455054252345e-21
6.7128405754384830471024806803172 7.0927393378882503011455054252345e-21
-6.9782234097463293339704821506323 1.8988470634740698796745033431994e-22
6.9782234097463293339704821506323 1.8988470634740698796745033431994e-22
-7.2472095182038047454572899651264 4.1954427268621348147862558266149e-24
7.2472095182038047454572899651264 4.1954427268621348147862558266149e-24
-7.5201541069686455194217126506549 7.5663389636386101258615479093333e-26
7.5201541069686455194217126506549 7.5663389636386101258615479093333e-26
-7.79746444667664724347335692022 1.0997785424357778500927035881102e-27
7.79746444667664724347335692022 1.0997785424357778500927035881102e-27
-8.0796119574473502887049104402489 1.2695564683625950659424829152845e-29
8.0796119574473502887049104402489 1.2695564683625950659424829152845e-29
-8.3671481698791865296698948261986 1.1440858552314626337743763674956e-31
8.3671481698791865296698948261986 1.1440858552314626337743763674956e-31
-8.6607262153924776474419824736036 7.8867039514681260670118394830745e-34
8.6607262153924776474419824736036 7.8867039514681260670118394830745e-34
-8.9611304090936655515167050611768 4.0587293642248558011696064202161e-36
8.9611304090936655515167050611768 4.0587293642248558011696064202161e-36
-9.2693180331543126081519052734191 1.5138792655233868361611922315991e-38
9.2693180331543126081519052734191 1.5138792655233868361611922315991e-38
-9.58648016543346097841094194388 3.9454427601609068291604677893917e-41
9.58648016543346097841094194388 3.9454427601609068291604677893917e-41
-9.9141334955519446998885942179758 6.8594377885386178388856645898624e-44
9.9141334955519446998885942179758 6.8594377885386178388856645898624e-44
-10.254265154452550171095803513859 7.4907905142626672713533944499496e-47
10.254265154452550171095803513859 7.4907905142626672713533944499496e-47
-10.609574060288382787598359263126 4.7385536981365895880788962574534e-50
10.609574060288382787598359263126 4.7385536981365895880788962574534e-50
-10.983902488179488680156980737082 1.5493136809731814751547201368554e-53
10.983902488179488680156980737082 1.5493136809731814751547201368554e-53
-11.383084124753705755306763077439 2.2072219195734113471050825133856e-57
11.383084124753705755306763077439 2.2072219195734113471050825133856e-57
-11.816848833075054694990255943177 1.0352869434490246804474727073564e-61
11.816848833075054694990255943177 1.0352869434490246804474727073564e-61
-12.304088423692579937682228789956 9.3824834253839111569609919597425e-67
12.304088423692579937682228789956 9.3824834253839111569609919597425e-67
-12.894288828491324426992093322591 4.2402214200325186891846183085834e-73
12.894288828491324426992093322591 4.2402214200325186891846183085834e-73
