67
2
0 0.27038153661061744845923953730635
-0.27040594535031911636253212382275 0.25138497704677026353806593863931
0.27040594535031911636253212382275 0.25138497704677026353806593863931
-0.54095854971511490061182129939778 0.2020030481512129532781924039015
0.54095854971511490061182129939778 0.2020030481512129532781924039015
-0.81180550955890364356825136551482 0.14022557730554339621210319670106
0.81180550955890364356825136551482 0.14022557730554339621210319670106
-1.0830966177633831296024487532059 0.084023710374037826012362077944113
1.0830966177633831296024487532059 0.084023710374037826012362077944113
-1.3549848665269234558762157100657 0.043410259562275389812410763051213
1.3549848665269234558762157100657 0.043410259562275389812410763051213
-1.6276276184711236641456376195868 0.019308982903048842008975980217989
1.6276276184711236641456376195868 0.019308982903048842008975980217989
-1.901187873183064586719625591297 0.0073808332831545502936772563260193
1.901187873183064586719625591297 0.0073808332831545502936772563260193
-2.1758356606878358047449029195072 0.0024191591440605819171083900454426
2.1758356606878358047449029195072 0.0024191591440605819171083900454426
-2.4517495992505411743656873312391 0.00067809290318947328796925287590877
2.4517495992505411743656873312391 0.00067809290318947328796925287590877
-2.7291186629246001574064647087406 0.00016204473635815339074850338252358
2.7291186629246001574064647087406 0.00016204473635815339074850338252358
-3.0081442150749433553879708419869 0.000032895750894750626781123419618985
3.0081442150749433553879708419869 0.000032895750894750626781123419618985
-3.2890423786892447590516249772008 5.6493811974978927656486359293255e-6
3.2890423786892447590516249772008 5.6493811974978927656486359293255e-6
-3.5720468340630475012683981638744 8.1685444112022554689316167530925e-7
3.5720468340630475012683981638744 8.1685444112022554689316167530925e-7
-3.8574121614750751951591753180356 9.8898818048931850250404073167122e-8
3.8574121614750751951591753180356 9.8898818048931850250404073167122e-8
-4.1454178838251632997273113228321 9.9634336551576453681545834618669e-9
4.1454178838251632997273113228321 9.9634336551576453681545834618669e-9
-4.4363734165111919383564898088872 8.292036442941060310088904455524e-10
4.4363734165111919383564898088872 8.292036442941060310088904455524e-10
-4.7306242061652039546478801815252 5.6537332414960629356230155170131e-11
4.7306242061652039546478801815252 5.6537332414960629356230155170131e-11
-5.0285594473595789011137911268838 3.1279303248480309351075148014612e-12
5.0285594473595789011137911268838 3.1279303248480309351075148014612e-12
-5.3306219248283470660145920740909 1.3886060911907832598660385094578e-13
5.3306219248283470660145920740909 1.3886060911907832598660385094578e-13
-5.6373207673775578810548642379737 4.8824398317753916911527639334311e-15
5.6373207673775578810548642379737 4.8824398317753916911527639334311e-15
-5.9492482679521009309474516799535 1.3389362360428613028254277688056e-16
5.9492482679521009309474516799535 1.3389362360428613028254277688056e-16
-6.2671025086846094480768163746637 2.8120140377688499010432151667371e-18
6.2671025086846094480768163746637 2.8120140377688499010432151667371e-18
-6.5917184866891135900618213849471 4.424580520164182954617253823777e-20
6.5917184866891135900618213849471 4.424580520164182954617253823777e-20
-6.9241120615277027966766227138091 5.0779932729853012990582991631999e-22
6.9241120615277027966766227138091 5.0779932729853012990582991631999e-22
-7.2655439249082009263784449881337 4.11195079728245592979497221007e-24
7.2655439249082009263784449881337 4.11195079728245592979497221007e-24
-7.6176161578278200638711742562562 2.2524636987884759297747977627399e-26
7.6176161578278200638711742562562 2.2524636987884759297747977627399e-26
-7.9824245547615579574500111301192 7.902056103272261076293394881629e-29
7.9824245547615579574500111301192 7.902056103272261076293394881629e-29
-8.3628125057261163875558943697961 1.6492772853150414708864262060141e-31
8.3628125057261163875558943697961 1.6492772853150414708864262060141e-31
-8.7628250943199566498080703188224 1.8462398438516993591374997226661e-34
8.7628250943199566498080703188224 1.8462398438516993591374997226661e-34
-9.1886016826884831590926009020439 9.4914073654788999813621931455895e-38
9.1886016826884831590926009020439 9.4914073654788999813621931455895e-38
-9.650381363444636613194494075247 1.7378601313821366519293823935553e-41
9.650381363444636613194494075247 1.7378601313821366519293823935553e-41
-10.168049165614174934164016904607 6.996977610447027481156406601173e-46
10.168049165614174934164016904607 6.996977610447027481156406601173e-46
-10.793719285461286436971952721246 1.8280449137605851973391406611883e-51
10.793719285461286436971952721246 1.8280449137605851973391406611883e-51
