47
2
0 0.32231167941131512940069524974947
-0.32237044915615063827817181327383 0.29065687385124461741059332228175
0.32237044915615063827817181327383 0.29065687385124461741059332228175
-0.64509452302768842774413544566092 0.21305846026514428200603700603566
0.64509452302768842774413544566092 0.21305846026514428200603700603566
-0.96853092273781494172208862018539 0.1267767001550021734983923014873
0.96853092273781494172208862018539 0.1267767001550021734983923014873
-1.2930487170109525733844699738874 0.061094386221801767468144609095972
1.2930487170109525733844699738874 0.061094386221801767468144609095972
-1.6190330813590509095893898328174 0.023765555762406135721617836480101
1.6190330813590509095893898328174 0.023765555762406135721617836480101
-1.9468917579991861921717153218574 0.0074296915378901547901454673587852
1.9468917579991861921717153218574 0.0074296915378901547901454673587852
-2.2770625758595002812173962593318 0.0018562527788732466020886334519575
2.2770625758595002812173962593318 0.0018562527788732466020886334519575
-2.6100224744061523503685750500841 0.00036806169587486190715887939356833
2.6100224744061523503685750500841 0.00036806169587486190715887939356833
-2.9462986351921708514846517755592 0.000057425938238321355904199520533381
2.9462986351921708514846517755592 0.000057425938238321355904199520533381
-3.2864825713246674198319052280913 6.9771079617906000324875010854045e-6
3.2864825713246674198319052280913 6.9771079617906000324875010854045e-6
-3.6312484092926163468244070496078 6.5181055230401657207060644035511e-7
3.6312484092926163468244070496078 6.5181055230401657207060644035511e-7
-3.9813772107064694942261710956807 4.6104364856635058251006700872257e-8
3.9813772107064694942261710956807 4.6104364856635058251006700872257e-8
-4.3377901884924205243142473110955 2.4228134937243751279076048376451e-9
4.3377901884924205243142473110955 2.4228134937243751279076048376451e-9
-4.7015953849679356367678369483072 9.2402978883643256716609774335878e-11
4.7015953849679356367678369483072 9.2402978883643256716609774335878e-11
-5.0741554169850658975949928943388 2.4836135431247573354084430935493e-12
5.0741554169850658975949928943388 2.4836135431247573354084430935493e-12
-5.4571895556816515021718144513677 4.5312676467478954422892130696479e-14
5.4571895556816515021718144513677 4.5312676467478954422892130696479e-14
-5.8529346161254215675372259237868 5.342842396148631741818355933335e-16
5.8529346161254215675372259237868 5.342842396148631741818355933335e-16
-6.2644130149704744102075171013069 3.8101463479229590129607628143061e-18
6.2644130149704744102075171013069 3.8101463479229590129607628143061e-18
-6.6959122110632516980808842255092 1.4966299166256623403914834547215e-20
6.6959122110632516980808842255092 1.4966299166256623403914834547215e-20
-7.1539272947757167825050552996244 2.8149547423920012325124772086715e-23
7.1539272947757167825050552996244 2.8149547423920012325124772086715e-23
-7.649279536628988265110057939651 2.0158558166546974006566195777111e-26
7.649279536628988265110057939651 2.0158558166546974006566195777111e-26
-8.2029780727977945600376455586963 3.5619817807817483957594458232124e-30
8.2029780727977945600376455586963 3.5619817807817483957594458232124e-30
-8.8701010540232540538637135627112 5.2074550906399474375349203822214e-35
8.8701010540232540538637135627112 5.2074550906399474375349203822214e-35
