94
2
-0.11425913587653955703774591948882 0.22555951425452652287993978550867
0.11425913587653955703774591948882 0.22555951425452652287993978550867
-0.34280898846921668213122970347283 0.20324204888941667227758203062229
0.34280898846921668213122970347283 0.20324204888941667227758203062229
-0.57145369719413511708921555145359 0.16499413655200348972810643645901
0.57145369719413511708921555145359 0.16499413655200348972810643645901
-0.80025687937913990343299380003222 0.12064961060726004426726725235893
0.80025687937913990343299380003222 0.12064961060726004426726725235893
-1.0292827264188050235345231774594 0.079439215172105398245245426092985
1.0292827264188050235345231774594 0.079439215172105398245245426092985
-1.2585962419071160729101175510884 0.047075288211797141182363792921444
1.2585962419071160729101175510884 0.047075288211797141182363792921444
-1.4882634884931584135068997871248 0.025092532015162046050008364052549
1.4882634884931584135068997871248 0.025092532015162046050008364052549
-1.7183518462708217501039070364771 0.012022070950665325510871144225527
1.7183518462708217501039070364771 0.012022070950665325510871144225527
-1.9489302857683152935537772727524 0.005172859200829861150776557266509
1.9489302857683152935537772727524 0.005172859200829861150776557266509
-2.1800696589332402433965143845871 0.0019969762869401301078119394924112
2.1800696589332402433965143845871 0.0019969762869401301078119394924112
-2.4118430119268002538225457569868 0.00069090534092963819923086818007733
2.4118430119268002538225457569868 0.00069090534092963819923086818007733
-2.6443259240630742881323581922848 0.00021395132199714641401287144056182
2.6443259240630742881323581922848 0.00021395132199714641401287144056182
-2.8775968778776947333412929204541 0.000059216205461426212917624056010806
2.8775968778776947333412929204541 0.000059216205461426212917624056010806
-3.1117376661126467255779100642759 0.000014625147457368244054936212308021
3.1117376661126467255779100642759 0.000014625147457368244054936212308021
-3.3468338423962912075882659535823 3.2175123782368655443263220788022e-6
3.3468338423962912075882659535823 3.2175123782368655443263220788022e-6
-3.582975223626881954498997679276 6.2927723529831531627309091975646e-7
3.582975223626881954498997679276 6.2927723529831531627309091975646e-7
-3.8202564535947250047608940463912 1.0917307724251030925434326104246e-7
3.8202564535947250047608940463912 1.0917307724251030925434326104246e-7
-4.0587776392825552350715261341112 1.6760660123885223775585656032143e-8
4.0587776392825552350715261341112 1.6760660123885223775585656032143e-8
-4.2986450736710038534491861454882 2.2709635043178130590850171563412e-9
4.2986450736710038534491861454882 2.2709635043178130590850171563412e-9
-4.5399720618862156577377531243914 2.7076622359247431161817745457306e-10
4.5399720618862156577377531243914 2.7076622359247431161817745457306e-10
-4.7828798713474468834948411408354 2.8316127909785095506724617275003e-11
4.7828798713474468834948411408354 2.8316127909785095506724617275003e-11
-5.0274988314577830711835058390338 2.5880423909347305887384293857183e-12
5.0274988314577830711835058390338 2.5880423909347305887384293857183e-12
-5.2739696146779717975900600762498 2.0591425994119119083411681122685e-13
5.2739696146779717975900600762498 2.0591425994119119083411681122685e-13
-5.5224447390110499297279021661524 1.419954809596509393807479280699e-14
5.5224447390110499297279021661524 1.419954809596509393807479280699e-14
-5.7730903426736301083103371322154 8.445465399310897200481245359265e-16
5.7730903426736301083103371322154 8.445465399310897200481245359265e-16
-6.0260882959858305869445901573064 4.3090894092529263044174307828672e-17
6.0260882959858305869445901573064 4.3090894092529263044174307828672e-17
-6.2816387346344915694842668553242 1.8747446593628867276106943316331e-18
6.2816387346344915694842668553242 1.8747446593628867276106943316331e-18
-6.5399631244304134342823711607634 6.9081875027574158615211773754041e-20
6.5399631244304134342823711607634 6.9081875027574158615211773754041e-20
-6.8013080034124767179244546801193 2.1397391826730635591785267144453e-21
6.8013080034124767179244546801193 2.1397391826730635591785267144453e-21
-7.065949597045831402442596547803 5.52355474185409622929482311242e-23
7.065949597045831402442596547803 5.52355474185409622929482311242e-23
-7.3341995730571179308109157144369 1.1768586219954585021063370884598e-24
7.3341995730571179308109157144369 1.1768586219954585021063370884598e-24
-7.6064123046955788015070199971832 2.0467667970915471800672660788883e-26
7.6064123046955788015070199971832 2.0467667970915471800672660788883e-26
-7.8829941618009408972642501161036 2.8689474946571139629399162476994e-28
7.8829941618009408972642501161036 2.8689474946571139629399162476994e-28
-8.1644155757609355931328010179152 3.1936039953280975427007078534233e-30
8.1644155757609355931328010179152 3.1936039953280975427007078534233e-30
-8.4512269741988869648043010473206 2.7749265480534541586118594167369e-32
8.4512269741988869648043010473206 2.7749265480534541586118594167369e-32
-8.7440802360223139541691117538001 1.8440635697521720018574807468333e-34
8.7440802360223139541691117538001 1.8440635697521720018574807468333e-34
-9.0437582257661132747159249087498 9.1463558192667055530586787147197e-37
9.0437582257661132747159249087498 9.1463558192667055530586787147197e-37
-9.3512165084081829598661611222093 3.286828103995803295434945226418e-39
9.3512165084081829598661611222093 3.286828103995803295434945226418e-39
-9.6676440779928678032041313428259 8.249169834950538273702610883102e-42
9.6676440779928678032041313428259 8.249169834950538273702610883102e-42
-9.9945550223243260909046393738323 1.380291946286332142166672591738e-44
9.9945550223243260909046393738323 1.380291946286332142166672591738e-44
-10.33393311284192826813686248141 1.4495623366344756807823537524418e-47
10.33393311284192826813686248141 1.4495623366344756807823537524418e-47
-10.688472749322156606770534265525 8.8091139694465604446534104053521e-51
10.688472749322156606770534265525 8.8091139694465604446534104053521e-51
-11.062009808653285471807414423279 2.7631164912568190415596652792347e-54
11.062009808653285471807414423279 2.7631164912568190415596652792347e-54
-11.460368274811241442278342818424 3.7691324369200377410115087214038e-58
11.460368274811241442278342818424 3.7691324369200377410115087214038e-58
-11.893261784933094676804817664112 1.6879603995599528943489684170781e-62
11.893261784933094676804817664112 1.6879603995599528943489684170781e-62
-12.379550443198965432422544630581 1.4538901947050342490860593176186e-67
12.379550443198965432422544630581 1.4538901947050342490860593176186e-67
-12.968636269474321977181356591123 6.1873167292598600316643363153802e-74
12.968636269474321977181356591123 6.1873167292598600316643363153802e-74
