15
2
0 0.56410030872641753285262579733996
-0.56506958325557574852602033719819 0.41202868749889862702589107956781
0.56506958325557574852602033719819 0.41202868749889862702589107956781
-1.1361155852109206663191349055561 0.15848891579593574688383938495999
1.1361155852109206663191349055561 0.15848891579593574688383938495999
-1.7199925751864889324158315251526 0.03078003387254608222868141587578
1.7199925751864889324158315251526 0.03078003387254608222868141587578
-2.3257324861738577454540447944853 0.0027780688429127758960788704922921
2.3257324861738577454540447944853 0.0027780688429127758960788704922921
-2.9671669279056032484889603635498 0.00010000444123249986812729673617698
2.9671669279056032484889603635498 0.00010000444123249986812729673617698
-3.6699503734044525347292238331157 1.0591155477110666357752079105502e-6
3.6699503734044525347292238331157 1.0591155477110666357752079105502e-6
-4.4999907073093915536643805305348 1.5224758042535170201606266696483e-9
4.4999907073093915536643805305348 1.5224758042535170201606266696483e-9
