16
2
-0.27348104613815245215828040196502 0.50792947901661374191351734179052
0.27348104613815245215828040196502 0.50792947901661374191351734179052
-0.82295144914465589258245449673394 0.28064745852853367536946333537965
0.82295144914465589258245449673394 0.28064745852853367536946333537965
-1.3802585391988807963720896696946 0.083810041398985829415420734900116
1.3802585391988807963720896696946 0.083810041398985829415420734900116
-1.9517879909162539774346554149599 0.012880311535509973683464299931172
1.9517879909162539774346554149599 0.012880311535509973683464299931172
-2.5462021578474813621593287054459 0.0009322840086241805299142773055369
2.5462021578474813621593287054459 0.0009322840086241805299142773055369
-3.1769991619799560268139945592637 0.00002711860092537881512018914322436
3.1769991619799560268139945592637 0.00002711860092537881512018914322436
-3.8694479048601226987194240980148 2.3209808448652106533874942318486e-7
3.8694479048601226987194240980148 2.3209808448652106533874942318486e-7
-4.6887389393058183646884986487456 2.6548074740111822447092636605021e-10
4.6887389393058183646884986487456 2.6548074740111822447092636605021e-10
