115
2
0 0.20670065276640285522213804325302
-0.20670702506645106736441468824111 0.19807313269914881450497145317981
0.20670702506645106736441468824111 0.19807313269914881450497145317981
-0.4134523023308356280258448648198 0.17428622967828761362762346625906
0.4134523023308356280258448648198 0.17428622967828761362762346625906
-0.62027417611781137643642298834207 0.14080345768904712631919398637856
0.62027417611781137643642298834207 0.14080345768904712631919398637856
-0.82721117565385288478774091980916 0.1044257771674546538450439189436
0.82721117565385288478774091980916 0.1044257771674546538450439189436
-1.0343021091482229781840021814928 0.071080397415348807019099578785342
1.0343021091482229781840021814928 0.071080397415348807019099578785342
-1.2415861598558325019472433681872 0.044393059115154281252799534993538
1.2415861598558325019472433681872 0.044393059115154281252799534993538
-1.4491029848262950178626112074299 0.025430213894352363917150715117557
1.4491029848262950178626112074299 0.025430213894352363917150715117557
-1.6568928170822562954466762864341 0.013355861419689089118868586486143
1.6568928170822562954466762864341 0.013355861419689089118868586486143
-1.8649965720202715301991204699491 0.0064278810024544026842193015585603
1.8649965720202715301991204699491 0.0064278810024544026842193015585603
-2.0734559588903582399701378183416 0.0028333080652480608129933616036423
2.0734559588903582399701378183416 0.0028333080652480608129933616036423
-2.2823135982874577506311536457957 0.0011430722829481222680708251126054
2.2823135982874577506311536457957 0.0011430722829481222680708251126054
-2.491613146681388128312484974094 0.00042179171252798877359524521962932
2.491613146681388128312484974094 0.00042179171252798877359524521962932
-2.7013994291239475895729483526339 0.00014224028492262275202896215556002
2.7013994291239475895729483526339 0.00014224028492262275202896215556002
-2.9117185814056987412717737308662 0.000043799266325778836546451607959776
2.9117185814056987412717737308662 0.000043799266325778836546451607959776
-3.1226182030944168327498817453519 0.000012303027527173662688916875766439
3.1226182030944168327498817453519 0.000012303027527173662688916875766439
-3.3341475230768893021960438237108 3.1491925110163658380775604759122e-6
3.3341475230768893021960438237108 3.1491925110163658380775604759122e-6
-3.5463575794514750265400556444569 7.3371456445730775597029413847871e-7
3.5463575794514750265400556444569 7.3371456445730775597029413847871e-7
-3.7593014158877048495344969518823 1.5539942997674850827969882034096e-7
3.7593014158877048495344969518823 1.5539942997674850827969882034096e-7
-3.9730342968900870527573712799092 2.9879393170121436527000013069867e-8
3.9730342968900870527573712799092 2.9879393170121436527000013069867e-8
-4.1876139447872084806119810046964 5.2077334277668688986292948146011e-9
4.1876139447872084806119810046964 5.2077334277668688986292948146011e-9
-4.4031008017280053844905629006717 8.214479734363457319796892867433e-10
4.4031008017280053844905629006717 8.214479734363457319796892867433e-10
-4.6195583205220862730849543281648 1.1705945482958269313526311094085e-10
4.6195583205220862730849543281648 1.1705945482958269313526311094085e-10
-4.837053288832179913635257230713 1.5041987406688421483843245267856e-11
4.837053288832179913635257230713 1.5041987406688421483843245267856e-11
-5.0556561920420735028564035083289 1.7393402348430439483223404841773e-12
5.0556561920420735028564035083289 1.7393402348430439483223404841773e-12
-5.2754416211185135461128094033113 1.8058345392733502800981177147017e-13
5.2754416211185135461128094033113 1.8058345392733502800981177147017e-13
-5.496488733006451930468324015472 1.6793350772843938203390399446457e-14
5.496488733006451930468324015472 1.6793350772843938203390399446457e-14
-5.718881772603357663384712782298 1.3951643164647058237669395281425e-15
5.718881772603357663384712782298 1.3951643164647058237669395281425e-15
-5.9427106672279626481348414819974 1.0325389659471177021454104545209e-16
5.9427106672279626481348414819974 1.0325389659471177021454104545209e-16
-6.1680717068342965918869923797644 6.7863601469507892216955989966299e-18
6.1680717068342965918869923797644 6.7863601469507892216955989966299e-18
-6.3950683261592987042308535351408 3.9477817506225396273273544021529e-19
6.3950683261592987042308535351408 3.9477817506225396273273544021529e-19
-6.6238120087139672612316168267244 2.0251548550899479627259025017178e-20
6.6238120087139672612316168267244 2.0251548550899479627259025017178e-20
-6.8544233372804052256787795089528 9.1244425221917795443339276450769e-22
6.8544233372804052256787795089528 9.1244425221917795443339276450769e-22
-7.0870332216969064607319934183294 3.5948795028461015767442079386075e-23
7.0870332216969064607319934183294 3.5948795028461015767442079386075e-23
-7.3217843426652627243814117780515 1.2325099622415078055148438041183e-24
7.3217843426652627243814117780515 1.2325099622415078055148438041183e-24
-7.5588328607481423239709474908805 3.6577061009128364730242776672652e-26
7.5588328607481423239709474908805 3.6577061009128364730242776672652e-26
-7.7983504535582931804649535599123 9.3406997569353532009966438952614e-28
7.7983504535582931804649535599123 9.3406997569353532009966438952614e-28
-8.0405267626925537177893610610398 2.0392097722330064771509464707989e-29
8.0405267626925537177893610610398 2.0392097722330064771509464707989e-29
-8.2855723571485271004388652239585 3.7782612371775062293111898968363e-31
8.2855723571485271004388652239585 3.7782612371775062293111898968363e-31
-8.5337223546130907574083352126697 5.8928891499708890052583864313075e-33
8.5337223546130907574083352126697 5.8928891499708890052583864313075e-33
-8.7852408903904538382236067933399 7.6663204905840405959662766298982e-35
8.7852408903904538382236067933399 7.6663204905840405959662766298982e-35
-9.0404266923744707872696042046769 8.2330481300631045157422570683619e-37
9.0404266923744707872696042046769 8.2330481300631045157422570683619e-37
-9.2996201195877478478109570515819 7.2130038186700708490282239940295e-39
9.2996201195877478478109570515819 7.2130038186700708490282239940295e-39
-9.5632121677810003290083081930896 5.0858613958958541456401384480849e-41
9.5632121677810003290083081930896 5.0858613958958541456401384480849e-41
-9.8316561653115199370903764392246 2.8411408701158466242617341861588e-43
9.8316561653115199370903764392246 2.8411408701158466242617341861588e-43
-10.105483221483671904191226489665 1.234647255507542796171870482019e-45
10.105483221483671904191226489665 1.234647255507542796171870482019e-45
-10.385323027156920944471416699873 4.0842818848409332555934537569292e-48
10.385323027156920944471416699873 4.0842818848409332555934537569292e-48
-10.67193248754468888287054505339 1.0022253044363847294068887849622e-50
10.67193248754468888287054505339 1.0022253044363847294068887849622e-50
-10.96623616138210109350430736796 1.7677871947095609157772117763325e-53
10.96623616138210109350430736796 1.7677871947095609157772117763325e-53
-11.269385127541278088956890021196 2.1557967924444388760820305553691e-56
11.269385127541278088956890021196 2.1557967924444388760820305553691e-56
-11.582845829838530403498108502272 1.7303021840395984923699326389853e-59
11.582845829838530403498108502272 1.7303021840395984923699326389853e-59
-11.908540201639027457024638737994 8.5740429722936514174833210768413e-63
11.908540201639027457024638737994 8.5740429722936514174833210768413e-63
-12.249079137323781903232350043314 2.4065988574277406342812390471759e-66
12.249079137323781903232350043314 2.4065988574277406342812390471759e-66
-12.608179914177892506623590244504 3.3892412733092960956015314931347e-70
12.608179914177892506623590244504 3.3892412733092960956015314931347e-70
-12.991486302387374729043993765021 1.996638145225232326493686687026e-74
12.991486302387374729043993765021 1.996638145225232326493686687026e-74
-13.408410215509625674361694970842 3.6493992259069853825294443876774e-79
13.408410215509625674361694970842 3.6493992259069853825294443876774e-79
-13.877221939887597493907215080074 1.1712554562856965438775897580458e-84
13.877221939887597493907215080074 1.1712554562856965438775897580458e-84
-14.445762988361195856127046442178 1.5480449634244072237278430693307e-91
14.445762988361195856127046442178 1.5480449634244072237278430693307e-91
