127
2
0 0.19673340688884514099532367710216
-0.19673838392423251964272239737078 0.18927849580179336488970484103507
0.19673838392423251964272239737078 0.18927849580179336488970484103507
-0.39350664185130136568037826200185 0.16856236074260387098733059283352
0.39350664185130136568037826200185 0.16856236074260387098733059283352
-0.59033470680942102142230439346102 0.13893945309094779409336084826543
0.59033470680942102142230439346102 0.13893945309094779409336084826543
-0.78725263021825034151596831878971 0.10598520508123912472195529191952
0.78725263021825034151596831878971 0.10598520508123912472195529191952
-0.98429064194027277726568984213773 0.074807989768816537216026182806008
0.98429064194027277726568984213773 0.074807989768816537216026182806008
-1.1814792113700685848678583598423 0.048847387114452026253542848431619
1.1814792113700685848678583598423 0.048847387114452026253542848431619
-1.3788491099261778091441557053728 0.029499296248305435394839336409771
1.3788491099261778091441557053728 0.029499296248305435394839336409771
-1.5764314753267801315519597621879 0.01647114224166094675303503562576
1.5764314753267801315519597621879 0.01647114224166094675303503562576
-1.7742578780516791584676442103681 0.0085000263041808634994168372911203
1.7742578780516791584676442103681 0.0085000263041808634994168372911203
-1.9723603904195020079324743227565 0.0040524855186172246655924186002298
1.9723603904195020079324743227565 0.0040524855186172246655924186002298
-2.1707716587411506879498498083695 0.0017841208326818955520088211458037
2.1707716587411506879498498083695 0.0017841208326818955520088211458037
-2.3695249790490401080012474645702 0.00072493929742723963321218581782082
2.3695249790490401080012474645702 0.00072493929742723963321218581782082
-2.5686543769473501723144013022363 0.0002717076262801572867816396618833
2.5686543769473501723144013022363 0.0002717076262801572867816396618833
-2.7681946921824058801226545958892 0.00009387443572036468663612597100036
2.7681946921824058801226545958892 0.00009387443572036468663612597100036
-2.9681816685955910267761649521505 0.000029876790536001990179064925198776
2.9681816685955910267761649521505 0.000029876790536001990179064925198776
-3.1686520501953630191857798261495 8.7524468034552824750761405697214e-6
3.1686520501953630191857798261495 8.7524468034552824750761405697214e-6
-3.3696436841717397896643629240035 2.3581561724849015983814597885868e-6
3.3696436841717397896643629240035 2.3581561724849015983814597885868e-6
-3.5711956317782180447199756485249 5.8380944276294746290102231530071e-7
3.5711956317782180447199756485249 5.8380944276294746290102231530071e-7
-3.7733482881250526721004678400057 1.3267855842580754929848588400393e-7
3.7733482881250526721004678400057 1.3267855842580754929848588400393e-7
-3.976143512067335591603581419592 2.7650497045037167415519481292348e-8
3.976143512067335591603581419592 2.7650497045037167415519481292348e-8
-4.1796247675352031349421189892408 5.2781663937136972933304025511812e-9
4.1796247675352031349421189892408 5.2781663937136972933304025511812e-9
-4.3838372778464736294253744407459 9.2173940967721508678244698987608e-10
4.3838372778464736294253744407459 9.2173940967721508678244698987608e-10
-4.5888281947698372951606485031212 1.4706331273477483002840833322737e-10
4.5888281947698372951606485031212 1.4706331273477483002840833322737e-10
-4.7946467843764925009748509930857 2.1406920290521288499320195660636e-11
4.7946467843764925009748509930857 2.1406920290521288499320195660636e-11
-5.0013446320386360038520809107373 2.8385303725081709497575048926223e-12
5.0013446320386360038520809107373 2.8385303725081709497575048926223e-12
-5.2089758693153983587570258372239 3.4230094493503785118897696392838e-13
5.2089758693153983587570258372239 3.4230094493503785118897696392838e-13
-5.4175974259243240722848425872924 3.747395447295635770899860760812e-14
5.4175974259243240722848425872924 3.747395447295635770899860760812e-14
-5.6272693105464816659423455794909 3.7173303125266324862440993861328e-15
5.6272693105464816659423455794909 3.7173303125266324862440993861328e-15
-5.8380549248774187386601690807757 3.3344414303302625634106123531539e-16
5.8380549248774187386601690807757 3.3344414303302625634106123531539e-16
-6.0500214161419845694465474482388 2.6986511907298085123257256806313e-17
6.0500214161419845694465474482388 2.6986511907298085123257256806313e-17
-6.2632400742737354345609723857092 1.9659326888507038494339029630591e-18
6.2632400742737354345609723857092 1.9659326888507038494339029630591e-18
-6.4777867811645365448144903821487 1.2857997786762869699976217054187e-19
6.4777867811645365448144903821487 1.2857997786762869699976217054187e-19
-6.6937425208758294190074417381666 7.5293161638815506744419294731907e-21
6.6937425208758294190074417381666 7.5293161638815506744419294731907e-21
-6.9111939615465713197465633109366 3.935599086098329068384666022681e-22
6.9111939615465713197465633109366 3.935599086098329068384666022681e-22
-7.1302341220350710668064025713431 1.8303134636337426441587898257635e-23
7.1302341220350710668064025713431 1.8303134636337426441587898257635e-23
-7.3509631392269052701961258043733 7.5468218903320346587234965772346e-25
7.3509631392269052701961258043733 7.5468218903320346587234965772346e-25
-7.5734891556083454022834960763301 2.7482489212126088046753198793875e-26
7.5734891556083454022834960763301 2.7482489212126088046753198793875e-26
-7.7979293513870105420829120455591 8.8019567691972403392314252914027e-28
7.7979293513870105420829120455591 8.8019567691972403392314252914027e-28
-8.0244111514703375578594739796798 2.4679773241854004762148469347977e-29
8.0244111514703375578594739796798 2.4679773241854004762148469347977e-29
-8.2530736454457156579694124243888 6.0277753850946329169931432719252e-31
8.2530736454457156579694124243888 6.0277753850946329169931432719252e-31
-8.4840692689832473326097180339984 1.2753331411048405619653264064191e-32
8.4840692689832473326097180339984 1.2753331411048405619653264064191e-32
-8.7175658087076307363833999548548 2.3232083386415854084664074622974e-34
8.7175658087076307363833999548548 2.3232083386415854084664074622974e-34
-8.953748810856540432380789016997 3.6191883446064986883543354652335e-36
8.953748810856540432380789016997 3.6191883446064986883543354652335e-36
-9.1928244988460305715774195052527 4.7854390680280409996722102064704e-38
9.1928244988460305715774195052527 4.7854390680280409996722102064704e-38
-9.4350233389881650135019598506287 5.3255303775590792145848984786257e-40
9.4350233389881650135019598506287 5.3255303775590792145848984786257e-40
-9.6806044412474728038150712732737 4.9411031115925407477456893330966e-42
9.6806044412474728038150712732737 4.9411031115925407477456893330966e-42
-9.9298610495114250736847004273684 3.7814427940915220396438431314895e-44
9.9298610495114250736847004273684 3.7814427940915220396438431314895e-44
-10.183127473450343888624126450357 2.3581659156082314377874456635721e-46
10.183127473450343888624126450357 2.3581659156082314377874456635721e-46
-10.440787957772772867742591798027 1.1817054440721039271636766526808e-48
10.440787957772772867742591798027 1.1817054440721039271636766526808e-48
-10.70328820102748134767094074469 4.6821808383361829279341002583597e-51
10.70328820102748134767094074469 4.6821808383361829279341002583597e-51
-10.971150569840247423423040263881 1.439464194929872033614106861897e-53
10.971150569840247423423040263881 1.439464194929872033614106861897e-53
-11.2449945837855434451943841943 3.3581166223962736386929935773043e-56
11.2449945837855434451943841943 3.3581166223962736386929935773043e-56
-11.525565112572696599167888588564 5.7884563375065695978834001908451e-59
11.525565112572696599167888588564 5.7884563375065695978834001908451e-59
-11.813772198267727195134584136191 7.1375092946574300296512212312291e-62
11.813772198267727195134584136191 7.1375092946574300296512212312291e-62
-12.110749020947747600132123508132 6.0486548964204917901621475384307e-65
12.110749020947747600132123508132 6.0486548964204917901621475384307e-65
-12.417939378869715805445879624069 3.3489139011899271644416980911446e-68
12.417939378869715805445879624069 3.3489139011899271644416980911446e-68
-12.737235652415686338138003924072 1.1341924208629891387537662034285e-71
12.737235652415686338138003924072 1.1341924208629891387537662034285e-71
-13.071208660474601901583995439649 2.1503714733677160220355187827255e-75
13.071208660474601901583995439649 2.1503714733677160220355187827255e-75
-13.423518590070950062438258321855 2.0143957652710944392078251399377e-79
13.423518590070950062438258321855 2.0143957652710944392078251399377e-79
-13.799722290211676634645246746673 7.7306185241134158744827181222033e-84
13.799722290211676634645246746673 7.7306185241134158744827181222033e-84
-14.209085995284870755168244250887 8.932168157226452166353201625569e-89
14.209085995284870755168244250887 8.932168157226452166353201625569e-89
-14.669595158833972632746354112896 1.7272798059472885132995287728418e-94
14.669595158833972632746354112896 1.7272798059472885132995287728418e-94
-15.228338148167350978246954433464 1.2504497577089510106655869539435e-101
15.228338148167350978246954433464 1.2504497577089510106655869539435e-101
