20
2
-0.24534070830090124990383653063362 0.46224366960061008965032863986121
0.24534070830090124990383653063362 0.46224366960061008965032863986121
-0.7374737285453943587056051442521 0.28667550536283412971965970622809
0.7374737285453943587056051442521 0.28667550536283412971965970622809
-1.2340762153953230078858183469594 0.10901720602002332001375503353543
1.2340762153953230078858183469594 0.10901720602002332001375503353543
-1.7385377121165862067808656621364 0.02481052088746361088216495255894
1.7385377121165862067808656621364 0.02481052088746361088216495255894
-2.2549740020892755230823333447346 0.0032437733422378618321832471323537
2.2549740020892755230823333447346 0.0032437733422378618321832471323537
-2.7888060584281304805250337564032 0.0002283386360163539672571459179635
2.7888060584281304805250337564032 0.0002283386360163539672571459179635
-3.3478545673832163269149245229965 7.8025564785320636941459919996476e-6
3.3478545673832163269149245229965 7.8025564785320636941459919996476e-6
-3.9447640401156252103756288005244 1.0860693707692816939995245634472e-7
3.9447640401156252103756288005244 1.0860693707692816939995245634472e-7
-4.6036824495507442730776752489783 4.3993409922731805536288514554679e-10
4.6036824495507442730776752489783 4.3993409922731805536288514554679e-10
-5.3874808900112328620169004106811 2.2293936455341512925225006160291e-13
5.3874808900112328620169004106811 2.2293936455341512925225006160291e-13
