55
2
0 0.2981807295664385713197341272168
-0.29822055049276668929796644962199 0.27291625193942635054214338769985
0.29822055049276668929796644962199 0.27291625193942635054214338769985
-0.59668052547571689327681138469473 0.20919736551904635186701481853419
0.59668052547571689327681138469473 0.20919736551904635186701481853419
-0.89562186046229086239839293073879 0.1341806391417692730549635845722
0.89562186046229086239839293073879 0.1341806391417692730549635845722
-1.1952915904152335333260986037986 0.071912783366758718501446158843571
1.1952915904152335333260986037986 0.071912783366758718501446158843571
-1.4959445977962446857302595889149 0.032137739232619847928687176714755
1.4959445977962446857302595889149 0.032137739232619847928687176714755
-1.7978466126036981390594807187865 0.011943896271882744602384898327671
1.7978466126036981390594807187865 0.011943896271882744602384898327671
-2.1012775733291406293248648266894 0.0036789367196008197083104984605314
2.1012775733291406293248648266894 0.0036789367196008197083104984605314
-2.4065354826206520697875541107977 0.00093526439804451229043663437010612
2.4065354826206520697875541107977 0.00093526439804451229043663437010612
-2.7139409275561001053769272595906 0.00019525422369452283934296086626556
2.7139409275561001053769272595906 0.00019525422369452283934296086626556
-3.0238424864191802205904943755559 0.000033274977701846702461438001981057
3.0238424864191802205904943755559 0.000033274977701846702461438001981057
-3.3366233189341660810399133455489 4.5962183144073754087154593774369e-6
3.3366233189341660810399133455489 4.5962183144073754087154593774369e-6
-3.652709346413297785047615196605 5.102703473399555001856900246939e-7
3.652709346413297785047615196605 5.102703473399555001856900246939e-7
-3.9725795904787464401207300218611 4.5081881972299838882726117578651e-8
3.9725795904787464401207300218611 4.5081881972299838882726117578651e-8
-4.2967794840336987762012322811422 3.132495826102861724090290502987e-9
4.2967794840336987762012322811422 3.132495826102861724090290502987e-9
-4.625938346919411893483834801555 1.6879993347401018775436195046467e-10
4.625938346919411893483834801555 1.6879993347401018775436195046467e-10
-4.9607928202275563211285999189269 6.9364439628016119568162291624551e-12
4.9607928202275563211285999189269 6.9364439628016119568162291624551e-12
-5.3022190388457906044320435806069 2.129753528477348246530305550996e-13
5.3022190388457906044320435806069 2.129753528477348246530305550996e-13
-5.6512779962558643625419402258698 4.7652984604188934558349465050128e-15
5.6512779962558643625419402258698 4.7652984604188934558349465050128e-15
-6.0092815232536672601291025256748 7.5316452507313078025956297584514e-17
6.0092815232536672601291025256748 7.5316452507313078025956297584514e-17
-6.3778918319127679182860489072891 8.0822735455939785223261485200963e-19
6.3778918319127679182860489072891 8.0822735455939785223261485200963e-19
-6.7592785186840849948001313278934 5.5924703344127821773891210358741e-21
6.7592785186840849948001313278934 5.5924703344127821773891210358741e-21
-7.1563802343429105314851415093113 2.3275184070079626557521421791629e-23
7.1563802343429105314851415093113 2.3275184070079626557521421791629e-23
-7.5733727465412007381656788838405 5.2828491369826757019186927740351e-26
7.5733727465412007381656788838405 5.2828491369826757019186927740351e-26
-8.0165891148558295997389843996544 5.6477366517509118524966475930198e-29
8.0165891148558295997389843996544 5.6477366517509118524966475930198e-29
-8.4965875649075647285760375478374 2.237188141705300520369776452469e-32
8.4965875649075647285760375478374 2.237188141705300520369776452469e-32
-9.0338717801824065451342333502732 2.0843249634724622377839335126538e-36
9.0338717801824065451342333502732 2.0843249634724622377839335126538e-36
-9.6821899525637261031836938826463 1.4501627713340385273411416630853e-41
9.6821899525637261031836938826463 1.4501627713340385273411416630853e-41
