48
2
-0.15949293584886247050711112572649 0.31100103037796307888480976724009
0.15949293584886247050711112572649 0.31100103037796307888480976724009
-0.47864633759449609823314898097991 0.2539615426647590976596252002074
0.47864633759449609823314898097991 0.2539615426647590976596252002074
-0.79830462777856223121909737343416 0.1692044719456411067112609990757
0.79830462777856223121909737343416 0.1692044719456411067112609990757
-1.1188121524021565633340002664808 0.091822297079285179318065966755284
1.1188121524021565633340002664808 0.091822297079285179318065966755284
-1.4405252201375651865099575527716 0.040479676984603848987229921836299
1.4405252201375651865099575527716 0.040479676984603848987229921836299
-1.7638175798953000062298419667207 0.014444961574981099417246618138186
1.7638175798953000062298419667207 0.014444961574981099417246618138186
-2.0890866609442764359956778540582 0.0041530049119775524515680017008155
2.0890866609442764359956778540582 0.0041530049119775524515680017008155
-2.4167609048732164590464320590041 0.00095639231981941527673409265606513
2.4167609048732164590464320590041 0.00095639231981941527673409265606513
-2.7473086248223832194814539207404 0.00017515043180117282878696277765969
2.7473086248223832194814539207404 0.00017515043180117282878696277765969
-3.0812489886451058497084048497596 0.000025285990277484889025513213756706
3.0812489886451058497084048497596 0.000025285990277484889025513213756706
-3.4191659693638846113554783939863 2.8472586917348480830711169790891e-6
3.4191659693638846113554783939863 2.8472586917348480830711169790891e-6
-3.7617264902283577875011845564016 2.4686589936697504777252894393693e-7
3.7617264902283577875011845564016 2.4686589936697504777252894393693e-7
-4.1097046035605902365005492439522 1.6225141358957698369984246429649e-8
4.1097046035605902365005492439522 1.6225141358957698369984246429649e-8
-4.4640145469344589038414750124568 7.930467495165382311027285618208e-10
4.4640145469344589038414750124568 7.930467495165382311027285618208e-10
-4.8257572281332094839597666977179 2.8152965378381691088341478288765e-11
4.8257572281332094839597666977179 2.8152965378381691088341478288765e-11
-5.1962877187923645409798682555042 7.0469325815458890841969134790062e-13
5.1962877187923645409798682555042 7.0469325815458890841969134790062e-13
-5.5773169812237286262689516870888 1.1975898654791793529476199287874e-14
5.5773169812237286262689516870888 1.1975898654791793529476199287874e-14
-5.9710722250135454077071233189419 1.3151596226584085118941191771852e-16
5.9710722250135454077071233189419 1.3151596226584085118941191771852e-16
-6.3805640961864106238671079547716 8.7301596011866765449253581190773e-19
6.3805640961864106238671079547716 8.7301596011866765449253581190773e-19
-6.8100645780741413866179283062383 3.1883873235051384426948329610031e-21
6.8100645780741413866179283062383 3.1883873235051384426948329610031e-21
-7.2660465541643504028206277718267 5.564577468902284836352845400918e-24
7.2660465541643504028206277718267 5.564577468902284836352845400918e-24
-7.759295519765774639237702641265 3.6850360801506698794404114154307e-27
7.759295519765774639237702641265 3.6850360801506698794404114154307e-27
-8.3107521907047841303478478266987 5.9846126933138784258312560448668e-31
8.3107521907047841303478478266987 5.9846126933138784258312560448668e-31
-8.9753150819316870621535822347646 7.9355514607739968386230643534242e-36
8.9753150819316870621535822347646 7.9355514607739968386230643534242e-36
