45
2
0 0.32931845505069154525723210300489
-0.32938389969666915384226159530616 0.29563565196662842157334667709492
0.32938389969666915384226159530616 0.29563565196662842157334667709492
-0.65916168887413517200547611928564 0.21377487850201806522943548814021
0.65916168887413517200547611928564 0.21377487850201806522943548814021
-0.98973342486571132626456398907322 0.12432050192893605963369686725296
0.98973342486571132626456398907322 0.12432050192893605963369686725296
-1.3215117856392311608996576943328 0.057992746631628722973214521495088
1.3215117856392311608996576943328 0.057992746631628722973214521495088
-1.6549291191547923420782729585912 0.021617644433765657251541951765748
1.6549291191547923420782729585912 0.021617644433765657251541951765748
-1.9904454586466384433660965966121 0.0064070706562040154008143584709186
1.9904454586466384433660965966121 0.0064070706562040154008143584709186
-2.3285579714531896165181632003411 0.0015001278829297579998917193198015
2.3285579714531896165181632003411 0.0015001278829297579998917193198015
-2.6698124652513463097287370790749 0.00027524242709953041398069203193691
2.6698124652513463097287370790749 0.00027524242709953041398069203193691
-3.0148178197492258368142427593063 0.000039183295448819500389063750150092
3.0148178197492258368142427593063 0.000039183295448819500389063750150092
-3.3642645958565403212237766984435 4.2754558863972647374385048377359e-6
3.3642645958565403212237766984435 4.2754558863972647374385048377359e-6
-3.7189496893415633288332964947135 3.5225192415065159481279538182584e-7
3.7189496893415633288332964947135 3.5225192415065159481279538182584e-7
-4.0798099079253934537134759612345 2.1512839074194440682611511327328e-8
4.0798099079253934537134759612345 2.1512839074194440682611511327328e-8
-4.4479690736019315509014497129031 9.5182669412336584693818970515052e-10
4.4479690736019315509014497129031 9.5182669412336584693818970515052e-10
-4.8248063087032578863347958889145 2.9642049893157551759136241544784e-11
4.8248063087032578863347958889145 2.9642049893157551759136241544784e-11
-5.2120588631620083271109920356337 6.2620383158353592351640334137188e-13
5.2120588631620083271109920356337 6.2620383158353592351640334137188e-13
-5.6119841218396651048394168371412 8.5500874663702902016865374458495e-15
5.6119841218396651048394168371412 8.5500874663702902016865374458495e-15
-6.0276294722536947303973303837646 7.0674619157542899941159334122929e-17
6.0276294722536947303973303837646 7.0674619157542899941159334122929e-17
-6.4633149436642537851047456371474 3.2248298707326505446556514190167e-19
6.4633149436642537851047456371474 3.2248298707326505446556514190167e-19
-6.9255820732775951489571190212738 7.0737246502696397311650075322299e-22
6.9255820732775951489571190212738 7.0737246502696397311650075322299e-22
-7.4253266258561949354519828758381 5.9481747159231718086255439374131e-25
7.4253266258561949354519828758381 5.9481747159231718086255439374131e-25
-7.9836998162220029719125170950124 1.2494829120559896773639947076271e-28
7.9836998162220029719125170950124 1.2494829120559896773639947076271e-28
-8.6561523259903277651348438768278 2.2308126620263936677859642572908e-33
8.6561523259903277651348438768278 2.2308126620263936677859642572908e-33
