84
2
-0.1208311688050131418169468962606 0.23816651641238726609013375484438
0.1208311688050131418169468962606 0.23816651641238726609013375484438
-0.36253527994578351287685724806601 0.2119783608299676981044548578512
0.36253527994578351287685724806601 0.2119783608299676981044548578512
-0.60436489970992125932400678157827 0.16789719350811262841673280457609
0.60436489970992125932400678157827 0.16789719350811262841673280457609
-0.84640432975900241447038168699893 0.11830317740926882378233640467155
0.84640432975900241447038168699893 0.11830317740926882378233640467155
-1.0887388243534069304012442450206 0.074120627126827224545498153858013
1.0887388243534069304012442450206 0.074120627126827224545498153858013
-1.3314549890897635533513657128316 0.041265501456996264488301098278622
1.3314549890897635533513657128316 0.041265501456996264488301098278622
-1.5746411979032000564899764581776 0.020397690515966041339501993989468
1.5746411979032000564899764581776 0.020397690515966041339501993989468
-1.8183880343913311749052204136147 0.0089429974621500654660800563320838
1.8183880343913311749052204136147 0.0089429974621500654660800563320838
-2.0627887641978627807741354974711 0.0034735556703184771305383213043335
2.0627887641978627807741354974711 0.0034735556703184771305383213043335
-2.3079398460883208872252939434756 0.0011935740511675009104616258683776
2.3079398460883208872252939434756 0.0011935740511675009104616258683776
-2.5539414905028606990537017879564 0.00036225322463530980655429505041714
2.5539414905028606990537017879564 0.00036225322463530980655429505041714
-2.8008982758405365994372871368688 0.000096932540256515934734401551608324
2.8008982758405365994372871368688 0.000096932540256515934734401551608324
-3.0489198345947160394469588173361 0.000022820419642920837950631491509047
3.0489198345947160394469588173361 0.000022820419642920837950631491509047
-3.2981216238257261568402460654004 4.7158906386790029852496033491607e-6
3.2981216238257261568402460654004 4.7158906386790029852496033491607e-6
-3.5486257974651727206809747811343 8.5321092475314797540245001044757e-7
3.5486257974651727206809747811343 8.5321092475314797540245001044757e-7
-3.8005622017862843111596784888786 1.3475150826592044469377614836841e-7
3.8005622017862843111596784888786 1.3475150826592044469377614836841e-7
-4.0540695203033390220054822509235 1.8517359090727430828470774055944e-8
4.0540695203033390220054822509235 1.8517359090727430828470774055944e-8
-4.3092966007328041803901816151217 2.2060316533485183030735816042144e-9
4.3092966007328041803901816151217 2.2060316533485183030735816042144e-9
-4.56640400494605176418970749512 2.2691700569826877408906041963138e-10
4.56640400494605176418970749512 2.2691700569826877408906041963138e-10
-4.8255658337490100122827988754295 2.0061976506906891129638491722483e-11
4.8255658337490100122827988754295 2.0061976506906891129638491722483e-11
-5.0869718928011797297226764959087 1.5167942114683726462770852429265e-12
5.0869718928011797297226764959087 1.5167942114683726462770852429265e-12
-5.3508302854168113050921040190843 9.7511119835366039095848410233459e-14
5.3508302854168113050921040190843 9.7511119835366039095848410233459e-14
-5.6173705443855964342572581141195 5.2963672903976157917062155684445e-15
5.6173705443855964342572581141195 5.2963672903976157917062155684445e-15
-5.8868474512821897696128019630913 2.4130464210357626801633613202697e-16
5.8868474512821897696128019630913 2.4130464210357626801633613202697e-16
-6.159545742475927324925046817298 9.1468094747747433594307074892627e-18
6.159545742475927324925046817298 9.1468094747747433594307074892627e-18
-6.4357859730612461090229619164276 2.8579464976920409677239762998717e-19
6.4357859730612461090229619164276 2.8579464976920409677239762998717e-19
-6.7159319139391099663631282775165 7.282847898000484059123417933519e-21
6.7159319139391099663631282775165 7.282847898000484059123417933519e-21
-7.0004000104832147904745852587157 1.4951761449964928074657555990246e-22
7.0004000104832147904745852587157 1.4951761449964928074657555990246e-22
-7.2896716618750519148920886301166 2.4381144772606422659075229369373e-24
7.2896716618750519148920886301166 2.4381144772606422659075229369373e-24
-7.5843094360641801377220233055041 3.1056775475544775807036738438165e-26
7.5843094360641801377220233055041 3.1056775475544775807036738438165e-26
-7.884978899833859672999169095457 3.0299940661257626691958932987604e-28
7.884978899833859672999169095457 3.0299940661257626691958932987604e-28
-8.1924786677436188488824654980751 2.2113391943205740894725194125911e-30
8.1924786677436188488824654980751 2.2113391943205740894725194125911e-30
-8.5077828432020945882634977298064 1.1730726684546295275165693077529e-32
8.5077828432020945882634977298064 1.1730726684546295275165693077529e-32
-8.832102805492544428565364230772 4.3652562606794013204381189875631e-35
8.832102805492544428565364230772 4.3652562606794013204381189875631e-35
-9.1669804759729867084459447768094 1.0893693911931971732324795847007e-37
9.1669804759729867084459447768094 1.0893693911931971732324795847007e-37
-9.5144354431069673437747110638824 1.7196165366501820237800197559154e-40
9.5144354431069673437747110638824 1.7196165366501820237800197559154e-40
-9.8772101503410626246067516524381 1.5871807417910790823899026716568e-43
9.8772101503410626246067516524381 1.5871807417910790823899026716568e-43
-10.259208370962089869511675999487 7.6682284731961364572632329789525e-47
10.259208370962089869511675999487 7.6682284731961364572632329789525e-47
-10.666356908585685416052705874457 1.6430818957997237018716666649242e-50
10.666356908585685416052705874457 1.6430818957997237018716666649242e-50
-11.108541203015454724736237399389 1.1897755678170502457482767864859e-54
11.108541203015454724736237399389 1.1897755678170502457482767864859e-54
-11.604956948103076404311460735848 1.7368921661374785295014949593315e-59
11.604956948103076404311460735848 1.7368921661374785295014949593315e-59
-12.205894366956140340508310282207 1.3777591125357390689593970101257e-65
12.205894366956140340508310282207 1.3777591125357390689593970101257e-65
