58
2
-0.14522188229810670515788158279392 0.28439970531426451268506537715174
0.14522188229810670515788158279392 0.28439970531426451268506537715174
-0.43577044873391353982788692447043 0.24039805219536926541693015295046
0.43577044873391353982788692447043 0.24039805219536926541693015295046
-0.72663440704649165884143371381059 0.17168192789310024821354051090966
0.72663440704649165884143371381059 0.17168192789310024821354051090966
-1.0180273335786967286900514809228 0.10348723259331930825539583535139
1.0180273335786967286900514809228 0.10348723259331930825539583535139
-1.3101678741366001860683264042088 0.052574374089316544290744449162048
1.3101678741366001860683264042088 0.052574374089316544290744449162048
-1.6032819710214762278897236747418 0.022465314158278363120277177006665
1.6032819710214762278897236747418 0.022465314158278363120277177006665
-1.8976053029060735280555370062054 0.0080534582747568844896564438849653
1.8976053029060735280555370062054 0.0080534582747568844896564438849653
-2.1933860192661303349942030527748 0.0024143454547297053085284244814591
2.1933860192661303349942030527748 0.0024143454547297053085284244814591
-2.4908878695658665179730229455642 0.00060296061313673322531751536603422
2.4908878695658665179730229455642 0.00060296061313673322531751536603422
-2.7903938536440542907665958375261 0.00012486893055641060808059338055625
2.7903938536440542907665958375261 0.00012486893055641060808059338055625
-3.0922105568140121801702949412674 0.000021327339454200738582208512480355
3.0922105568140121801702949412674 0.000021327339454200738582208512480355
-3.3966733857420294569805501699706 2.9851306091787717109443536587992e-6
3.3966733857420294569805501699706 2.9851306091787717109443536587992e-6
-3.7041529964080999594715474877673 3.3984745324530871711578520621503e-7
3.7041529964080999594715474877673 3.3984745324530871711578520621503e-7
-4.0150633146984994321338707992739 3.119524657171667288655976743696e-8
4.0150633146984994321338707992739 3.119524657171667288655976743696e-8
-4.3298717115959434669904289465714 2.2850766766299907016058746624755e-9
4.3298717115959434669904289465714 2.2850766766299907016058746624755e-9
-4.6491121384000215783327543025371 1.3196011058824917734093431725276e-10
4.6491121384000215783327543025371 1.3196011058824917734093431725276e-10
-4.9734024034844934501347911390475 5.9217773854289467770881252548123e-12
4.9734024034844934501347911390475 5.9217773854289467770881252548123e-12
-5.3034673690975117095030569646617 2.0297402247948917730091932207979e-13
5.3034673690975117095030569646617 2.0297402247948917730091932207979e-13
-5.6401708246496872092353520118196 5.2042716465726014915833387357685e-15
5.6401708246496872092353520118196 5.2042716465726014915833387357685e-15
-5.9845604541065047893789964587441 9.7305218355117100177900573641441e-17
5.9845604541065047893789964587441 9.7305218355117100177900573641441e-17
-6.3379332589686225715318286096798 1.285264502254626381005602061248e-18
6.3379332589686225715318286096798 1.285264502254626381005602061248e-18
-6.7019342833176408163931663550124 1.1519651049881007098837527169837e-20
6.7019342833176408163931663550124 1.1519651049881007098837527169837e-20
-7.0787123410660747006023174947977 6.6480276615029522867491671129531e-23
7.0787123410660747006023174947977 6.6480276615029522867491671129531e-23
-7.4711795689242475732344859633529 2.3018029777481823337805353563153e-25
7.4711795689242475732344859633529 2.3018029777481823337805353563153e-25
-7.8834756990041480507484256563607 4.3288355988163839206912112314286e-28
7.8834756990041480507484256563607 4.3288355988163839206912112314286e-28
-8.3218807506473627674080711213188 3.8103303738429404508065381479335e-31
8.3218807506473627674080711213188 3.8103303738429404508065381479335e-31
-8.7968659746627670794508460471628 1.2302868650408506296197360768909e-34
8.7968659746627670794508460471628 1.2302868650408506296197360768909e-34
-9.3287669164964396835864764454927 9.1824526100664205909793791329556e-39
9.3287669164964396835864764454927 9.1824526100664205909793791329556e-39
-9.9708881704574612782108333775524 4.9345427975164993687318464130881e-44
9.9708881704574612782108333775524 4.9345427975164993687318464130881e-44
