96
2
-0.11306888315145194642073339250275 0.22327002349753476000907829289743
0.11306888315145194642073339250275 0.22327002349753476000907829289743
-0.33923661887888524313302281303452 0.20161301347923425780985614369712
0.33923661887888524313302281303452 0.20161301347923425780985614369712
-0.56549436626674888560150502468763 0.16437963059849701661641098238374
0.56549436626674888560150502468763 0.16437963059849701661641098238374
-0.79190247875401673436634130548591 0.12098311686251532686138959498815
0.79190247875401673436634130548591 0.12098311686251532686138959498815
-1.018521831947679901431678081732 0.080353950080642077446820928416873
1.018521831947679901431678081732 0.080353950080642077446820928416873
-1.2454140399065080452230479041348 0.048139906731090053454833359824523
1.2454140399065080452230479041348 0.048139906731090053454833359824523
-1.472641679022709541696589921269 0.026000340271244449059494047214889
1.472641679022709541696589921269 0.026000340271244449059494047214889
-1.700268521938350560224392728815 0.012651375112800158359827323378384
1.700268521938350560224392728815 0.012651375112800158359827323378384
-1.9283597841455024719183447427662 0.005541631289438976732167204922806
1.9283597841455024719183447427662 0.005541631289438976732167204922806
-2.1569823861931285029098932785069 0.0021831319760967182684205589510108
2.1569823861931285029098932785069 0.0021831319760967182684205589510108
-2.3862052347697798848855383960773 0.00077269582168165191358869346042178
2.3862052347697798848855383960773 0.00077269582168165191358869346042178
-2.6160995263623888241147535737178 0.00024541809273052661609784056282007
2.6160995263623888241147535737178 0.00024541809273052661609784056282007
-2.8467390777247827675489329404416 0.000069854324445415409739795611269735
2.8467390777247827675489329404416 0.000069854324445415409739795611269735
-3.0782006880468186673028863972985 0.000017791805918220289724639058112592
3.0782006880468186673028863972985 0.000017791805918220289724639058112592
-3.3105645385243051897860134723336 4.0482331787772599696847570664297e-6
3.3105645385243051897860134723336 4.0482331787772599696847570664297e-6
-3.5439146360273119148125874009354 8.2135445478328081852796924576906e-7
3.5439146360273119148125874009354 8.2135445478328081852796924576906e-7
-3.7783393087968628324878482512624 1.4829694050050070761483825041631e-7
3.7783393087968628324878482512624 1.4829694050050070761483825041631e-7
-4.0139317636282689080516063350393 2.3773662147574285261163714598766e-8
4.0139317636282689080516063350393 2.3773662147574285261163714598766e-8
-4.2507907159031864542796583531336 3.3755847311277042900085504517843e-9
4.2507907159031864542796583531336 3.3755847311277042900085504517843e-9
-4.4890211062169949334111877868373 4.2335937835110224400574437325159e-10
4.4890211062169949334111877868373 4.2335937835110224400574437325159e-10
-4.7287349203529306027917087904478 4.6760103859850706212349452930116e-11
4.7287349203529306027917087904478 4.6760103859850706212349452930116e-11
-4.9700521331667725277217259141127 4.5333033745838881932024765185125e-12
4.9700521331667725277217259141127 4.5333033745838881932024765185125e-12
-5.2131018018189604301611523613793 3.8436817248766276912000865205877e-13
5.2131018018189604301611523613793 3.8436817248766276912000865205877e-13
-5.4580233400707860681032157552488 2.8387673951693386653180489456319e-14
5.4580233400707860681032157552488 2.8387673951693386653180489456319e-14
-5.704968013525535258079566427477 1.818169130493233489751414292433e-15
5.704968013525535258079566427477 1.818169130493233489751414292433e-15
-5.9541007064117262475202007956082 1.0049051491574856326861103590285e-16
5.9541007064117262475202007956082 1.0049051491574856326861103590285e-16
-6.2056020247183101673606288916665 4.766831171186606727630593242964e-18
6.2056020247183101673606288916665 4.766831171186606727630593242964e-18
-6.4596708195551216814381359962475 1.9288793268371386358311325648788e-19
6.4596708195551216814381359962475 1.9288793268371386358311325648788e-19
-6.7165272404965189623679426102676 6.6129511764810671450031128821225e-21
6.7165272404965189623679426102676 6.6129511764810671450031128821225e-21
-6.976416464285181344951829666521 1.9062601886875502890981284568165e-22
6.976416464285181344951829666521 1.9062601886875502890981284568165e-22
-7.2396132940083528798100334140617 4.5806010985499149652243951883591e-24
7.2396132940083528798100334140617 4.5806010985499149652243951883591e-24
-7.5064278944277565919051665935671 9.0859656470488338222899430792651e-26
7.5064278944277565919051665935671 9.0859656470488338222899430792651e-26
-7.7772130310612382128828163309204 1.4712415549741820651326266086642e-27
7.7772130310612382128828163309204 1.4712415549741820651326266086642e-27
-8.0523733307197117293707497793243 1.919970706794878621692266384001e-29
8.0523733307197117293707497793243 1.919970706794878621692266384001e-29
-8.3323773071700595513030267499102 1.9895468942695273213161929617776e-31
8.3323773071700595513030267499102 1.9895468942695273213161929617776e-31
-8.6177732442147464551489295584611 1.6088732079384568342211655171675e-33
8.6177732442147464551489295584611 1.6088732079384568342211655171675e-33
-8.9092105814595980392258208289441 9.9468000592212591946483561395879e-36
8.9092105814595980392258208289441 9.9468000592212591946483561395879e-36
-9.2074693533717608243311486885509 4.5874016658581949713813614482054e-38
9.2074693533717608243311486885509 4.5874016658581949713813614482054e-38
-9.5135017694124247964654674985562 1.5317989647111958094350370538122e-40
9.5135017694124247964654674985562 1.5317989647111958094350370538122e-40
-9.8284927461917126646373526028731 3.5689385617810065373124887113745e-43
9.8284927461917126646373526028731 3.5689385617810065373124887113745e-43
-10.153951274713687791621781575502 5.5370648197825254949764895928859e-46
10.153951274713687791621781575502 5.5370648197825254949764895928859e-46
-10.491854539276538969447677408083 5.3832225069700970051243215863445e-49
10.491854539276538969447677408083 5.3832225069700970051243215863445e-49
-10.844888073853587392008735807532 3.022293931502112231548960266738e-52
10.844888073853587392008735807532 3.022293931502112231548960266738e-52
-11.216875194202161904486618730163 8.7337328359190267580971178405807e-56
11.216875194202161904486618730163 8.7337328359190267580971178405807e-56
-11.613620828842913616255261224337 1.0933824737517785332342560593802e-59
11.613620828842913616255261224337 1.0933824737517785332342560593802e-59
-12.044806741134922422133281059683 4.468702421681318301371569028387e-64
12.044806741134922422133281059683 4.468702421681318301371569028387e-64
-12.529230746683542519513849934188 3.4808413877181824014032985669338e-69
12.529230746683542519513849934188 3.4808413877181824014032985669338e-69
-13.116130021662877165244239335281 1.3153371477010526364605142699733e-75
13.116130021662877165244239335281 1.3153371477010526364605142699733e-75
