21
2
0 0.47902370312017764841974415342447
-0.47945070707910757629459810351342 0.38166907361350209827041664156394
0.47945070707910757629459810351342 0.38166907361350209827041664156394
-0.9614996344183690642794222713525 0.19212032406699775612908246073929
0.9614996344183690642794222713525 0.19212032406699775612908246073929
-1.4489342506507319626572931486768 0.060179646658912267171664179281185
1.4489342506507319626572931486768 0.060179646658912267171664179281185
-1.944962949186253841901916715474 0.011414065837434383376584504728687
1.944962949186253841901916715474 0.011414065837434383376584504728687
-2.4535521245128380020007354061575 0.0012549820417264105458521023572579
2.4535521245128380020007354061575 0.0012549820417264105458521023572579
-2.9799912077045980025377278175277 0.000074783988673100611690978599513773
2.9799912077045980025377278175277 0.000074783988673100611690978599513773
-3.5319728771376777391713832826227 2.1718848980566695828734983686927e-6
3.5319728771376777391713832826227 2.1718848980566695828734983686927e-6
-4.1219955474918400208169006772766 2.5712301800593137047755876234453e-8
4.1219955474918400208169006772766 2.5712301800593137047755876234453e-8
-4.7739923434112194297015095771153 8.8186112420499515941594953200984e-11
4.7739923434112194297015095771153 8.8186112420499515941594953200984e-11
-5.5503518732646782452296868771014 3.7203650701360492621585750125702e-14
5.5503518732646782452296868771014 3.7203650701360492621585750125702e-14
