89
2
0 0.23481182765823739983865842295862
-0.23482388390393243308557999742222 0.22224852664936576876905501785301
0.23482388390393243308557999742222 0.22224852664936576876905501785301
-0.46972016327466947061206083465603 0.1884370633189454681213471640951
0.46972016327466947061206083465603 0.1884370633189454681213471640951
-0.70476152427012004983671490141399 0.14309158549116314118337581781944
0.70476152427012004983671490141399 0.14309158549116314118337581781944
-0.94002123784514683691821154622517 0.097282463095519972420208781767234
0.94002123784514683691821154622517 0.097282463095519972420208781767234
-1.1755734607673941622549495391317 0.059186084836389261147599452964322
1.1755734607673941622549495391317 0.059186084836389261147599452964322
-1.4114935472024899787720410068355 0.032203216875107189772193014417435
1.4114935472024899787720410068355 0.032203216875107189772193014417435
-1.6478583747824139784827399542191 0.01565812303442362902073945493629
1.6478583747824139784827399542191 0.01565812303442362902073945493629
-1.8847466894257897125135396541779 0.0067973713273565662108574793558747
1.8847466894257897125135396541779 0.0067973713273565662108574793558747
-2.1222394736491395181872916864983 0.0026316863728237123329289756175941
2.1222394736491395181872916864983 0.0026316863728237123329289756175941
-2.3604203437138305644583751353816 0.00090756465037858274862368561118799
2.3604203437138305644583751353816 0.00090756465037858274862368561118799
-2.5993759817212956314763776528778 0.0002783896782270457719566900226662
2.5993759817212956314763776528778 0.0002783896782270457719566900226662
-2.8391966097343764054660540908871 0.000075833505293245307235543559265689
2.8391966097343764054660540908871 0.000075833505293245307235543559265689
-3.0799765142115441620652953579573 0.000018311113911126237420368173811228
3.0799765142115441620652953579573 0.000018311113911126237420368173811228
-3.3218146305539731854704398710942 3.9114112665063118539420006796809e-6
3.3218146305539731854704398710942 3.9114112665063118539420006796809e-6
-3.5648151994628401904789041789983 7.3745467763804697520021541467901e-7
3.5648151994628401904789041789983 7.3745467763804697520021541467901e-7
-3.8090885091914665678766619477494 1.2241314031278982749777598699717e-7
3.8090885091914665678766619477494 1.2241314031278982749777598699717e-7
-4.0547517407947418128678065142977 1.7840153336747029964536955501483e-8
4.0547517407947418128678065142977 1.7840153336747029964536955501483e-8
-4.3019299373155554190847254181878 2.2756270244146538552439886573095e-9
4.3019299373155554190847254181878 2.2756270244146538552439886573095e-9
-4.5507571227604723892193703030507 2.5318768471063728118005495273959e-10
4.5507571227604723892193703030507 2.5318768471063728118005495273959e-10
-4.8013776030542555307191859573373 2.4477459246779077088040116210429e-11
4.8013776030542555307191859573373 2.4477459246779077088040116210429e-11
-5.0539474894081314317856147052806 2.0475389185298491140956589691737e-12
5.0539474894081314317856147052806 2.0475389185298491140956589691737e-12
-5.3086364953650068391604873027329 1.4750035153523930110369257964639e-13
5.3086364953650068391604873027329 1.4750035153523930110369257964639e-13
-5.5656300731513928519138728002387 9.1026391570175741404004824316732e-15
5.5656300731513928519138728002387 9.1026391570175741404004824316732e-15
-5.8251319742404801886933545747272 4.7841544346425275390177563770241e-16
5.8251319742404801886933545747272 4.7841544346425275390177563770241e-16
-6.0873673452070675831050130469435 2.1273958174343061437444441235321e-17
6.0873673452070675831050130469435 2.1273958174343061437444441235321e-17
-6.3525865059800603459154048845961 7.9447537335211883569309366051852e-19
6.3525865059800603459154048845961 7.9447537335211883569309366051852e-19
-6.6210696079053232308523996988237 2.4709662681137467025506301309884e-20
6.6210696079053232308523996988237 2.4709662681137467025506301309884e-20
-6.89313244041713031695252694518 6.3398444713628519091115076324406e-22
6.89313244041713031695252694518 6.3398444713628519091115076324406e-22
-7.1691337582186000635926083575679 1.3273883998725619903757547469541e-23
7.1691337582186000635926083575679 1.3273883998725619903757547469541e-23
-7.4494846527302600720115031075063 2.2397389074987266093733223510659e-25
7.4494846527302600720115031075063 2.2397389074987266093733223510659e-25
-7.7346607201821763139106556595582 3.0018077177699824714708390390864e-27
7.7346607201821763139106556595582 3.0018077177699824714708390390864e-27
-8.0252181314463779617364933258363 3.1418754018247862872072024448174e-29
8.0252181314463779617364933258363 3.1418754018247862872072024448174e-29
-8.3218152682134435249976076457341 2.5171173318424517493908481378401e-31
8.3218152682134435249976076457341 2.5171173318424517493908481378401e-31
-8.6252425061665042407706140596208 1.5069227943967864942921063095586e-33
8.6252425061665042407706140596208 1.5069227943967864942921063095586e-33
-8.9364642812455397158268017465052 6.5473365822873818090453893302813e-36
8.9364642812455397158268017465052 6.5473365822873818090453893302813e-36
-9.2566803307032142590807709336175 1.9912326515858590756506732610774e-38
9.2566803307032142590807709336175 1.9912326515858590756506732610774e-38
-9.5874181334018580235078550030831 4.0494895783343659182329046308418e-41
9.5874181334018580235078550030831 4.0494895783343659182329046308418e-41
-9.9306787276273895011123763376872 5.1890175350656624119924624407986e-44
9.9306787276273895011123763376872 5.1890175350656624119924624407986e-44
-10.289179711107796851112991341327 3.8676878782478162082055163838609e-47
10.289179711107796851112991341327 3.8676878782478162082055163838609e-47
-10.666789783587026971669402146447 1.4983841626026698892739824803476e-50
10.666789783587026971669402146447 1.4983841626026698892739824803476e-50
-11.069382675775751729477742492784 2.5491245644507754328224601391815e-54
11.069382675775751729477742492784 2.5491245644507754328224601391815e-54
-11.506755189277549227097803826532 1.4442544724939589195674118436032e-58
11.506755189277549227097803826532 1.4442544724939589195674118436032e-58
-11.997929913449416931921821367471 1.6107424492417461085267815999445e-63
11.997929913449416931921821367471 1.6107424492417461085267815999445e-63
-12.592738905595903256800969579551 9.3008818694239367185682220104534e-70
12.592738905595903256800969579551 9.3008818694239367185682220104534e-70
