92
2
-0.11548778684603312294287812887958 0.22792088322788116849173681037088
0.11548778684603312294287812887958 0.22792088322788116849173681037088
-0.34649667676368104549987481371195 0.20490871177338500098965946580401
0.34649667676368104549987481371195 0.20490871177338500098965946580401
-0.57760564046232037476126292788449 0.16559981501591428051090437504346
0.57760564046232037476126292788449 0.16559981501591428051090437504346
-0.80888181218354054304321663640985 0.12027508931592495324907190834206
0.80888181218354054304321663640985 0.12027508931592495324907190834206
-1.0403929585875987138540515406391 0.078477839811903461683211019981759
1.0403929585875987138540515406391 0.078477839811903461683211019981759
-1.2722077415053920343962390863841 0.045978813889354195777153658466154
1.2722077415053920343962390863841 0.045978813889354195777153658466154
-1.5043959907356530242881087188214 0.024173252104118917118754081529957
1.5043959907356530242881087188214 0.024173252104118917118754081529957
-1.7370289901408090306338259035534 0.011395877807434490979018684128293
1.7370289901408090306338259035534 0.011395877807434490979018684128293
-1.9701797806022636010333255945513 0.0048128687057527153699763092317251
1.9701797806022636010333255945513 0.0048128687057527153699763092317251
-2.2039234837948440307445016296874 0.0018190665842030760284340735890468
2.2039234837948440307445016296874 0.0018190665842030760284340735890468
-2.438337651246924926395879302727 0.00061455372697219648323474379493761
2.438337651246924926395879302727 0.00061455372697219648323474379493761
-2.6735026437884460557748002609149 0.00018533007239769155307456206682669
2.6735026437884460557748002609149 0.00018533007239769155307456206682669
-2.9095020472812752270997393984488 0.000049812715968551441059440207798497
2.9095020472812752270997393984488 0.000049812715968551441059440207798497
-3.1464231315109768841300521010318 0.000011912329247318901102104818990349
3.1464231315109768841300521010318 0.000011912329247318901102104818990349
-3.3843573603426858822852650533773 2.5297850142327763355978910368891e-6
3.3843573603426858822852650533773 2.5297850142327763355978910368891e-6
-3.6234009627673571812729717991422 4.7607676418369909134263923873306e-7
3.6234009627673571812729717991422 4.7607676418369909134263923873306e-7
-3.8636555763680761015476442982317 7.9204993538763159518998687602004e-8
3.8636555763680761015476442982317 7.9204993538763159518998687602004e-8
-4.1052289771248809319620704445132 1.1619214278627426393522113808634e-8
4.1052289771248809319620704445132 1.1619214278627426393522113808634e-8
-4.3482359124910078100357899662554 1.4986355561050996752940922701127e-9
4.3482359124910078100357899662554 1.4986355561050996752940922701127e-9
-4.5927990585018193937398410264267 1.694043339299272272382419931824e-10
4.5927990585018193937398410264267 1.694043339299272272382419931824e-10
-4.8390501265746102398209111641682 1.6723593784919427926978623085039e-11
4.8390501265746102398209111641682 1.6723593784919427926978623085039e-11
-5.087131151971060693581831774788 1.4362003723050583737965260929496e-12
5.087131151971060693581831774788 1.4362003723050583737965260929496e-12
-5.3371960041051261575745298046892 1.0683188551398483915614620843514e-13
5.3371960041051261575745298046892 1.0683188551398483915614620843514e-13
-5.5894121696594164252615800313712 6.8501492079314475792997269430194e-15
5.5894121696594164252615800313712 6.8501492079314475792997269430194e-15
-5.8439628737731489697499800529168 3.7660828360044454396405219297008e-16
5.8439628737731489697499800529168 3.7660828360044454396405219297008e-16
-6.1010496237476024246049135110087 1.7647313333962601729018408886212e-17
6.1010496237476024246049135110087 1.7647313333962601729018408886212e-17
-6.3608952857640545727075800211032 7.0010683610303574153567907280427e-19
6.3608952857640545727075800211032 7.0010683610303574153567907280427e-19
-6.6237478409567275409538606553258 2.333916032868382504993170586378e-20
6.6237478409567275409538606553258 2.333916032868382504993170586378e-20
-6.889885017240042699349131871867 6.4827357579899130345188133979409e-22
6.889885017240042699349131871867 6.4827357579899130345188133979409e-22
-7.1596200643171860406666051428075 1.4859465721519436044904279231797e-23
7.1596200643171860406666051428075 1.4859465721519436044904279231797e-23
-7.4333090418794831005412429795754 2.7800091791126954126312211147509e-25
7.4333090418794831005412429795754 2.7800091791126954126312211147509e-25
-7.7113601420959170985214443140218 4.1917802591871712171972877021185e-27
7.7113601420959170985214443140218 4.1917802591871712171972877021185e-27
-7.9942457949462567251480861980089 5.0199340944279665491465962069143e-29
7.9942457949462567251480861980089 5.0199340944279665491465962069143e-29
-8.2825186558731365612747796586 4.6935588729780669741836599912082e-31
8.2825186558731365612747796586 4.6935588729780669741836599912082e-31
-8.5768331318717065629323164591629 3.3574581848270843423868382318718e-33
8.5768331318717065629323164591629 3.3574581848270843423868382318718e-33
-8.8779750134809072529715849280105 1.7934288277345397684625667421154e-35
8.8779750134809072529715849280105 1.7934288277345397684625667421154e-35
-9.1869033275673406346152701628236 6.9456401083003716807902747154898e-38
9.1869033275673406346152701628236 6.9456401083003716807902747154898e-38
-9.5048112671603403368131944011691 1.8803612804682054468764252310525e-40
9.5048112671603403368131944011691 1.8803612804682054468764252310525e-40
-9.8332181607332709407582774066987 3.3979613434850039156218255841873e-43
9.8332181607332709407582774066987 3.3979613434850039156218255841873e-43
-10.174114544331893454897456652734 3.859958997824028670878900500136e-46
10.174114544331893454897456652734 3.859958997824028670878900500136e-46
-10.530203913474872955975052911222 2.5425883339495964127656141804524e-49
10.530203913474872955975052911222 2.5425883339495964127656141804524e-49
-10.905335022579179292856840200141 8.6686227081664279701464258708985e-53
10.905335022579179292856840200141 8.6686227081664279701464258708985e-53
-11.305351381280618233346826384894 1.2902630736739169403640827171974e-56
11.305351381280618233346826384894 1.2902630736739169403640827171974e-56
-11.739999277265276679040317483923 6.340884055269686193189907787369e-61
11.739999277265276679040317483923 6.340884055269686193189907787369e-61
-12.22820261364811531058512038162 6.048791108599906724782368267532e-66
12.22820261364811531058512038162 6.048791108599906724782368267532e-66
-12.819532258018480490072942122256 2.9042780793284345731443139913905e-72
12.819532258018480490072942122256 2.9042780793284345731443139913905e-72
