124
2
-0.099545431361682197299308793078562 0.19713037059257626240482677931692
0.099545431361682197299308793078562 0.19713037059257626240482677931692
-0.29865214347665665305723314867885 0.18213364120711693981997120002299
0.29865214347665665305723314867885 0.18213364120711693981997120002299
-0.49780643659506451762936762811116 0.15546821084992321757911399483774
0.49780643659506451762936762811116 0.15546821084992321757911399483774
-0.69704014101314025352402132553925 0.1225925526275198258222368246041
0.69704014101314025352402132553925 0.1225925526275198258222368246041
-0.89638525216554727494218717158256 0.089287739344200019643926196230176
0.89638525216554727494218717158256 0.089287739344200019643926196230176
-1.0958739980844799248888728147939 0.06005327808900324486618356220064
1.0958739980844799248888728147939 0.06005327808900324486618356220064
-1.2955389082829973923408480879244 0.037289628484137913439401145952642
1.2955389082829973923408480879244 0.037289628484137913439401145952642
-1.4954128844992703850363320805478 0.021370374426895464196134151924414
1.4954128844992703850363320805478 0.021370374426895464196134151924414
-1.6955292737615766894643153665994 0.011299305506959480875578271808878
1.6955292737615766894643153665994 0.011299305506959480875578271808878
-1.8959219442631450342307726119863 0.005509670999577962951077667611813
1.8959219442631450342307726119863 0.005509670999577962951077667611813
-2.096625364571941833260337798161 0.0024764405325003992165465225656429
2.096625364571941833260337798161 0.0024764405325003992165465225656429
-2.2976746867440048153956043814684 0.0010254795244170029068332719160558
2.2976746867440048153956043814684 0.0010254795244170029068332719160558
-2.4991058339609180964355989921962 0.00039098949747130940125214274382338
2.4991058339609180964355989921962 0.00039098949747130940125214274382338
-2.7009555933736791395804760129511 0.00013716931938884546902487741872907
2.7009555933736791395804760129511 0.00013716931938884546902487741872907
-2.903261714907972337671433400965 0.000044247522456022786088072384773188
2.903261714907972337671433400965 0.000044247522456022786088072384773188
-3.1060630168714906207131882533611 0.000013113467580430849168883923077974
3.1060630168714906207131882533611 0.000013113467580430849168883923077974
-3.3093994993045658781021538621161 3.5675339063854575397317650347253e-6
3.3093994993045658781021538621161 3.5675339063854575397317650347253e-6
-3.5133124661335700270770636543257 8.9008863258738685311392986847742e-7
3.5133124661335700270770636543257 8.9008863258738685311392986847742e-7
-3.7178446573254824839581514209572 2.0345626953177380881937212052974e-7
3.7178446573254824839581514209572 2.0345626953177380881937212052974e-7
-3.923040392405531214558493367745 4.256015404410970368792620841926e-8
3.923040392405531214558493367745 4.256015404410970368792620841926e-8
-4.1289457268926078622309099643079 8.1379035349171000432904646374471e-9
4.1289457268926078622309099643079 8.1379035349171000432904646374471e-9
-4.3356086234350090407829955157147 1.4204990214913580494588892563597e-9
4.3356086234350090407829955157147 1.4204990214913580494588892563597e-9
-4.5430791396990858508900051480882 2.260405581933771156565577717673e-10
4.5430791396990858508900051480882 2.260405581933771156565577717673e-10
-4.7514096353844059028689610475694 3.2741601230785924315218187789053e-11
4.7514096353844059028689610475694 3.2741601230785924315218187789053e-11
-4.9606550011220074529637470437086 4.3100503800704213326148536328016e-12
4.9606550011220074529637470437086 4.3100503800704213326148536328016e-12
-5.1708729124709518584988247564156 5.1473099468311914321800483566971e-13
5.1708729124709518584988247564156 5.1473099468311914321800483566971e-13
-5.3821241127798676990365646355195 5.5664982903187721790056144385861e-14
5.3821241127798676990365646355195 5.5664982903187721790056144385861e-14
-5.5944727293462688258297909186912 5.4401721259012440826019842938131e-15
5.5944727293462688258297909186912 5.4401721259012440826019842938131e-15
-5.8079866281147487165978802532831 4.794334739224331280572170430059e-16
5.8079866281147487165978802532831 4.794334739224331280572170430059e-16
-6.0227378131410374545283629023713 3.8011128040478433454931779703601e-17
6.0227378131410374545283629023713 3.8011128040478433454931779703601e-17
-6.2388028782578390189500922596947 2.7043296085128690062958946078229e-18
6.2388028782578390189500922596947 2.7043296085128690062958946078229e-18
-6.4562635198693080855014786716753 1.7218091698468848931824043983315e-19
6.4562635198693080855014786716753 1.7218091698468848931824043983315e-19
-6.6752071216509833225757164393862 9.781337941441329654343704049913e-21
6.6752071216509833225757164393862 9.781337941441329654343704049913e-21
-6.8957274242423347655992039880929 4.9419868423536339713793561618224e-22
6.8957274242423347655992039880929 4.9419868423536339713793561618224e-22
-7.1179252959243607855758092331602 2.2129732702531831246504874594229e-23
7.1179252959243607855758092331602 2.2129732702531831246504874594229e-23
-7.3419096239550914975915861634402 8.7492009712122408665337663781187e-25
7.3419096239550914975915861634402 8.7492009712122408665337663781187e-25
-7.5677983509350681845162636621063 3.0414019572106992635299109903637e-26
7.5677983509350681845162636621063 3.0414019572106992635299109903637e-26
-7.7957196866256543387406078091776 9.2537661461188322947875742127434e-28
7.7957196866256543387406078091776 9.2537661461188322947875742127434e-28
-8.0258135335048771975859486212517 2.4520940513432759786447858188367e-29
8.0258135335048771975859486212517 2.4520940513432759786447858188367e-29
-8.258233174660257727623461846036 5.6279071396681008235060515578537e-31
8.258233174660257727623461846036 5.6279071396681008235060515578537e-31
-8.4931472862936882479521932795043 1.1120314056802501443443394719217e-32
8.4931472862936882479521932795043 1.1120314056802501443443394719217e-32
-8.7307423554516293316426894669116 1.8790207698161790270162256053108e-34
8.7307423554516293316426894669116 1.8790207698161790270162256053108e-34
-8.9712256084886893205949289335364 2.6949141835665884881925728148173e-36
8.9712256084886893205949289335364 2.6949141835665884881925728148173e-36
-9.2148285900237309744050251035486 3.2533264664077377300214818822787e-38
9.2148285900237309744050251035486 3.2533264664077377300214818822787e-38
-9.4618115799659341502424747729741 3.2749113002443537113369779690527e-40
9.4618115799659341502424747729741 3.2749113002443537113369779690527e-40
-9.7124691040283811806894591550552 2.7198617815524407281514357020743e-42
9.7124691040283811806894591550552 2.7198617815524407281514357020743e-42
-9.967136891111017227622848825215 1.8412712525866299078847316831047e-44
9.967136891111017227622848825215 1.8412712525866299078847316831047e-44
-10.226200775202840070854456959096 1.0020507711410188561527237996145e-46
10.226200775202840070854456959096 1.0020507711410188561527237996145e-46
-10.490108256609062748633219299495 4.3141707603429863903194735698576e-49
10.490108256609062748633219299495 4.3141707603429863903194735698576e-49
-10.759383772299558671024199116479 1.4421371050636485928100231165092e-51
10.759383772299558671024199116479 1.4421371050636485928100231165092e-51
-11.034649256479809148467987293787 3.6611032011246475092867176070539e-54
11.034649256479809148467987293787 3.6611032011246475092867176070539e-54
-11.316652442235312639151725176456 6.8742017262989021869095259917884e-57
11.316652442235312639151725176456 6.8742017262989021869095259917884e-57
-11.606306831707778385811286836719 9.2443848020402875898189698467873e-60
11.606306831707778385811286836719 9.2443848020402875898189698467873e-60
-11.904749877820653841293504474932 8.5567547361303494770999954561854e-63
11.904749877820653841293504474932 8.5567547361303494770999954561854e-63
-12.213430791710803274334054034441 5.1840723409276047954655113307123e-66
12.213430791710803274334054034441 5.1840723409276047954655113307123e-66
-12.534249024802045129258006123992 1.9255984704437016099690825527522e-69
12.534249024802045129258006123992 1.9255984704437016099690825527522e-69
-12.869784992006129966885361232355 4.0157584892448877488900759050166e-73
12.869784992006129966885361232355 4.0157584892448877488900759050166e-73
-13.223712557871777777653621437834 4.1535499466156645575562139615323e-77
13.223712557871777777653621437834 4.1535499466156645575562139615323e-77
-13.601609402686370031722841026728 1.7690369566796991032454991501951e-81
13.601609402686370031722841026728 1.7690369566796991032454991501951e-81
-14.012776679134206487124115787811 2.2852295477810566527713925763529e-86
14.012776679134206487124115787811 2.2852295477810566527713925763529e-86
-14.475268112055593788934716829919 4.9990906972962299061569001486382e-92
14.475268112055593788934716829919 4.9990906972962299061569001486382e-92
-15.036352557386012380716045797035 4.1905794490629282286043701650008e-99
15.036352557386012380716045797035 4.1905794490629282286043701650008e-99
