60
2
-0.14280123870343887074501551297195 0.27985311752282898229232086727732
0.14280123870343887074501551297195 0.27985311752282898229232086727732
-0.428500064220627538846755698758 0.23786890495865885079286051789266
0.428500064220627538846755698758 0.23786890495865885079286051789266
-0.71448878167257860392488620393633 0.17177615691888506439839819975164
0.71448878167257860392488620393633 0.17177615691888506439839819975164
-1.0009634995607180135293344549484 0.10529876369778563688597338696332
1.0009634995607180135293344549484 0.10529876369778563688597338696332
-1.2881246748688936164397076425427 0.054718970932182795484845237772673
1.2881246748688936164397076425427 0.054718970932182795484845237772673
-1.576179011975020399993175038867 0.024061272766109338446051079814429
1.576179011975020399993175038867 0.024061272766109338446051079814429
-1.8653415312330316930333495855523 0.008932178360307811462871820809804
1.8653415312330316930333495855523 0.008932178360307811462871820809804
-2.1558378712292110075740369792489 0.0027913248289530642527683411722159
2.1558378712292110075740369792489 0.0027913248289530642527683411722159
-2.4479069023076857500547731338893 0.00073177355696550751070312661176569
2.4479069023076857500547731338893 0.00073177355696550751070312661176569
-2.7418037480696917507758606822396 0.00016027733468184496083483373273223
2.7418037480696917507758606822396 0.00016027733468184496083483373273223
-3.0378033382307492890802296763463 0.000029187419041555317930360536323265
3.0378033382307492890802296763463 0.000029187419041555317930360536323265
-3.3362046535475871124271547697458 4.3942869362670407613359664449351e-6
3.3362046535475871124271547697458 4.3942869362670407613359664449351e-6
-3.6373358761707317797367053315971 5.4335161342049139808797303470867e-7
3.6373358761707317797367053315971 5.4335161342049139808797303470867e-7
-3.9415607339261846101640945743281 5.4755546192766803527200133535799e-8
3.9415607339261846101640945743281 5.4755546192766803527200133535799e-8
-4.2492864359560065381466549768449 4.4568227752259420136291715156154e-9
4.2492864359560065381466549768449 4.4568227752259420136291715156154e-9
-4.5609737579358353017962980677287 2.8993590128077490219730782331257e-10
4.5609737579358353017962980677287 2.8993590128077490219730782331257e-10
-4.8771500774731511480924495518747 1.4889573490628000465332100351995e-11
4.8771500774731511480924495518747 1.4889573490628000465332100351995e-11
-5.1984265345762935517089579392534 5.9484305160560912281045188979571e-13
5.1984265345762935517089579392534 5.9484305160560912281045188979571e-13
-5.5255210861386842674589814196132 1.8166245762596277352757963383724e-14
5.5255210861386842674589814196132 1.8166245762596277352757963383724e-14
-5.8592901963942347711539912196619 4.1524441096940227275204397512759e-16
5.8592901963942347711539912196619 4.1524441096940227275204397512759e-16
-6.2007735579934376894754243004625 6.9232479095776520374933556139652e-18
6.2007735579934376894754243004625 6.9232479095776520374933556139652e-18
-6.5512591670629209295349099691187 8.1536404730238329037944173274295e-20
6.5512591670629209295349099691187 8.1536404730238329037944173274295e-20
-6.9123815321893188709716166204698 6.5125672574963634997468007229225e-22
6.9123815321893188709716166204698 6.5125672574963634997468007229225e-22
-7.2862765943955995570605443928373 3.345756955752521642745241145693e-24
7.2862765943955995570605443928373 3.345756955752521642745241145693e-24
-7.6758399375048878274637911443106 1.0294059971650863381269227136687e-26
7.6758399375048878274637911443106 1.0294059971650863381269227136687e-26
-8.0851886542490215111735520267676 1.7155731476717452909949976040402e-29
8.0851886542490215111735520267676 1.7155731476717452909949976040402e-29
-8.5205692841176308622713567729184 1.3325596117642508501991410675459e-32
8.5205692841176308622713567729184 1.3325596117642508501991410675459e-32
-8.9923980014049446467861758827454 3.7716267271207005673225575484447e-36
8.9923980014049446467861758827454 3.7716267271207005673225575484447e-36
-9.520903677013318249220536468236 2.4397475881452012421033309637096e-40
9.520903677013318249220536468236 2.4397475881452012421033309637096e-40
-10.15910924618008705819453469259 1.109587247968308702042133577702e-45
10.15910924618008705819453469259 1.109587247968308702042133577702e-45
