12
2
-0.31424037625435911127661163409534 0.5701352362624795783471134822748
0.31424037625435911127661163409534 0.5701352362624795783471134822748
-0.94778839124016374370457813106014 0.26049231026416112923339613976525
0.94778839124016374370457813106014 0.26049231026416112923339613976525
-1.5976826351526047967096627709046 0.051607985615883929991873442360613
1.5976826351526047967096627709046 0.051607985615883929991873442360613
-2.2795070805010599001877285694243 0.0039053905846290618599943843261953
2.2795070805010599001877285694243 0.0039053905846290618599943843261953
-3.0206370251208897717106793751768 0.000085736870435878586545690632315324
3.0206370251208897717106793751768 0.000085736870435878586545690632315324
-3.8897248978697819192716427472442 2.6585516843563016060231140087687e-7
3.8897248978697819192716427472442 2.6585516843563016060231140087687e-7
