72
2
-0.13044853509282018973717558614054 0.25650502626034933186517935261192
0.13044853509282018973717558614054 0.25650502626034933186517935261192
-0.39140687826621278613914388883605 0.22395285395671352906271385370335
0.39140687826621278613914388883605 0.22395285395671352906271385370335
-0.65254941532698808908920919090367 0.17067412122709254050667219743498
0.65254941532698808908920919090367 0.17067412122709254050667219743498
-0.91400019866369753161950075923263 0.11347683695023603808445637925343
0.91400019866369753161950075923263 0.11347683695023603808445637925343
-1.1758851891099782325257094995183 0.065771771087721646883124515052578
1.1758851891099782325257094995183 0.065771771087721646883124515052578
-1.438333067706773663081238273801 0.033197971745097741437347338599058
1.438333067706773663081238273801 0.033197971745097741437347338599058
-1.7014760979685194368677913107382 0.014572966566065014188577988245412
1.7014760979685194368677913107382 0.014572966566065014188577988245412
-1.965451056257854715186396951823 0.0055544997811365548275887780105078
1.965451056257854715186396951823 0.0055544997811365548275887780105078
-2.230400250526002377189212696152 0.0018346879155592468217359394825062
2.230400250526002377189212696152 0.0018346879155592468217359394825062
-2.4964726512514906523414700301045 0.00052397811821303107918492191112981
2.4964726512514906523414700301045 0.00052397811821303107918492191112981
-2.7638251631581228490475968188388 0.00012904853700328510429632134843623
2.7638251631581228490475968188388 0.00012904853700328510429632134843623
-3.0326240725636303891217362979503 0.000027325285268221304176881099184527
3.0326240725636303891217362979503 0.000027325285268221304176881099184527
-3.3030467134928975039664893610014 4.957249020873800656022208454252e-6
3.3030467134928975039664893610014 4.957249020873800656022208454252e-6
-3.5752834066737426742971301828279 7.6747273751899128392279426384425e-7
3.5752834066737426742971301828279 7.6747273751899128392279426384425e-7
-3.8495397401994361229885595029524 1.0094315168892031690426606741863e-7
3.8495397401994361229885595029524 1.0094315168892031690426606741863e-7
-4.1260392804003083156995678343322 1.1221758911496093300658766470677e-8
4.1260392804003083156995678343322 1.1221758911496093300658766470677e-8
-4.4050268283718439049793932286047 1.0483088420892121129084836936897e-9
4.4050268283718439049793932286047 1.0483088420892121129084836936897e-9
-4.6867723746994256297460105127799 8.1749589868013115926012027784747e-11
4.6867723746994256297460105127799 8.1749589868013115926012027784747e-11
-4.9715759567771792319142998610075 5.2816149659272902845828876592103e-12
4.9715759567771792319142998610075 5.2816149659272902845828876592103e-12
-5.2597736967589261498552669014187 2.8026693289669934217456144081225e-13
5.2597736967589261498552669014187 2.8026693289669934217456144081225e-13
-5.5517454045920142719300323209059 1.2094094650388287673105125844247e-14
5.5517454045920142719300323209059 1.2094094650388287673105125844247e-14
-5.8479242873741696441806493325067 4.1953024073558078183893734098074e-16
5.8479242873741696441806493325067 4.1953024073558078183893734098074e-16
-6.1488095423716099426909996325185 1.1542667556483308008156421675435e-17
6.1488095423716099426909996325185 1.1542667556483308008156421675435e-17
-6.4549829753707285869805482441131 2.4793963766166342153052979842447e-19
6.4549829753707285869805482441131 2.4793963766166342153052979842447e-19
-6.7671313640535122473501734617738 4.0808135693241113757315226875894e-21
6.7671313640535122473501734617738 4.0808135693241113757315226875894e-21
-7.0860772325710900457347919511882 5.0319775906457704545318666852171e-23
7.0860772325710900457347919511882 5.0319775906457704545318666852171e-23
-7.4128223108085413764873889866022 4.5229388132654207559067497933718e-25
7.4128223108085413764873889866022 4.5229388132654207559067497933718e-25
-7.7486107996948921686068916587134 2.8644542990100543237334042325899e-27
7.7486107996948921686068916587134 2.8644542990100543237334042325899e-27
-8.095024869131343003517320646322 1.2244058147623129482206070577836e-29
8.095024869131343003517320646322 1.2244058147623129482206070577836e-29
-8.4541353114024229064129568859802 3.3402996562303202893450681122837e-32
8.4541353114024229064129568859802 3.3402996562303202893450681122837e-32
-8.8287526315494796589412090142643 5.3944805170902483477352622238456e-35
8.8287526315494796589412090142643 5.3944805170902483477352622238456e-35
-9.2228761302815707925553432657785 4.6392142210441890395948141274821e-38
9.2228761302815707925553432657785 4.6392142210441890395948141274821e-38
-9.6425765744143070135631575657754 1.8132393982489700604339301564226e-41
9.6425765744143070135631575657754 1.8132393982489700604339301564226e-41
-10.097979221003260649991554743897 2.4843223778450841019689506003566e-45
10.097979221003260649991554743897 2.4843223778450841019689506003566e-45
-10.608747515229253232771426392855 7.2888760600703965280651677863594e-50
10.608747515229253232771426392855 7.2888760600703965280651677863594e-50
-11.226409538142135451444088241888 1.3140200635759081051207668892614e-55
11.226409538142135451444088241888 1.3140200635759081051207668892614e-55
