117
2
0 0.20493398052053616415186335912266
-0.20494008509748738180479758480531 0.19652247660560301717514905193696
0.20494008509748738180479758480531 0.19652247660560301717514905193696
-0.40991681468614056510543412331936 0.17329818332155357052669530553847
0.40991681468614056510543412331936 0.17329818332155357052669530553847
-0.61496691852828632150419082547363 0.14051423956652512696731077442386
0.61496691852828632150419082547363 0.14051423956652512696731077442386
-0.82012729750837229489761181172934 0.10474325576824082297127721396181
0.82012729750837229489761181172934 0.10474325576824082297127721396181
-1.0254351106514222649511221646891 0.071766149805041343498570811003859
1.0254351106514222649511221646891 0.071766149805041343498570811003859
-1.2309278639126584244262334506091 0.045183798113816509415543265234134
1.2309278639126584244262334506091 0.045183798113816509415543265234134
-1.4366435013663819371884923331413 0.026131824932046434799525617759452
1.4366435013663819371884923331413 0.026131824932046434799525617759452
-1.6426204994556328630828905028804 0.013877372041544308650209233747361
1.6426204994556328630828905028804 0.013877372041544308650209233747361
-1.848897965007375367339138712701 0.0067638384706752924536861044024864
1.848897965007375367339138712701 0.0067638384706752924536861044024864
-2.0555157377720057315737845671273 0.0030241014828653715273093196118772
2.0555157377720057315737845671273 0.0030241014828653715273093196118772
-2.2625144983121752345119271817077 0.0012395239105761735933314782584844
2.2625144983121752345119271817077 0.0012395239105761735933314782584844
-2.4699358821459070208106763699325 0.00046545282707817313298310368571592
2.4699358821459070208106763699325 0.00046545282707817313298310368571592
-2.6778226011448115216566363316684 0.00016000468687262666833664506337226
2.6778226011448115216566363316684 0.00016000468687262666833664506337226
-2.8862185733023915441296159715531 0.00005031133698807346055960257007862
2.8862185733023915441296159715531 0.00005031133698807346055960257007862
-3.0951690621230778261124555557834 0.000014457032475544514949972764894273
3.0951690621230778261124555557834 0.000014457032475544514949972764894273
-3.3047208270435604733974716191083 3.7926166158590815625550383737799e-6
3.3047208270435604733974716191083 3.7926166158590815625550383737799e-6
-3.514922286488869261559579230148 9.0734367403525803303913811501916e-7
3.514922286488869261559579230148 9.0734367403525803303913811501916e-7
-3.7258236953922832849567008192022 1.9772532357280957620751851055095e-7
3.7258236953922832849567008192022 1.9772532357280957620751851055095e-7
-3.9374773392776569890892915972431 3.9196764143747306715927754635073e-8
3.9374773392776569890892915972431 3.9196764143747306715927754635073e-8
-4.1499377473239887046592621273019 7.0587498965529236882154340752521e-9
4.1499377473239887046592621273019 7.0587498965529236882154340752521e-9
-4.3632619272160537433738290358314 1.1530186653890604060121058886759e-9
4.3632619272160537433738290358314 1.1530186653890604060121058886759e-9
-4.5775096250454670811335020100569 1.7055424914056358473827448986256e-10
4.5775096250454670811335020100569 1.7055424914056358473827448986256e-10
-4.7927436140809667814088218092448 2.2805223736763969176507588909244e-11
4.7927436140809667814088218092448 2.2805223736763969176507588909244e-11
-5.0090300168969302526383170217 2.7511620846328693336344861443262e-12
5.0090300168969302526383170217 2.7511620846328693336344861443262e-12
-5.2264386661630063597605778113739 2.988159362335551329800234585225e-13
5.2264386661630063597605778113739 2.988159362335551329800234585225e-13
-5.4450435103908969836154217430344 2.9155331883629445164293112577695e-14
5.4450435103908969836154217430344 2.9155331883629445164293112577695e-14
-5.6649230721526255000184913920176 2.5491665563097595288690462188148e-15
5.6649230721526255000184913920176 2.5491665563097595288690462188148e-15
-5.8861609677875623694577397236145 1.9920232649990708370152000666357e-16
5.8861609677875623694577397236145 1.9920232649990708370152000666357e-16
-6.1088464994807222857274652614106 1.3872615165495285967727510322501e-17
6.1088464994807222857274652614106 1.3872615165495285967727510322501e-17
-6.3330753329246668573063802223113 8.5828869554158162079390291019688e-19
6.3330753329246668573063802223113 8.5828869554158162079390291019688e-19
-6.5589502767074937001001121691237 4.7015694865720419144706405868925e-20
6.5589502767074937001001121691237 4.7015694865720419144706405868925e-20
-6.7865821832816839295130648246737 2.2718330011553727853557100121119e-21
6.7865821832816839295130648246737 2.2718330011553727853557100121119e-21
-7.0160909961088486709587454570767 9.6443805701336741549497792919288e-23
7.0160909961088486709587454570767 9.6443805701336741549497792919288e-23
-7.2476069736794365208453247404154 3.5810407352213575397779047193606e-24
7.2476069736794365208453247404154 3.5810407352213575397779047193606e-24
-7.4812721290378649042968789233412 1.1573493767550666496542339776958e-25
7.4812721290378649042968789233412 1.1573493767550666496542339776958e-25
-7.7172419338499778319289328641625 3.2382364130273123492842743618032e-27
7.7172419338499778319289328641625 3.2382364130273123492842743618032e-27
-7.9556873498473584344328242516852 7.7976718238940772369154585338748e-29
7.9556873498473584344328242516852 7.7976718238940772369154585338748e-29
-8.1967972689854165873622638120348 1.6053724151347983649428205395586e-30
8.1967972689854165873622638120348 1.6053724151347983649428205395586e-30
-8.4407814687705139915489644781202 2.8051622162519566632396504784607e-32
8.4407814687705139915489644781202 2.8051622162519566632396504784607e-32
-8.6878742237708880066275111219251 4.1261954854591924196841839335052e-34
8.6878742237708880066275111219251 4.1261954854591924196841839335052e-34
-8.938338762576124224324801479869 5.0622696862483044812330539699387e-36
8.938338762576124224324801479869 5.0622696862483044812330539699387e-36
-9.192472827924056251185384213464 5.1264009327908494112188290394544e-38
9.192472827924056251185384213464 5.1264009327908494112188290394544e-38
-9.4506156965670486645953651586611 4.2343947760097855954501469260279e-40
9.4506156965670486645953651586611 4.2343947760097855954501469260279e-40
-9.7131571610296644729120139834335 2.8142461042205032205323597718105e-42
9.7131571610296644729120139834335 2.8142461042205032205323597718105e-42
-9.9805491945452850498842237841994 1.4814159278355104102093665595342e-44
9.9805491945452850498842237841994 1.4814159278355104102093665595342e-44
-10.253321358511124184806758034608 6.063704569418939770563932255791e-47
10.253321358511124184806758034608 6.063704569418939770563932255791e-47
-10.532101547973224752460698579386 1.8884218782950916387977814529103e-49
10.532101547973224752460698579386 1.8884218782950916387977814529103e-49
-10.817644548390338284546859170634 4.359717434343791927294375848058e-52
10.817644548390338284546859170634 4.359717434343791927294375848058e-52
-11.110872367128265946931160635935 7.2291385544927451668186424808153e-55
11.110872367128265946931160635935 7.2291385544927451668186424808153e-55
-11.412932942839975709330564032215 8.2793896913034253997995290457873e-58
11.412932942839975709330564032215 8.2793896913034253997995290457873e-58
-11.725288752112308598067305821409 6.2331956354057046002116284221837e-61
11.725288752112308598067305821409 6.2331956354057046002116284221837e-61
-12.049856556961975390130050030618 2.8926678180442108999723929579574e-64
12.049856556961975390130050030618 2.8926678180442108999723929579574e-64
-12.389240245284292547476435460432 7.5888934406189255846587258416308e-68
12.389240245284292547476435460432 7.5888934406189255846587258416308e-68
-12.747147119365038402090747385658 9.9634282798973743435226881574216e-72
12.747147119365038402090747385658 9.9634282798973743435226881574216e-72
-13.129205768185480997261742704253 5.4525421540757428462043030692024e-76
13.129205768185480997261742704253 5.4525421540757428462043030692024e-76
-13.544802666397537004556780730074 9.210710014158048333292158623139e-81
13.544802666397537004556780730074 9.210710014158048333292158623139e-81
-14.012158361728111244855794088973 2.7098206745665454776438996256084e-86
14.012158361728111244855794088973 2.7098206745665454776438996256084e-86
-14.578982825139289784962001188634 3.2301009699191337934625709512195e-93
14.578982825139289784962001188634 3.2301009699191337934625709512195e-93
