107
2
0 0.2142536819721870329007873427269
-0.21426130687493608195766278262612 0.20466195210272583924793100910856
0.21426130687493608195766278262612 0.20466195210272583924793100910856
-0.42856838858126441366411325192314 0.17838019194959492761002090755154
0.42856838858126441366411325192314 0.17838019194959492761002090755154
-0.64296714724579428982320091050538 0.14184235712795282972755428332338
0.64296714724579428982320091050538 0.14184235712795282972755428332338
-0.85750374062088578968961533260477 0.10287976270898225519678361412219
0.85750374062088578968961533260477 0.10287976270898225519678361412219
-1.0722247125008730414678316150372 0.068045431494172180245251608428269
1.0722247125008730414678316150372 0.068045431494172180245251608428269
-1.2871771263105224327577317701426 0.041025901106205998191521734169135
1.2871771263105224327577317701426 0.041025901106205998191521734169135
-1.5024087030036998568192976229989 0.022538065887400386805970042629301
1.5024087030036998568192976229989 0.022538065887400386805970042629301
-1.7179679644825638213483430039601 0.011275787985601640381277307827989
1.7179679644825638213483430039601 0.011275787985601640381277307827989
-1.9339043838414958576947369272698 0.0051343246513282527019350558635861
1.9339043838414958576947369272698 0.0051343246513282527019350558635861
-2.1502685438583312637822710341355 0.0021262829728506486978780205406284
2.1502685438583312637822710341355 0.0021262829728506486978780205406284
-2.3671123053017530683876880580865 0.00080022923976588322205999708248538
2.3671123053017530683876880580865 0.00080022923976588322205999708248538
-2.5844889868023953258225944386424 0.00027344820329821613523685623681487
2.5844889868023953258225944386424 0.00027344820329821613523685623681487
-2.8024535582518540215657289423978 0.000084755918374596058263139823057988
2.8024535582518540215657289423978 0.000084755918374596058263139823057988
-3.0210628499554304601279837050405 0.000023802318133010153102062098442233
3.0210628499554304601279837050405 0.000023802318133010153102062098442233
-3.2403757800798092252862498804317 6.0491308542217177478306692918974e-6
3.2403757800798092252862498804317 6.0491308542217177478306692918974e-6
-3.4604536033170052186359809960989 1.3893404522738117859390206236887e-6
3.4604536033170052186359809960989 1.3893404522738117859390206236887e-6
-3.6813601841446336846229689429552 2.8795698296534277897004261329748e-7
3.6813601841446336846229689429552 2.8795698296534277897004261329748e-7
-3.9031622986173098157378782212247 5.3771344014689373263302590179116e-8
3.9031622986173098157378782212247 5.3771344014689373263302590179116e-8
-4.1259299692968720206459273923315 9.0305672540467332396221496706638e-9
4.1259299692968720206459273923315 9.0305672540467332396221496706638e-9
-4.3497368387482863174260722071617 1.3614036372254082049351296812228e-9
4.3497368387482863174260722071617 1.3614036372254082049351296812228e-9
-4.5746605880295633600829851290726 1.8384761407124187109334051700641e-10
4.5746605880295633600829851290726 1.8384761407124187109334051700641e-10
-4.8007834078342346301312145496687 2.218900586846061095009175944176e-11
4.8007834078342346301312145496687 2.218900586846061095009175944176e-11
-5.0281925314641190144242620384048 2.3875175115445545002601782599213e-12
5.0281925314641190144242620384048 2.3875175115445545002601782599213e-12
-5.2569808406969602312086460900735 2.2840535977994077510802593914385e-13
5.2569808406969602312086460900735 2.2840535977994077510802593914385e-13
-5.4872475579716516811764038645282 1.9370075854563977175948184455599e-14
5.4872475579716516811764038645282 1.9370075854563977175948184455599e-14
-5.7190990412807682624993919988809 1.451499122180434092469362247497e-15
5.7190990412807682624993919988809 1.451499122180434092469362247497e-15
-5.9526497019202827018289676698839 9.5769111189688337208258154452923e-17
5.9526497019202827018289676698839 9.5769111189688337208258154452923e-17
-6.1880230700488547723968361259451 5.5420769366655716440940722168811e-18
6.1880230700488547723968361259451 5.5420769366655716440940722168811e-18
-6.4253530391943393717522772016758 2.8009656241230797381398136834772e-19
6.4253530391943393717522772016758 2.8009656241230797381398136834772e-19
-6.6647853288831935224700236003633 1.230536214443387452085341753514e-20
6.6647853288831935224700236003633 1.230536214443387452085341753514e-20
-6.9064792151159045169888881645509 4.6750298903216434042005755932043e-22
6.9064792151159045169888881645509 4.6750298903216434042005755932043e-22
-7.1506095923972862019414856392267 1.5271754441948772248406692270499e-23
7.1506095923972862019414856392267 1.5271754441948772248406692270499e-23
-7.3973694497863690184217681396456 4.2622901606926451769349890349492e-25
7.3973694497863690184217681396456 4.2622901606926451769349890349492e-25
-7.6469728688944977567230254290809 1.0091662170872895759804204102537e-26
7.6469728688944977567230254290809 1.0091662170872895759804204102537e-26
-7.8996586867968659599107776366889 2.0109122099933549048484709621973e-28
7.8996586867968659599107776366889 2.0109122099933549048484709621973e-28
-8.1556950157409375987079601995103 3.3422916829862709957297217686431e-30
8.1556950157409375987079601995103 3.3422916829862709957297217686431e-30
-8.4153848809401460074875668909611 4.5868230110636312049443286085493e-32
8.4153848809401460074875668909611 4.5868230110636312049443286085493e-32
-8.6790733379711626821090187961072 5.1377976964187339199639697059209e-34
8.6790733379711626821090187961072 5.1377976964187339199639697059209e-34
-8.947156578906103797118555794206 4.6353055637591484696042635004644e-36
8.947156578906103797118555794206 4.6353055637591484696042635004644e-36
-9.2200937585148396108898927539346 3.3170216420826217741217241803066e-38
9.2200937585148396108898927539346 3.3170216420826217741217241803066e-38
-9.4984226146699941537881000073943 1.8492505278933947632615501390904e-40
9.4984226146699941537881000073943 1.8492505278933947632615501390904e-40
-9.7827805008057859446859404099133 7.8635083915712111088902241321737e-43
9.7827805008057859446859404099133 7.8635083915712111088902241321737e-43
-10.073933338405658752201865877121 2.4865399657655417590099313412746e-45
10.073933338405658752201865877121 2.4865399657655417590099313412746e-45
-10.372816508782415070236001629191 5.6695759907966977433136325075814e-48
10.372816508782415070236001629191 5.6695759907966977433136325075814e-48
-10.680594380572309163503221153084 8.9727413440350978922648778128107e-51
10.680594380572309163503221153084 8.9727413440350978922648778128107e-51
-10.998750155541700976619862874258 9.3924613692273470841651377488938e-54
10.998750155541700976619862874258 9.3924613692273470841651377488938e-54
-11.329227578271462787798156677668 6.1079802227755106788281163460491e-57
11.329227578271462787798156677668 6.1079802227755106788281163460491e-57
-11.674667060202870983754596157961 2.268083426406932278839015994291e-60
11.674667060202870983754596157961 2.268083426406932278839015994291e-60
-12.038827866477725304644491027053 4.2706414980122248457421243819041e-64
12.038827866477725304644491027053 4.2706414980122248457421243819041e-64
-12.427417635190753322589550891159 3.4126815525064640563451789618171e-68
12.427417635190753322589550891159 3.4126815525064640563451789618171e-68
-12.849955272837833357452135064151 8.6398120096864438817100244980789e-73
12.849955272837833357452135064151 8.6398120096864438817100244980789e-73
-13.324920252415142664778773433157 3.9718103441764073679558847572445e-78
13.324920252415142664778773433157 3.9718103441764073679558847572445e-78
-13.900707417887172386420773522771 8.0393571289953796427299948767466e-85
13.900707417887172386420773522771 8.0393571289953796427299948767466e-85
