81
2
0 0.24606621240915123282811558961953
-0.24608144890838047545503490533789 0.23165063428423815049746351272967
0.24608144890838047545503490533789 0.23165063428423815049746351272967
-0.49225440521533764562132363251996 0.19325876496080130378207151149979
0.49225440521533764562132363251996 0.19325876496080130378207151149979
-0.73861081967444193024249154860012 0.14284081532237769094025087448234
0.73861081967444193024249154860012 0.14284081532237769094025087448234
-0.98524353603723147165911523892868 0.093492582227695339857604068983928
0.98524353603723147165911523892868 0.093492582227695339857604068983928
-1.2322467534512361937823903747625 0.054154863728585586942045216122575
1.2322467534512361937823903747625 0.054154863728585586942045216122575
-1.479716508446873119932588643409 0.027737938219946446194473857636702
1.479716508446873119932588643409 0.027737938219946446194473857636702
-1.7277511839192137219143126082348 0.012549959027149006335135978264924
1.7277511839192137219143126082348 0.012549959027149006335135978264924
-1.9764520533164987981857107418636 0.0050096471937478563221871646898147
1.9764520533164987981857107418636 0.0050096471937478563221871646898147
-2.2259238693277424113672774266046 0.0017617305058156653963428287895564
2.2259238693277424113672774266046 0.0017617305058156653963428287895564
-2.4762755077735273914630687916514 0.00054489132381766877933787060676145
2.4762755077735273914630687916514 0.00054489132381766877933787060676145
-2.7276206792242433399264325133526 0.00014793874164100529661018653856427
2.7276206792242433399264325133526 0.00014793874164100529661018653856427
-2.9800787232025515793941288157072 0.000035180651840387553955897810090119
2.9800787232025515793941288157072 0.000035180651840387553955897810090119
-3.2337755028119286820627260010824 7.3096953196703322681169921135379e-6
3.2337755028119286820627260010824 7.3096953196703322681169921135379e-6
-3.4888444214602068836768237335497 1.3232911149144286012146807061736e-6
3.4888444214602068836768237335497 1.3232911149144286012146807061736e-6
-3.7454275882737635006135866820826 2.0807020978532899588332555676699e-7
3.7454275882737635006135866820826 2.0807020978532899588332555676699e-7
-4.0036771651776290846693303927591 2.8316197051829981380939306860947e-8
4.0036771651776290846693303927591 2.8316197051829981380939306860947e-8
-4.2637569369381027629792453634582 3.3221419859886430348831757763066e-9
4.2637569369381027629792453634582 3.3221419859886430348831757763066e-9
-4.525844156411308344463670794071 3.3453423873608683845294647814088e-10
4.525844156411308344463670794071 3.3453423873608683845294647814088e-10
-4.7901317317816870506205611263727 2.8770619925838084374409643694047e-11
4.7901317317816870506205611263727 2.8770619925838084374409643694047e-11
-5.0568308420977288833938177195464 2.1014796586114526721815899796311e-12
5.0568308420977288833938177195464 2.1014796586114526721815899796311e-12
-5.3261740939400641752822697194472 1.2955204220510432243455113902037e-13
5.3261740939400641752822697194472 1.2955204220510432243455113902037e-13
-5.5984193685789060037147873561815 6.6931269313103303498090895622195e-15
5.5984193685789060037147873561815 6.6931269313103303498090895622195e-15
-5.8738545599912281697239280666283 2.8746837567251361492722957846562e-16
5.8738545599912281697239280666283 2.8746837567251361492722957846562e-16
-6.1528034765082227614445576710358 1.0170733571060925735510358794592e-17
6.1528034765082227614445576710358 1.0170733571060925735510358794592e-17
-6.4356332834442266555506714050546 2.9333425183931753964700475090463e-19
6.4356332834442266555506714050546 2.9333425183931753964700475090463e-19
-6.7227640181091335822391619422059 6.8135449122040236329072649059353e-21
6.7227640181091335822391619422059 6.8135449122040236329072649059353e-21
-7.0146809405398776718684379555567 1.2568606780858532835012824931707e-22
7.0146809405398776718684379555567 1.2568606780858532835012824931707e-22
-7.3119508411483106444357641632499 1.811177192070953847479545451351e-24
7.3119508411483106444357641632499 1.811177192070953847479545451351e-24
-7.6152439941755771815282824233941 1.9995631822582091456158385355066e-26
7.6152439941755771815282824233941 1.9995631822582091456158385355066e-26
-7.9253643753426419681998177318354 1.6522218331862341224569524272191e-28
7.9253643753426419681998177318354 1.6522218331862341224569524272191e-28
-8.2432923404437452528116767106172 9.9316879214597883984693227358575e-31
8.2432923404437452528116767106172 9.9316879214597883984693227358575e-31
-8.5702467579780241841940720574422 4.1929734266119890302654815398891e-33
8.5702467579780241841940720574422 4.1929734266119890302654815398891e-33
-8.9077787978104054327308201919221 1.1891459359657441125695774242087e-35
8.9077787978104054327308201919221 1.1891459359657441125695774242087e-35
-9.257919882849223172196568290551 2.1381421402290520904204882472412e-38
9.257919882849223172196568290551 2.1381421402290520904204882472412e-38
-9.6234282602828920716916764016825 2.2549072526181429390907895225246e-41
9.6234282602828920716916764016825 2.2549072526181429390907895225246e-41
-10.008229962827861567283060905474 1.2501139575481112407078180538133e-44
10.008229962827861567283060905474 1.2501139575481112407078180538133e-44
-10.41828542378573184090557566991 3.0923065202135555290777383329316e-48
10.41828542378573184090557566991 3.0923065202135555290777383329316e-48
-10.863536193428574509808208874613 2.6082298377217184016341259696367e-52
10.863536193428574509808208874613 2.6082298377217184016341259696367e-52
-11.36328749465390686628146471546 4.5007211282482774277498800618364e-57
11.36328749465390686628146471546 4.5007211282482774277498800618364e-57
-11.968119444868722242821173987636 4.3474845786308689190680461497018e-63
11.968119444868722242821173987636 4.3474845786308689190680461497018e-63
