120
2
-0.10118416715318335855782050939017 0.20030984626187929563541328632062
0.10118416715318335855782050939017 0.20030984626187929563541328632062
-0.30356969932406811747583028134623 0.18458665957131970630451839240811
0.30356969932406811747583028134623 0.18458665957131970630451839240811
-0.50600686311669595131417132079241 0.15673726302678051479163586199974
0.50600686311669595131417132079241 0.15673726302678051479163586199974
-0.70853020661847820092542647018715 0.12262242405763173922535565318136
0.70853020661847820092542647018715 0.12262242405763173922535565318136
-0.91117446928904503455051656233433 0.088373210437321350393511646477594
0.91117446928904503455051656233433 0.088373210437321350393511646477594
-1.1139746602463279929529319430002 0.05865799975004347092815133047224
1.1139746602463279929529319430002 0.05865799975004347092815133047224
-1.3169661383169376427022217361188 0.035848215647758156607352733336062
1.3169661383169376427022217361188 0.035848215647758156607352733336062
-1.5201846943942980906694684949324 0.020164796980741778327785672263366
1.5201846943942980906694684949324 0.020164796980741778327785672263366
-1.7236666366787171097097476473553 0.010435962135902669905820933607681
1.7236666366787171097097476473553 0.010435962135902669905820933607681
-1.9274488794124775327429709435923 0.0049668732525919463917271073746877
1.9274488794124775327429709435923 0.0049668732525919463917271073746877
-2.1315690357710211946276252206309 0.0021727898312954587955964189470334
2.1315690357710211946276252206309 0.0021727898312954587955964189470334
-2.3360655156294799944162115008468 0.00087313245576434170378260610557846
2.3360655156294799944162115008468 0.00087313245576434170378260610557846
-2.5409776289935786018673290169414 0.00032209543490434975368522517366544
2.5409776289935786018673290169414 0.00032209543490434975368522517366544
-2.7463456959669998142944207193591 0.00010899702609675288718331763489787
2.7463456959669998142944207193591 0.00010899702609675288718331763489787
-2.952211164225761833425726168011 0.000033808196410240290173665715139373
2.952211164225761833425726168011 0.000033808196410240290173665715139373
-3.1586167350865690214301588268253 9.6033945516455336237176454581568e-6
3.1586167350865690214301588268253 9.6033945516455336237176454581568e-6
-3.3656064993935965596468804014856 2.4957777427586581344967481878891e-6
3.3656064993935965596468804014856 2.4957777427586581344967481878891e-6
-3.5732260846105887322794113497384 5.9280419576037247186058425155082e-7
3.5732260846105887322794113497384 5.9280419576037247186058425155082e-7
-3.781522814697192071287192299364 1.285427233965057661844333607374e-7
3.781522814697192071287192299364 1.285427233965057661844333607374e-7
-3.9905458845758907187972315798566 2.5414386492665130939118465345536e-8
3.9905458845758907187972315798566 2.5414386492665130939118465345536e-8
-4.2003465512658977937003197113918 4.5753933756254312793944746446447e-9
4.2003465512658977937003197113918 4.5753933756254312793944746446447e-9
-4.4109783440817236812677919542063 7.4897520452156636148237944673546e-10
4.4109783440817236812677919542063 7.4897520452156636148237944673546e-10
-4.6224972966778902506707493852181 1.1130625000696828179934939684686e-10
4.6224972966778902506707493852181 1.1130625000696828179934939684686e-10
-4.8349622041811421998289547510311 1.4991784686824922547375077106587e-11
4.8349622041811421998289547510311 1.4991784686824922547375077106587e-11
-5.0484349092048065190290622728054 1.826748612701882587355657375426e-12
5.0484349092048065190290622728054 1.826748612701882587355657375426e-12
-5.2629806212085080927094089049665 2.0097524571107658628180348393518e-13
5.2629806212085080927094089049665 2.0097524571107658628180348393518e-13
-5.478668274478022430622804747773 1.9921528797000857212757621496839e-14
5.478668274478022430622804747773 1.9921528797000857212757621496839e-14
-5.695570930990137259507355040344 1.7750978597330660346236694033694e-15
5.695570930990137259507355040344 1.7750978597330660346236694033694e-15
-5.9137662356417082110793232399834 1.4182835695860073341341731534236e-16
5.9137662356417082110793232399834 1.4182835695860073341341731534236e-16
-6.1333369328198832167145932345937 1.0133911369582988888450708258806e-17
6.1333369328198832167145932345937 1.0133911369582988888450708258806e-17
-6.3543714551491241017761732109483 6.4565140315879087006424754016277e-19
6.3543714551491241017761732109483 6.4565140315879087006424754016277e-19
-6.5769645975720454941866717428935 3.6563781425498919552575052081693e-20
6.5769645975720454941866717428935 3.6563781425498919552575052081693e-20
-6.8012182928404509150443409296136 1.8341746417696679481102681675262e-21
6.8012182928404509150443409296136 1.8341746417696679481102681675262e-21
-7.0272425081913884656127886389576 8.1196497360506198037116210338081e-23
7.0272425081913884656127886389576 8.1196497360506198037116210338081e-23
-7.2551562877054541652194993972495 3.1590858369572290018067596233001e-24
7.2551562877054541652194993972495 3.1590858369572290018067596233001e-24
-7.4850889709254091514674505270166 1.0753877987999787603764693482995e-25
7.4850889709254091514674505270166 1.0753877987999787603764693482995e-25
-7.7171816262142669831797814454041 3.1872062136052699375115802612332e-27
7.7171816262142669831797814454041 3.1872062136052699375115802612332e-27
-7.9515887476984769693781128751614 8.1797979499698380960011167594143e-29
7.9515887476984769693781128751614 8.1797979499698380960011167594143e-29
-8.1884802783862386511297713661722 1.8070157219004057384732388867268e-30
8.1884802783862386511297713661722 1.8070157219004057384732388867268e-30
-8.4280440404817563755201420431765 3.4133817510443914320660506795079e-32
8.4280440404817563755201420431765 3.4133817510443914320660506795079e-32
-8.6704886789370512333257941917384 5.4726905931532847336997697782774e-34
8.6704886789370512333257941917384 5.4726905931532847336997697782774e-34
-8.916047258707868505950723860069 7.3861592386369453515290366427457e-36
8.916047258707868505950723860069 7.3861592386369453515290366427457e-36
-9.1649817042418152411399046392835 8.3138040908203753812690060380435e-38
9.1649817042418152411399046392835 8.3138040908203753812690060380435e-38
-9.4175883379130306858251559492674 7.7228330960794044952933787878796e-40
9.4175883379130306858251559492674 7.7228330960794044952933787878796e-40
-9.6742048725828564967313134407117 5.8499085615955418774764363497769e-42
9.6742048725828564967313134407117 5.8499085615955418774764363497769e-42
-9.9352193584733491768382820520615 3.5641227393845951110875536463187e-44
9.9352193584733491768382820520615 3.5641227393845951110875536463187e-44
-10.201081802811932833517226261759 1.7190498209667850142500264397146e-46
10.201081802811932833517226261759 1.7190498209667850142500264397146e-46
-10.472319517421078787835866111128 6.4431660432387012985495179991304e-49
10.472319517421078787835866111128 6.4431660432387012985495179991304e-49
-10.749557783474378384034216434458 1.835988390291809644390163517183e-51
10.749557783474378384034216434458 1.835988390291809644390163517183e-51
-11.033548296890791337461076014115 3.8745058915294175652423174041306e-54
11.033548296890791337461076014115 3.8745058915294175652423174041306e-54
-11.325209342106416806510057372032 5.8655575443380127471927906187307e-57
11.325209342106416806510057372032 5.8655575443380127471927906187307e-57
-11.62568427112606462243634088517 6.1240687137524208512341795655954e-60
11.62568427112606462243634088517 6.1240687137524208512341795655954e-60
-11.93642976129831387617866507 4.1953576796012890546682389668341e-63
11.93642976129831387617866507 4.1953576796012890546682389668341e-63
-12.259355010417194211025832951048 1.7675264508544555115093058011419e-66
12.259355010417194211025832951048 1.7675264508544555115093058011419e-66
-12.597053652892485169378459635373 4.197293421280693255989807560694e-70
12.597053652892485169378459635373 4.197293421280693255989807560694e-70
-12.953218388266751069426496090721 4.9686800178710022781422418647135e-74
12.953218388266751069426496090721 4.9686800178710022781422418647135e-74
-13.333455576348190439423004963978 2.4388595277598759476862911746105e-78
13.333455576348190439423004963978 2.4388595277598759476862911746105e-78
-13.747114438757134836272410538235 3.6672428899257603223646843624782e-83
13.747114438757134836272410538235 3.6672428899257603223646843624782e-83
-14.212342685181814702911721367596 9.4880223969440085840489986640827e-89
14.212342685181814702911721367596 9.4880223969440085840489986640827e-89
-14.776657672798868483851814812419 9.708740317356031556309638016279e-96
14.776657672798868483851814812419 9.708740317356031556309638016279e-96
