71
2
0 0.26270996412870770660665037713375
-0.26273110051935881165272657388607 0.2452466359492044564999659404859
0.26273110051935881165272657388607 0.2452466359492044564999659404859
-0.52558917877833537904193024079275 0.19949184460058897115403699720704
0.52558917877833537904193024079275 0.19949184460058897115403699720704
-0.78870201263520345444994560118943 0.14134154505606345960496738728461
0.78870201263520345444994560118943 0.14134154505606345960496738728461
-1.0521989949595673247262123872075 0.087165933915876579855392875797382
1.0521989949595673247262123872075 0.087165933915876579855392875797382
-1.3162119786216787469516202879676 0.046746077576099864436376811506787
1.3162119786216787469516202879676 0.046746077576099864436376811506787
-1.5808761680325297259592305875758 0.021773546737772466133523245550525
1.5808761680325297259592305875758 0.021773546737772466133523245550525
-1.8463310754751216537102408366433 0.0087949222136699787770203833245767
1.8463310754751216537102408366433 0.0087949222136699787770203833245767
-2.1127215630246923230670797775886 0.0030750221611855081675092975302352
2.1127215630246923230670797775886 0.0030750221611855081675092975302352
-2.3801989943566361137269165409636 0.00092859086457657007634761915178242
2.3801989943566361137269165409636 0.00092859086457657007634761915178242
-2.6489225254318437010221997516218 0.00024157232920980290745394776844524
2.6489225254318437010221997516218 0.00024157232920980290745394776844524
-2.9190605692775652967871555327534 0.000053979561403797815799299693290762
2.9190605692775652967871555327534 0.000053979561403797815799299693290762
-3.1907924783359925576464539379024 0.000010325059077129097996375615240048
3.1907924783359925576464539379024 0.000010325059077129097996375615240048
-3.4643104988218911557938944567313 1.6840172739131214654636712915516e-6
3.4643104988218911557938944567313 1.6840172739131214654636712915516e-6
-3.7398220661958629144903225176265 2.3316541347245135313456825792919e-7
3.7398220661958629144903225176265 2.3316541347245135313456825792919e-7
-4.0175525306328757839548487739368 2.7267833016134238207465278656059e-8
4.0175525306328757839548487739368 2.7267833016134238207465278656059e-8
-4.2977484283048770195298663465014 2.6779761171072132072460042895653e-9
4.2977484283048770195298663465014 2.6779761171072132072460042895653e-9
-4.5806814514481747245593742556285 2.1942330999743534032744288951295e-10
4.5806814514481747245593742556285 2.1942330999743534032744288951295e-10
-4.8666533221367577754959724893161 1.4887527478920596521070959735144e-11
4.8666533221367577754959724893161 1.4887527478920596521070959735144e-11
-5.1560018484650619301863536197612 8.2926419028182544342295388828666e-13
5.1560018484650619301863536197612 8.2926419028182544342295388828666e-13
-5.4491085484699268606945678577403 3.7548696680657947402900439278108e-14
5.4491085484699268606945678577403 3.7548696680657947402900439278108e-14
-5.7464083842334575060033499629301 1.3663145902821175155443245355606e-15
5.7464083842334575060033499629301 1.3663145902821175155443245355606e-15
-6.0484023852002727641993738284864 3.942370423349577431356360889321e-17
6.0484023852002727641993738284864 3.942370423349577431356360889321e-17
-6.3556743048467316011151121836642 8.8796168315044761757779568927513e-19
6.3556743048467316011151121836642 8.8796168315044761757779568927513e-19
-6.6689130340885924278227003790731 1.5323733317269903263084402105891e-20
6.6689130340885924278227003790731 1.5323733317269903263084402105891e-20
-6.9889434433253232461099688872876 1.9812686302523462306516754749295e-22
6.9889434433253232461099688872876 1.9812686302523462306516754749295e-22
-7.3167699357978756498413891549212 1.8675901831655917424967202891728e-24
7.3167699357978756498413891549212 1.8675901831655917424967202891728e-24
-7.6536398489544066036844783385556 1.2407683405472819385152301392497e-26
7.6536398489544066036844783385556 1.2407683405472819385152301392497e-26
-8.0011391572542991304730709377895 5.5663539164359511252836620502478e-29
8.0011391572542991304730709377895 5.5663539164359511252836620502478e-29
-8.361343449010751550434405769475 1.5949041770861589657013520108588e-31
8.361343449010751550434405769475 1.5949041770861589657013520108588e-31
-8.7370695574210663263283196964718 2.7079520650400390442421335032959e-34
8.7370695574210663263283196964718 2.7079520650400390442421335032959e-34
-9.1323256149194797823820287173674 2.4518913381166379600188717942254e-37
9.1323256149194797823820287173674 2.4518913381166379600188717942254e-37
-9.5531956441224688130878946632854 1.0110662325251362240152777913034e-40
9.5531956441224688130878946632854 1.0110662325251362240152777913034e-40
-10.009826926005323777121496658285 1.4661118038717820322843884882765e-44
10.009826926005323777121496658285 1.4661118038717820322843884882765e-44
-10.521925803168939541888665079288 4.5764336789077590113531362748517e-49
10.521925803168939541888665079288 4.5764336789077590113531362748517e-49
-11.141133846557335064019733137924 8.8724008839104806061636580015563e-55
11.141133846557335064019733137924 8.8724008839104806061636580015563e-55
