121
2
0 0.20153240948474144623865443191727
-0.20153802394231831569444582676404 0.19352684051681759446290090650631
0.20153802394231831569444582676404 0.19352684051681759446290090650631
-0.40310974927746682190574266374045 0.17136352815479518620575529613523
0.40310974927746682190574266374045 0.17136352815479518620575529613523
-0.6047489507347518208330269929049 0.13990756676688006675272663193264
0.6047489507347518208330269929049 0.13990756676688006675272663193264
-0.8064895501826907443548586337803 0.10530541916565831900747365074629
0.8064895501826907443548586337803 0.10530541916565831900747365074629
-1.0083656913702025391281414264317 0.073057392793912233490393130818238
1.0083656913702025391281414264317 0.073057392793912233490393130818238
-1.2104118160904516460936035295154 0.04670620641251978087615951345675
1.2104118160904516460936035295154 0.04670620641251978087615951345675
-1.4126627422698671714537181346659 0.027507458506267452385385219351054
1.4126627422698671714537181346659 0.027507458506267452385385219351054
-1.6151537445099002808600663103852 0.014918844448036954975669783455448
1.6151537445099002808600663103852 0.014918844448036954975669783455448
-1.8179206376413908586297184720239 0.0074481168960530821190131381235159
1.8179206376413908586297184720239 0.0074481168960530821190131381235159
-2.0209998638917078385817329289216 0.0034211784137958673890191747035511
2.0209998638917078385817329289216 0.0034211784137958673890191747035511
-2.2244285843140196988295032646019 0.0014450639870005924254234371373384
2.2244285843140196988295032646019 0.0014450639870005924254234371373384
-2.4282447751872819570758918023182 0.00056094024606844384129069873187249
2.4282447751872819570758918023182 0.00056094024606844384129069873187249
-2.6324873301662032189414388576301 0.00019997290405207975573206986014318
2.6324873301662032189414388576301 0.00019997290405207975573206986014318
-2.8371961690442943785532004595672 0.00006542250984029683478136180632464
2.8371961690442943785532004595672 0.00006542250984029683478136180632464
-3.0424123540922235634145988060694 0.000019625894008346641564922397407274
3.0424123540922235634145988060694 0.000019625894008346641564922397407274
-3.248178215050663474847238884355 5.3937313862222938522452239861771e-6
3.248178215050663474847238884355 5.3937313862222938522452239861771e-6
-3.4545374839947669878595300988693 1.3566980827714940368932730121802e-6
3.4545374839947669878595300988693 1.3566980827714940368932730121802e-6
-3.6615354414501793705775074511174 3.119971541743743533233089910895e-7
3.6615354414501793705775074511174 3.119971541743743533233089910895e-7
-3.869219075332795037531066566879 6.552273299735538992032937695576e-8
3.869219075332795037531066566879 6.552273299735538992032937695576e-8
-4.0776372545120753692203064778486 1.2550651872012477030302044929192e-8
4.0776372545120753692203064778486 1.2550651872012477030302044929192e-8
-4.2868409190677945514706732229732 2.18971846378786112071172005162e-9
4.2868409190677945514706732229732 2.18971846378786112071172005162e-9
-4.4968832896314071340857736058693 3.4747667141216070771568601858864e-10
4.4968832896314071340857736058693 3.4747667141216070771568601858864e-10
-4.7078200985868250827276773037663 5.0072069799282994977556445392488e-11
4.7078200985868250827276773037663 5.0072069799282994977556445392488e-11
-4.9197098463649933623328693345074 6.5412509847214536252319488466237e-12
4.9197098463649933623328693345074 6.5412509847214536252319488466237e-12
-5.1326140866195267820030991901187 7.7326044861504627082999740759347e-13
5.1326140866195267820030991901187 7.7326044861504627082999740759347e-13
-5.3465977447386321358079326847577 8.2552749332412361823330459351767e-14
5.3465977447386321358079326847577 8.2552749332412361823330459351767e-14
-5.5617294749593149616161315801519 7.9423755813392777016751058803845e-15
5.5617294749593149616161315801519 7.9423755813392777016751058803845e-15
-5.7780820623389188302047264610006 6.8703687643915366115076828176332e-16
5.7780820623389188302047264610006 6.8703687643915366115076828176332e-16
-5.9957328770520161879017936237622 5.3301125275266942116825182410554e-17
5.9957328770520161879017936237622 5.3301125275266942116825182410554e-17
-6.2147643899767432124366789960816 3.6986721862085213282354518881819e-18
6.2147643899767432124366789960816 3.6986721862085213282354518881819e-18
-6.4352647603911388655857877113026 2.288950395624180649032639755519e-19
6.4352647603911388655857877113026 2.288950395624180649032639755519e-19
-6.657328508918655389312805575331 1.2592940912286146280028304621965e-20
6.657328508918655389312805575331 1.2592940912286146280028304621965e-20
-6.881057291777813216643566501994 6.137856884256017270509011034895e-22
6.881057291777813216643566501994 6.137856884256017270509011034895e-22
-7.1065607960848622421224961616645 2.6403982498871188324550077964968e-23
7.1065607960848622421224961616645 2.6403982498871188324550077964968e-23
-7.3339577806748517987503429811489 9.9838789745986428397623277180945e-25
7.3339577806748517987503429811489 9.9838789745986428397623277180945e-25
-7.5633772929797454395868832949836 3.3033284608828125029926490910422e-26
7.5633772929797454395868832949836 3.3033284608828125029926490910422e-26
-7.7949601003933713726435625423498 9.516596969219937445118525286504e-28
7.7949601003933713726435625423498 9.516596969219937445118525286504e-28
-8.028860384906374557470928517961 2.3742569610820778569801760717318e-29
8.028860384906374557470928517961 2.3742569610820778569801760717318e-29
-8.265247763521317769630749801872 5.0989613303208478005866944971618e-31
8.265247763521317769630749801872 5.0989613303208478005866944971618e-31
-8.5043097153654047405431659338024 9.3637976764321099613439371349837e-33
8.5043097153654047405431659338024 9.3637976764321099613439371349837e-33
-8.7462545214071800278604580964539 1.4595508732329047414804661606983e-34
8.7462545214071800278604580964539 1.4595508732329047414804661606983e-34
-8.9913148570644343713642965212255 1.9150597358365366585863850984577e-36
8.9913148570644343713642965212255 1.9150597358365366585863850984577e-36
-9.2397522259904872812881076953721 2.0955223902923941301372010322172e-38
9.2397522259904872812881076953721 2.0955223902923941301372010322172e-38
-9.4918624914245006558984409168149 1.8922123418053558978564924531394e-40
9.4918624914245006558984409168149 1.8922123418053558978564924531394e-40
-9.7479828598297106038305955895207 1.3931625443391943469015626236931e-42
9.7479828598297106038305955895207 1.3931625443391943469015626236931e-42
-10.008500816363464235636600293731 8.2491446524854186727881245733952e-45
10.008500816363464235636600293731 8.2491446524854186727881245733952e-45
-10.27386572971168210485378757107 3.8661220025481761825581597549784e-47
10.27386572971168210485378757107 3.8661220025481761825581597549784e-47
-10.544604180098764759771407451396 1.4077485752140073061124187933336e-49
10.544604180098764759771407451396 1.4077485752140073061124187933336e-49
-10.821340597636344223473719873468 3.8960048884898290978851361526231e-52
10.821340597636344223473719873468 3.8960048884898290978851361526231e-52
-11.104825671283981390202416586262 7.9826611475407720340669313016333e-55
11.104825671283981390202416586262 7.9826611475407720340669313016333e-55
-11.395976471020912700756383978661 1.1728639625604027522329942317207e-57
11.395976471020912700756383978661 1.1728639625604027522329942317207e-57
-11.695934851542778951844357804961 1.1878725902550491382706655769102e-60
11.695934851542778951844357804961 1.1878725902550491382706655769102e-60
-12.006155595899878702416985625051 7.8890210982667324251572621692047e-64
12.006155595899878702416985625051 7.8890210982667324251572621692047e-64
-12.328545429882383831747073434992 3.219657482148908223747179495606e-67
12.328545429882383831747073434992 3.219657482148908223747179495606e-67
-12.66569463582418272305957284701 7.3990554223001124612939791247651e-71
12.66569463582418272305957284701 7.3990554223001124612939791247651e-71
-13.021291138101009035720752788653 8.4655265882770823995668119848338e-75
13.021291138101009035720752788653 8.4655265882770823995668119848338e-75
-13.40093402629735844707373933232 4.0091236159544799606594509488482e-79
13.40093402629735844707373933232 4.0091236159544799606594509488482e-79
-13.813960337214355448750739554471 5.8017947700797898101678957425103e-84
13.813960337214355448750739554471 5.8017947700797898101678957425103e-84
-14.278493956537386025030796877616 1.4388577548099672756445287948366e-89
14.278493956537386025030796877616 1.4388577548099672756445287948366e-89
-14.841989245812462796021410779344 1.4001253142159803504649363817889e-96
14.841989245812462796021410779344 1.4001253142159803504649363817889e-96
