105
2
0 0.21627494312286804264513439312998
-0.21628293457217423010348317818544 0.20641382873539517294033679104915
0.21628293457217423010348317818544 0.20641382873539517294033679104915
-0.43261384549707677441651902167675 0.17943973488563159888615110535465
0.43261384549707677441651902167675 0.17943973488563159888615110535465
-0.64904084766152932864631252568521 0.14206655437043119611949343319153
0.64904084766152932864631252568521 0.14206655437043119611949343319153
-0.86561233418988328047019256672296 0.10241614803131453992540316112413
0.86561233418988328047019256672296 0.10241614803131453992540316112413
-1.0823771185059252312563017963958 0.067208115842432764478871135153552
1.0823771185059252312563017963958 0.067208115842432764478871135153552
-1.2993845799825058694166178014951 0.040131719533567984101981588101937
1.2993845799825058694166178014951 0.040131719533567984101981588101937
-1.5166848144697650401220040765345 0.021795386765479491020446059432567
1.5166848144697650401220040765345 0.021795386765479491020446059432567
-1.7343287910777164669227918908604 0.010759969971184514557577970924408
1.7343287910777164669227918908604 0.010759969971184514557577970924408
-1.9523685166996119186280152087179 0.0048255384821498014159072624164081
1.9523685166996119186280152087179 0.0048255384821498014159072624164081
-2.1708572099022446546431817468988 0.0019644706290361158094594639901539
2.1708572099022446546431817468988 0.0019644706290361158094594639901539
-2.3898494859824696633990838090439 0.00072534332143884734069758906133324
2.3898494859824696633990838090439 0.00072534332143884734069758906133324
-2.6094015552011855528180198672088 0.00024267655305986424244183699696646
2.6094015552011855528180198672088 0.00024267655305986424244183699696646
-2.829571436463756080388087781688 0.000073491681493347128554237549617271
2.829571436463756080388087781688 0.000073491681493347128554237549617271
-3.0504191890280569042071629114675 0.000020121686738026836586325920707586
3.0504191890280569042071629114675 0.000020121686738026836586325920707586
-3.2720071651989725833421669716616 4.9744232013977621128234912235558e-6
3.2720071651989725833421669716616 4.9744232013977621128234912235558e-6
-3.4944002874250445431222349102011 1.1087989233089719319015937532829e-6
3.4944002874250445431222349102011 1.1087989233089719319015937532829e-6
-3.7176663537665216993090492370456 2.2249156377389806461145924410739e-7
3.7176663537665216993090492370456 2.2249156377389806461145924410739e-7
-3.9418763763764075725377183427566 4.012166711257218035414558249635e-8
3.9418763763764075725377183427566 4.012166711257218035414558249635e-8
-4.1671049584554107494438289275596 6.489826160409691367123967222972e-9
4.1671049584554107494438289275596 6.489826160409691367123967222972e-9
-4.3934307161440914522355499679917 9.3968905695996901750253995174129e-10
4.3934307161440914522355499679917 9.3968905695996901750253995174129e-10
-4.6209367530474882080343568520469 1.215229998298278980222516916403e-10
4.6209367530474882080343568520469 1.215229998298278980222516916403e-10
-4.849711196609480010420715971369 1.4002082648585043379824575135238e-11
4.849711196609480010420715971369 1.4002082648585043379824575135238e-11
-5.079847807444988926362168321623 1.43359083644593582560108485611e-12
5.079847807444988926362168321623 1.43359083644593582560108485611e-12
-5.3114466751017564394404259305215 1.3004299981305162315585738537843e-13
5.3114466751017564394404259305215 1.3004299981305162315585738537843e-13
-5.5446150166977932334969433156257 1.0418125668654904976429017302927e-14
5.5446150166977932334969433156257 1.0418125668654904976429017302927e-14
-5.7794680986505119594586325956764 7.3453513452694840873274811552868e-16
5.7794680986505119594586325956764 7.3453513452694840873274811552868e-16
-6.0161303065289113342294914042728 4.540337236105321210521336505433e-17
6.0161303065289113342294914042728 4.540337236105321210521336505433e-17
-6.2547363942623566860719287409434 2.4500971300072101469673024537113e-18
6.2547363942623566860719287409434 2.4500971300072101469673024537113e-18
-6.4954329519998810756884933298298 1.1488922069252241260729270305016e-19
6.4954329519998810756884933298298 1.1488922069252241260729270305016e-19
-6.7383801424910450011910660389922 4.6574324658183151830941576829641e-21
6.7383801424910450011910660389922 4.6574324658183151830941576829641e-21
-6.9837537698848149000758553285497 1.6229893391873872482273241929289e-22
6.9837537698848149000758553285497 1.6229893391873872482273241929289e-22
-7.2317477636524038004799056134104 4.8310543796668498598422106768197e-24
7.2317477636524038004799056134104 4.8310543796668498598422106768197e-24
-7.4825771858770793932164420103643 1.2197280334801352064277824480768e-25
7.4825771858770793932164420103643 1.2197280334801352064277824480768e-25
-7.7364819052916921260722906096277 2.5914755539513117585570441479367e-27
7.7364819052916921260722906096277 2.5914755539513117585570441479367e-27
-7.9937311305046357978381996693529 4.5922904136652605957430673106474e-29
7.9937311305046357978381996693529 4.5922904136652605957430673106474e-29
-8.2546290644616647157496746253095 6.719431310273500295675056936943e-31
8.2546290644616647157496746253095 6.719431310273500295675056936943e-31
-8.5195220427131731549970553014318 8.0254188497505241082608504564347e-33
8.5195220427131731549970553014318 8.0254188497505241082608504564347e-33
-8.7888076661013131824256916015427 7.7216030296456376926789852883504e-35
8.7888076661013131824256916015427 7.7216030296456376926789852883504e-35
-9.0629466613367699495728024612208 5.8941611353205638337089211379627e-37
9.0629466613367699495728024612208 5.8941611353205638337089211379627e-37
-9.3424785467404924012155571261696 3.506418845590304294871241681832e-39
9.3424785467404924012155571261696 3.506418845590304294871241681832e-39
-9.6280427257475042667682439206401 1.5917657474423251360980537530616e-41
9.6280427257475042667682439206401 1.5917657474423251360980537530616e-41
-9.9204075235256380200064090282818 5.3766702664810411194202308499047e-44
9.9204075235256380200064090282818 5.3766702664810411194202308499047e-44
-10.220511197831830234612459853298 1.3105586296103973548216774189183e-46
10.220511197831830234612459853298 1.3105586296103973548216774189183e-46
-10.52952164034680020889561167286 2.219427212348764090673845099676e-49
10.52952164034680020889561167286 2.219427212348764090673845099676e-49
-10.848926485775480162491574425165 2.4890859009540448735388006160214e-52
10.848926485775480162491574425165 2.4890859009540448735388006160214e-52
-11.180675238467860314246448160696 1.7369401373650464834688812216912e-55
11.180675238467860314246448160696 1.7369401373650464834688812216912e-55
-11.527416094254810707593406402338 6.9351300068920678751888296787321e-59
11.527416094254810707593406402338 6.9351300068920678751888296787321e-59
-11.892919380924929940753820589177 1.4078704255855675183543999723736e-62
11.892919380924929940753820589177 1.4078704255855675183543999723736e-62
-12.28290955341603827940707532827 1.2174103962049675944946665716441e-66
12.28290955341603827940707532827 1.2174103962049675944946665716441e-66
-12.706933680714705023857942477924 3.3530353599318780318142365282904e-71
12.706933680714705023857942477924 3.3530353599318780318142365282904e-71
-13.183526293600600371328837510016 1.6914062097103054452709593266457e-76
13.183526293600600371328837510016 1.6914062097103054452709593266457e-76
-13.761227897775342028034767644494 3.8217861296273945882859235670144e-83
13.761227897775342028034767644494 3.8217861296273945882859235670144e-83
