29
2
0 0.40897117463522986331317660429766
-0.40916463639492873677830190369977 0.34641893907167018637537222180231
0.40916463639492873677830190369977 0.34641893907167018637537222180231
-0.81949868127091157929870117011461 0.21014269444921062103497347231996
0.81949868127091157929870117011461 0.21014269444921062103497347231996
-1.2322157550847529038085922545647 0.090768842215578159768624473258302
1.2322157550847529038085922545647 0.090768842215578159768624473258302
-1.6486229138923164114109474858074 0.027639655592023688326343025496504
1.6486229138923164114109474858074 0.027639655592023688326343025496504
-2.0701810760534277408002174964832 0.0058455035452715096477583214256924
2.0701810760534277408002174964832 0.0058455035452715096477583214256924
-2.4985856910194042425665492100138 0.0008407925061402626159991853790837
2.4985856910194042425665492100138 0.0008407925061402626159991853790837
-2.9358825042901264848559595984297 0.000079909203545218049159598195112255
2.9358825042901264848559595984297 0.000079909203545218049159598195112255
-3.3846451410922140749372574795892 4.8230734976477702126419053970904e-6
3.3846451410922140749372574795892 4.8230734976477702126419053970904e-6
-3.8482667922136200802000234678369 1.7492291299499483576795948706409e-7
3.8482667922136200802000234678369 1.7492291299499483576795948706409e-7
-4.3314782938191503921920460723887 3.5203123276006983629327872698417e-9
4.3314782938191503921920460723887 3.5203123276006983629327872698417e-9
-4.8413636510591640675156351981717 3.4841301613084339984470256439213e-11
4.8413636510591640675156351981717 3.4841301613084339984470256439213e-11
-5.3896405219667516537422420619983 1.3901072714495980288619944230617e-13
5.3896405219667516537422420619983 1.3901072714495980288619944230617e-13
-5.9989712894638202106470388719934 1.5345004446053208491679877108269e-16
5.9989712894638202106470388719934 1.5345004446053208491679877108269e-16
-6.7286951986088499628227509011344 1.8244608527672453363499134517109e-20
6.7286951986088499628227509011344 1.8244608527672453363499134517109e-20
