56
2
-0.14776995439420115029894057967108 0.28917508433514838706791320011161
0.14776995439420115029894057967108 0.28917508433514838706791320011161
-0.44342419505035352855791186234918 0.24298927099272358922974584126055
0.44342419505035352855791186234918 0.24298927099272358922974584126055
-0.739422585234301153251811847078 0.1714772476212714790349872189874
0.739422585234301153251811847078 0.1714772476212714790349872189874
-1.0359984385570032339895061599909 0.10151939271798680513061569895462
1.0359984385570032339895061599909 0.10151939271798680513061569895462
-1.3333910111792097046535815380707 0.050338397424815908065564820363889
1.3333910111792097046535815380707 0.050338397424815908065564820363889
-1.6318481297059445018741366001936 0.020858574140157819915999217787553
1.6318481297059445018741366001936 0.020858574140157819915999217787553
-1.9316290883640070706815089043859 0.0072020522320410495479172713956489
1.9316290883640070706815089043859 0.0072020522320410495479172713956489
-2.2330079208452408015288397611024 0.0020647475636031384648866899111653
2.2330079208452408015288397611024 0.0020647475636031384648866899111653
-2.5362771776597741950839453840079 0.00048937293565704915199716096802421
2.5362771776597741950839453840079 0.00048937293565704915199716096802421
-2.8417523763809922848605226948923 0.000095395991047773119268785599480349
2.8417523763809922848605226948923 0.000095395991047773119268785599480349
-3.1497773444199686410807479631899 0.000015201081492284486877547010137064
3.1497773444199686410807479631899 0.000015201081492284486877547010137064
-3.4607307491477984144668762202898 1.9657534004009726036594107109952e-6
3.4607307491477984144668762202898 1.9657534004009726036594107109952e-6
-3.7750342196411243246737364813485 2.0454464536460687028268137264102e-7
3.7750342196411243246737364813485 2.0454464536460687028268137264102e-7
-4.0931626262997984911363545042515 1.6954324255991890480177466815803e-8
4.0931626262997984911363545042515 1.6954324255991890480177466815803e-8
-4.415657329100216719395604315774 1.1062006976882183585202155946159e-9
4.415657329100216719395604315774 1.1062006976882183585202155946159e-9
-4.7431435831181296500396223622013 5.6013978504684594072363013543684e-11
4.7431435831181296500396223622013 5.6013978504684594072363013543684e-11
-5.0763538899639928274039894303492 2.1641925885012092509120280511782e-12
5.0763538899639928274039894303492 2.1641925885012092509120280511782e-12
-5.4161600667900473420460766824231 6.2504456297524500310903930588278e-14
5.4161600667900473420460766824231 6.2504456297524500310903930588278e-14
-5.7636184744715776431016232745466 1.3158561251396986899452359272782e-15
5.7636184744715776431016232745466 1.3158561251396986899452359272782e-15
-6.1200358061419928767129496231228 1.9569261785647488328697567057565e-17
6.1200358061419928767129496231228 1.9569261785647488328697567057565e-17
-6.4870683517446258168792422424185 1.9756668115390571166934803588746e-19
6.4870683517446258168792422424185 1.9756668115390571166934803588746e-19
-6.8668785666252876360768794759974 1.2855363897049126017942606016271e-21
6.8668785666252876360768794759974 1.2855363897049126017942606016271e-21
-7.2623960212867903682425048570456 5.027099918729497005559219790675e-24
7.2623960212867903682425048570456 5.027099918729497005559219790675e-24
-7.677784175328150056034743468645 1.0706713589643594054361054886895e-26
7.677784175328150056034743468645 1.0706713589643594054361054886895e-26
-8.1193580087474692687811112512381 1.0717993883210871566915440552042e-29
8.1193580087474692687811112512381 1.0717993883210871566915440552042e-29
-8.5976461414362136511819376438762 3.9621540898959972787715768970882e-33
8.5976461414362136511819376438762 3.9621540898959972787715768970882e-33
-9.1330950706121012170482651686309 3.4249840843882948318597693095938e-37
9.1330950706121012170482651686309 3.4249840843882948318597693095938e-37
-9.7793021663403103287708932497523 2.1839473796203664909462296347371e-42
9.7793021663403103287708932497523 2.1839473796203664909462296347371e-42
