28
2
-0.20806738269073686914100435758423 0.39860471782645144587872314439239
0.20806738269073686914100435758423 0.39860471782645144587872314439239
-0.6248367195052092274062469925293 0.28256139125938873511761063378563
0.6248367195052092274062469925293 0.28256139125938873511761063378563
-1.0435352737542082747948045412368 0.14139460978695493070377815146252
1.0435352737542082747948045412368 0.14139460978695493070377815146252
-1.4655372634574091896064783210277 0.049514889289898139878143218147493
1.4655372634574091896064783210277 0.049514889289898139878143218147493
-1.8923604968376853459712759442566 0.011968423214354818786601391678009
1.8923604968376853459712759442566 0.011968423214354818786601391678009
-2.3257498426564410217712061342763 0.0019573312944089896156751291213328
2.3257498426564410217712061342763 0.0019573312944089896156751291213328
-2.7677953529135937632624735289891 0.00021061810002403233091837503071684
2.7677953529135937632624735289891 0.00021061810002403233091837503071684
-3.2211120765614555476012914320519 0.000014345504229714415313258930020414
3.2211120765614555476012914320519 0.000014345504229714415313258930020414
-3.6891342384616794907588123364255 5.857719720992981734034979665454e-7
3.6891342384616794907588123364255 5.857719720992981734034979665454e-7
-4.1766367421292683593917002764846 1.3256825015417078152372012524232e-8
4.1766367421292683593917002764846 1.3256825015417078152372012524232e-8
-4.6907565239431179253602721344049 1.4758531682776886141555192126512e-10
4.6907565239431179253602721344049 1.4758531682776886141555192126512e-10
-5.2432853732029359815160753995477 6.6394367149096636358134111309764e-13
5.2432853732029359815160753995477 6.6394367149096636358134111309764e-13
-5.857014641382850644987752330175 8.3159379512068298818205008056695e-16
5.857014641382850644987752330175 8.3159379512068298818205008056695e-16
-6.5916054423677425440127852150016 1.1401393479036761638111730062245e-19
6.5916054423677425440127852150016 1.1401393479036761638111730062245e-19
