51
2
0 0.30954302944664118069694621824679
-0.30959104093724038174394819115156 0.28138276384359954482768364185729
0.30959104093724038174394819115156 0.28138276384359954482768364185729
-0.61947084974715264367809422203802 0.21128731588244397401893076723874
0.61947084974715264367809422203802 0.21128731588244397401893076723874
-0.92993171560017599466180679576051 0.13091376937688575345610297763939
0.92993171560017599466180679576051 0.13091376937688575345610297763939
-1.2412730966236113513026897559507 0.06681131731884437434143795057634
1.2412730966236113513026897559507 0.06681131731884437434143795057634
-1.5538055294554220301694696790462 0.028012262602064015036273815591258
1.5538055294554220301694696790462 0.028012262602064015036273815591258
-1.8678549556995604924850984467437 0.0096161203333211520416599323811633
1.8678549556995604924850984467437 0.0096161203333211520416599323811633
-2.1837676525361929115857993289478 0.0026911086058640642134622701287203
2.1837676525361929115857993289478 0.0026911086058640642134622701287203
-2.5019160040577371287958286627214 0.00061070259874041883704656206875792
2.5019160040577371287958286627214 0.00061070259874041883704656206875792
-2.8227054233054297116331339964015 0.00011165708931911288633876976260003
2.8227054233054297116331339964015 0.00011165708931911288633876976260003
-3.1465828437716957898362234582908 0.000016319954290330747310223709248975
3.1465828437716957898362234582908 0.000016319954290330747310223709248975
-3.4740473616558588712602879410508 1.8891833940946676968455279664477e-6
3.4740473616558588712602879410508 1.8891833940946676968455279664477e-6
-3.8056638567519337457482013093476 1.7127604128737417724163010157699e-7
3.8056638567519337457482013093476 1.7127604128737417724163010157699e-7
-4.1420808019620619108954921172175 1.1999326533873194389168657812956e-8
4.1420808019620619108954921172175 1.1999326533873194389168657812956e-8
-4.4840540790573508457501412011666 6.3917274853532614185548193901309e-10
4.4840540790573508457501412011666 6.3917274853532614185548193901309e-10
-4.832479614578075071266859123964 2.5381498317560055447506179553886e-11
4.832479614578075071266859123964 2.5381498317560055447506179553886e-11
-5.1884393429381376517684687395882 7.3335422940637851016552398970032e-13
5.1884393429381376517684687395882 7.3335422940637851016552398970032e-13
-5.5532680052649179393187056296368 1.4956863300606943934169808440626e-14
5.5532680052649179393187056296368 1.4956863300606943934169808440626e-14
-5.9286538858731373085622818500729 2.0717064275729555981431072915808e-16
5.9286538858731373085622818500729 2.0717064275729555981431072915808e-16
-6.3167976579034053554419745607721 1.8530303241143145107575978385141e-18
6.3167976579034053554419745607721 1.8530303241143145107575978385141e-18
-6.7206770958687530351028589295882 9.9993599745433396379617728855426e-21
6.7206770958687530351028589295882 9.9993599745433396379617728855426e-21
-7.1445205714796174042553813042117 2.9579544865762238167932251274699e-23
7.1445205714796174042553813042117 2.9579544865762238167932251274699e-23
-7.594737944583594875965688535388 4.1558650081686616859904917374928e-26
7.594737944583594875965688535388 4.1558650081686616859904917374928e-26
-8.0820126735040132713312476446275 2.1929968310379872468411583059968e-29
8.0820126735040132713312476446275 2.1929968310379872468411583059968e-29
-8.6270897293636841464863286944902 2.7868913296984546933253602968583e-33
8.6270897293636841464863286944902 2.7868913296984546933253602968583e-33
-9.2843529650947960774291763826322 2.7811222366549309884052129075922e-38
9.2843529650947960774291763826322 2.7811222366549309884052129075922e-38
