34
2
-0.18910806052714248128971468632768 0.36499244699664480744933268983064
0.18910806052714248128971468632768 0.36499244699664480744933268983064
-0.56771726855487458915055456541493 0.27462771563513739979256848330199
0.56771726855487458915055456541493 0.27462771563513739979256848330199
-0.9475164580334473211723286613774 0.15511041662330938649926007269402
0.9475164580334473211723286613774 0.15511041662330938649926007269402
-1.3293355518847857799150910588405 0.065445134108752722413544953920793
1.3293355518847857799150910588405 0.065445134108752722413544953920793
-1.7140625533873380540549888881622 0.020473151727019437648073801189422
1.7140625533873380540549888881622 0.020473151727019437648073801189422
-2.1026736904673325473033975546365 0.0046984636292665870336682316413332
2.1026736904673325473033975546365 0.0046984636292665870336682316413332
-2.4962719408165473320379059155979 0.0007798175996231993329515572889485
2.4962719408165473320379059155979 0.0007798175996231993329515572889485
-2.8961389431744316570701459859623 0.000091861189828723846120373904320285
2.8961389431744316570701459859623 0.000091861189828723846120373904320285
-3.303808431564416009303802273909 7.4934487833022622619973164886454e-6
3.303808431564416009303802273909 7.4934487833022622619973164886454e-6
-3.721175232476152964773095183008 4.0979740352245998803547206930298e-7
3.721175232476152964773095183008 4.0979740352245998803547206930298e-7
-4.1506656029707810662996121054686 1.4387732912539956959172937607235e-8
4.1506656029707810662996121054686 1.4387732912539956959172937607235e-8
-4.5955197481081702914190664281174 3.0562520419155048383550877755856e-10
4.5955197481081702914190664281174 3.0562520419155048383550877755856e-10
-5.0602960186057619162156414296122 3.6098817474860599502164808976449e-12
5.0602960186057619162156414296122 3.6098817474860599502164808976449e-12
-5.5518613309887777186183686862875 2.087840373116017993112354668326e-14
5.5518613309887777186183686862875 2.087840373116017993112354668326e-14
-6.0816169939363162586247432122173 4.7999019978948228614663597412241e-17
6.0816169939363162586247432122173 4.7999019978948228614663597412241e-17
-6.6716591360701698733693795505235 2.9567089223605547188049050383612e-20
6.6716591360701698733693795505235 2.9567089223605547188049050383612e-20
-7.3798909504812463326153370897066 1.8138001119597731562782290122288e-24
7.3798909504812463326153370897066 1.8138001119597731562782290122288e-24
