86
2
-0.11942607662410321768294224911132 0.23547615304001068555274559016198
0.11942607662410321768294224911132 0.23547615304001068555274559016198
-0.35831762963623591029471571132894 0.21014771223832421806802021998681
0.35831762963623591029471571132894 0.21014771223832421806802021998681
-0.59732755116498436189931957316162 0.16734591429857555385673866796759
0.59732755116498436189931957316162 0.16734591429857555385673866796759
-0.83653531976321303659281067727274 0.11887424153508586011981030750255
0.83653531976321303659281067727274 0.11887424153508586011981030750255
-1.0760212707898533367834268944602 0.07529144666132197086276390190353
1.0760212707898533367834268944602 0.07529144666132197086276390190353
-1.31586695431419104190305130432 0.042493637239894139240744804038586
1.31586695431419104190305130432 0.042493637239894139240744804038586
-1.5561555086656729255873186263298 0.021354422319535365130514197303684
1.5561555086656729255873186263298 0.021354422319535365130514197303684
-1.7969720547840344208298973349876 0.0095461945478795419242794623045005
1.7969720547840344208298973349876 0.0095461945478795419242794623045005
-2.0384041170786049282232130647831 0.0037920023944900744906701796633159
2.0384041170786049282232130647831 0.0037920023944900744906701796633159
-2.2805420772311842886481738802985 0.0013367210462102531838715452534059
2.2805420772311842886481738802985 0.0013367210462102531838715452534059
-2.5234796683078765068282585147669 0.00041754273548549415911836480957293
2.5234796683078765068282585147669 0.00041754273548549415911836480957293
-2.7673145177270056116483888619259 0.00011537557343902388267894924256063
2.7673145177270056116483888619259 0.00011537557343902388267894924256063
-3.0121487491227407925740756935097 0.000028148083952665509018318496539541
3.0121487491227407925740756935097 0.000028148083952665509018318496539541
-3.2580896550268071994473908329586 6.0502321414091594209395559820335e-6
3.2580896550268071994473908329586 6.0502321414091594209395559820335e-6
-3.5052504546692165289981241679208 1.1429783024859447872053484401359e-6
3.5052504546692165289981241679208 1.1429783024859447872053484401359e-6
-3.753751154214239193370271645856 1.8926893464082110358320012474808e-7
3.753751154214239193370271645856 1.8926893464082110358320012474808e-7
-4.0037195305892793005114097132527 2.7390187380396860763464890028236e-8
4.0037195305892793005114097132527 2.7390187380396860763464890028236e-8
-4.2552922649886135767260965115904 3.4525199163834911572956233010179e-9
4.2552922649886135767260965115904 3.4525199163834911572956233010179e-9
-4.50861625849226746866664060057 3.776504323563433012089197649434e-10
4.50861625849226746866664060057 3.776504323563433012089197649434e-10
-4.7638501705179529848830141437969 3.5699318546714350635376813360619e-11
4.7638501705179529848830141437969 3.5699318546714350635376813360619e-11
-5.0211662316993868140730347847001 2.9029728072990420049985469470018e-12
5.0211662316993868140730347847001 2.9029728072990420049985469470018e-12
-5.2807523972174923739511517672258 2.0202353514446472594427239470944e-13
5.2807523972174923739511517672258 2.0202353514446472594427239470944e-13
-5.5428149259789017601693764981491 1.1962793877597348697632095100486e-14
5.5428149259789017601693764981491 1.1962793877597348697632095100486e-14
-5.8075814973426153385755805316694 5.9885746170488683170530733245173e-16
5.8075814973426153385755805316694 5.9885746170488683170530733245173e-16
-6.0753050133032715373830671922071 2.515979389219008203989444839162e-17
6.0753050133032715373830671922071 2.515979389219008203989444839162e-17
-6.3462682846048745362128370396283 8.7983250076978571359415842739782e-19
6.3462682846048745362128370396283 8.7983250076978571359415842739782e-19
-6.6207898710143065552097090297203 2.537044116717340799252475462966e-20
6.6207898710143065552097090297203 2.537044116717340799252475462966e-20
-6.8992314496242602104610686671875 5.9680464287706867700803897354365e-22
6.8992314496242602104610686671875 5.9680464287706867700803897354365e-22
-7.1820072377109717155755265185292 1.1312252871807506062969533264321e-23
7.1820072377109717155755265185292 1.1312252871807506062969533264321e-23
-7.4695962264936558237390422390373 1.7031624106751812927442001088374e-25
7.4695962264936558237390422390373 1.7031624106751812927442001088374e-25
-7.7625583367306140755395980725531 2.0029387907481863427972648763383e-27
7.7625583367306140755395980725531 2.0029387907481863427972648763383e-27
-8.0615561695659030191305497099203 1.8036964134319255650298087074353e-29
8.0615561695659030191305497099203 1.8036964134319255650298087074353e-29
-8.3673849469719070321329984437218 1.2145487671367575111764301332808e-31
8.3673849469719070321329984437218 1.2145487671367575111764301332808e-31
-8.6810147998900302084379468155468 5.9410439274147706750054774104087e-34
8.6810147998900302084379468155468 5.9410439274147706750054774104087e-34
-9.0036523325638054902991941342107 2.0368541188743952310673065056538e-36
9.0036523325638054902991941342107 2.0368541188743952310673065056538e-36
-9.3368335519365674673006240066227 4.6777688454196428899462128478145e-39
9.3368335519365674673006240066227 4.6777688454196428899462128478145e-39
-9.6825704596576451790683709838762 6.7848084979773359953307837900525e-42
9.6825704596576451790683709838762 6.7848084979773359953307837900525e-42
-10.043595347880535941053693001826 5.7421164166187438380119820165923e-45
10.043595347880535941053693001826 5.7421164166187438380119820165923e-45
-10.423797670745446528206034231935 2.5365833564005274046911344502261e-48
10.423797670745446528206034231935 2.5365833564005274046911344502261e-48
-10.829082575898251395719228075591 4.9498576868696355260382934428219e-52
10.829082575898251395719228075591 4.9498576868696355260382934428219e-52
-11.269299347041693650078814809821 3.2450153429194559818963837292147e-56
11.269299347041693650078814809821 3.2450153429194559818963837292147e-56
-11.763573078389516625637591991683 4.2477382853726963044171206805573e-61
11.763573078389516625637591991683 4.2477382853726963044171206805573e-61
-12.362007131968512584397455227112 2.9629045151468394183565727859295e-67
12.362007131968512584397455227112 2.9629045151468394183565727859295e-67
