114
2
-0.10380146217422166007737540946564 0.20538128483764439437191042531259
0.10380146217422166007737540946564 0.20538128483764439437191042531259
-0.31142392716846808588532950422371 0.18845256425575393950643231722134
0.31142392716846808588532950422371 0.18845256425575393950643231722134
-0.51910506196077235285181133086476 0.15865594890874090465013951368078
0.51910506196077235285181133086476 0.15865594890874090465013951368078
-0.72688413962779111849114077069609 0.12253708910746152221010879677531
0.72688413962779111849114077069609 0.12253708910746152221010879677531
-0.93480067426661320692189527527138 0.086806251150572541759369773926934
0.93480067426661320692189527527138 0.086806251150572541759369773926934
-1.1428945198277284141979284383066 0.056388855176296498079766031035191
1.1428945198277284141979284383066 0.056388855176296498079766031035191
-1.3512059714147289533322988814223 0.03357776160907764711048895549262
1.3512059714147289533322988814223 0.03357776160907764711048895549262
-1.5597758698165717918252738852536 0.018321199420242022373111434831832
1.5597758698165717918252738852536 0.018321199420242022373111434831832
-1.7686457100860521492800998546247 0.0091558081843385889517051283203413
1.7686457100860521492800998546247 0.0091558081843385889517051283203413
-1.9778577550389427093955782814527 0.0041883749721869939797057006368315
1.9778577550389427093955782814527 0.0041883749721869939797057006368315
-2.1874551546235878444770027299985 0.0017528045021959925746401417882012
2.1874551546235878444770027299985 0.0017528045021959925746401417882012
-2.3974820722025694181995350286285 0.0006705941102483454898223794734212
2.3974820722025694181995350286285 0.0006705941102483454898223794734212
-2.6079838188988346943457962410387 0.0002343627220208412419039682676385
2.6079838188988346943457962410387 0.0002343627220208412419039682676385
-2.8190069972914445806898301770515 0.000074756242475529051148778757287331
2.8190069972914445806898301770515 0.000074756242475529051148778757287331
-3.0305996559046310406206073559665 0.00002174331283317513609730745181913
3.0305996559046310406206073559665 0.00002174331283317513609730745181913
-3.2428114561228028784610968875413 5.7606576662754438524879529368989e-6
3.2428114561228028784610968875413 5.7606576662754438524879529368989e-6
-3.4556938533892662282859130658657 1.3886494911822588199285032565615e-6
3.4556938533892662282859130658657 1.3886494911822588199285032565615e-6
-3.6693002948148602515130885200008 3.0419237917584745029199211741617e-7
3.6693002948148602515130885200008 3.0419237917584745029199211741617e-7
-3.8836864356433061564893544440923 6.0471668709771081363244976583011e-8
3.8836864356433061564893544440923 6.0471668709771081363244976583011e-8
-4.0989103774038687477911390583954 1.0893439091005454978618729229667e-8
4.0989103774038687477911390583954 1.0893439091005454978618729229667e-8
-4.3150329310427547540748925226424 1.7753911292124297378117583468131e-9
4.3150329310427547540748925226424 1.7753911292124297378117583468131e-9
-4.5321179088799047696926464164754 2.6132836673568410536344893243133e-10
4.5321179088799047696926464164754 2.6132836673568410536344893243133e-10
-4.7502324499094557254300509673716 3.467578837451666132601087020065e-11
4.7502324499094557254300509673716 3.467578837451666132601087020065e-11
-4.9694473837781077737980479903874 4.1393133324428591858613588324908e-12
4.9694473837781077737980479903874 4.1393133324428591858613588324908e-12
-5.1898376397716801575383197103743 4.4353966285433669614732238455063e-13
5.1898376397716801575383197103743 4.4353966285433669614732238455063e-13
-5.4114827083623284025768881780645 4.2559572408720660383505622135285e-14
5.4114827083623284025768881780645 4.2559572408720660383505622135285e-14
-5.6344671643769210894972191758531 3.6474708837523247836493127680912e-15
5.6344671643769210894972191758531 3.6474708837523247836493127680912e-15
-5.8588812627189208160021162742605 2.7841156852774832440510250931805e-16
5.8588812627189208160021162742605 2.7841156852774832440510250931805e-16
-6.084821619914443663950354961523 1.8868897366381342537283915875834e-17
6.084821619914443663950354961523 1.8868897366381342537283915875834e-17
-6.312391997694271094355844727773 1.1316516319423791005400695270626e-18
6.312391997694271094355844727773 1.1316516319423791005400695270626e-18
-6.5417042085499948767860204474244 5.9840605797879296947882864526455e-20
6.5417042085499948767860204474244 5.9840605797879296947882864526455e-20
-6.7728791679610013552598866287638 2.7788009433178361691354541639453e-21
6.7728791679610013552598866287638 2.7788009433178361691354541639453e-21
-7.0060481241167628953996406644953 1.1282136742777380384318640645034e-22
7.0060481241167628953996406644953 1.1282136742777380384318640645034e-22
-7.2413541039213869761369006958043 3.9856906328389294237270247063648e-24
7.2413541039213869761369006958043 3.9856906328389294237270247063648e-24
-7.4789536245148385066823955497802 1.2186704300488230531959062830256e-25
7.4789536245148385066823955497802 1.2186704300488230531959062830256e-25
-7.7190187333975363750924276218022 3.2061793655442974899682699756238e-27
7.7190187333975363750924276218022 3.2061793655442974899682699756238e-27
-7.9617394588210128039408822058179 7.2106896606964033710496858874129e-29
7.9617394588210128039408822058179 7.2106896606964033710496858874129e-29
-8.2073267773259277442403305028325 1.3762537782433164804614972396694e-30
8.2073267773259277442403305028325 1.3762537782433164804614972396694e-30
-8.4560162400066061723187387106967 2.2111690104503147273540390195672e-32
8.4560162400066061723187387106967 2.2111690104503147273540390195672e-32
-8.7080724475250003492611903067759 2.9632924702764108319694484355182e-34
8.7080724475250003492611903067759 2.9632924702764108319694484355182e-34
-8.9637946326267204461690337477164 3.278394619885895135985894616002e-36
8.9637946326267204461690337477164 3.278394619885895135985894616002e-36
-9.2235237081638889628911728993638 2.9591207501866040160207589263927e-38
9.2235237081638889628911728993638 2.9591207501866040160207589263927e-38
-9.4876512847987593110173573724657 2.1498363403641495823980410384593e-40
9.4876512847987593110173573724657 2.1498363403641495823980410384593e-40
-9.7566313825866342875742857343307 1.2376390647546009853386190850131e-42
9.7566313825866342875742857343307 1.2376390647546009853386190850131e-42
-10.030995900063403733503457617251 5.5435860303288671175387363488169e-45
10.030995900063403733503457617251 5.5435860303288671175387363488169e-45
-10.311375442821381448273227415292 1.8906897473606617379906269744145e-47
10.311375442821381448273227415292 1.8906897473606617379906269744145e-47
-10.598527994882548072079661340866 4.7848109229538423393523041384466e-50
10.598527994882548072079661340866 4.7848109229538423393523041384466e-50
-10.893379412488739050584823271766 8.7075616610856526620121406054777e-53
10.893379412488739050584823271766 8.7075616610856526620121406054777e-53
-11.197082370480099588160194259413 1.0961147706353059635959461793383e-55
11.197082370480099588160194259413 1.0961147706353059635959461793383e-55
-11.511105327917652487686738994185 9.0869836287453582323295759792469e-59
11.511105327917652487686738994185 9.0869836287453582323295759792469e-59
-11.83737284399293247562096525051 4.6544766331712862075540648601645e-62
11.83737284399293247562096525051 4.6544766331712862075540648601645e-62
-12.178499369616200484655107383229 1.351789221465852837462339203448e-65
12.178499369616200484655107383229 1.351789221465852837462339203448e-65
-12.538207244299380741248962061604 1.9724028846801153657629123578911e-69
12.538207244299380741248962061604 1.9724028846801153657629123578911e-69
-12.922147941452449680066087530655 1.2060181138761990362715833864978e-73
12.922147941452449680066087530655 1.2060181138761990362715833864978e-73
-13.339746281883334281516641543476 2.2937970374960812176789647332331e-78
13.339746281883334281516641543476 2.2937970374960812176789647332331e-78
-13.809297788283778602981564062168 7.6922700260794549476688893661717e-84
13.809297788283778602981564062168 7.6922700260794549476688893661717e-84
-14.378710718888687533634397592381 1.0710750710093974431880373677991e-90
14.378710718888687533634397592381 1.0710750710093974431880373677991e-90
