40
2
-0.17453721459758238348945068835885 0.33864327742558921820242864701113
0.17453721459758238348945068835885 0.33864327742558921820242864701113
-0.52387471383227719261491711165466 0.26572825187737707614281086230016
0.52387471383227719261491711165466 0.26572825187737707614281086230016
-0.87400661235708807743789879817525 0.16337873271327145708151778279569
0.87400661235708807743789879817525 0.16337873271327145708151778279569
-1.225480109046289030949086383046 0.078474605865404391308890238154486
1.225480109046289030949086383046 0.078474605865404391308890238154486
-1.5788698949316138862584512814687 0.029312565536172369845682052695566
1.5788698949316138862584512814687 0.029312565536172369845682052695566
-1.934791472282295793297937065221 0.0084608880082581324399408732959857
1.934791472282295793297937065221 0.0084608880082581324399408732959857
-2.2939171418750834218850495645277 0.0018714968295979527794838623430591
2.2939171418750834218850495645277 0.0018714968295979527794838623430591
-2.6569959984428957949808471006827 0.00031385359454133147564684012153786
2.6569959984428957949808471006827 0.00031385359454133147564684012153786
-3.0248798839012844376770493253418 0.000039369339810924927704308301700866
3.0248798839012844376770493253418 0.000039369339810924927704308301700866
-3.3985582658596283462937862596983 3.6315761506930235118423061896542e-6
3.3985582658596283462937862596983 3.6315761506930235118423061896542e-6
-3.7792067534352234931193561158429 2.4111441636705234417851078219023e-7
3.7792067534352234931193561158429 2.4111441636705234417851078219023e-7
-4.168257066832500201536492320736 1.1212360832275810174516629848304e-8
4.168257066832500201536492320736 1.1212360832275810174516629848304e-8
-4.5675020728443948551694822935779 3.5256207913654119029152977838676e-10
4.5675020728443948551694822935779 3.5256207913654119029152977838676e-10
-4.9792609785452558716265182296183 7.1565280526903187083639968253136e-12
4.9792609785452558716265182296183 7.1565280526903187083639968253136e-12
-5.4066542479701276084001739807531 8.80570764521613225662069172439e-14
5.4066542479701276084001739807531 8.80570764521613225662069172439e-14
-5.8540950560304001080427055883268 6.008358789490816690306629255367e-16
5.8540950560304001080427055883268 6.008358789490816690306629255367e-16
-6.3282553512200819556569910907661 1.9891810121165024856175525586637e-18
6.3282553512200819556569910907661 1.9891810121165024856175525586637e-18
-6.8402373052493554178458239138344 2.5675933654116696604926337275249e-21
6.8402373052493554178458239138344 2.5675933654116696604926337275249e-21
-7.4115825314854688094393004346606 8.5440569637755107738826857848914e-25
7.4115825314854688094393004346606 8.5440569637755107738826857848914e-25
-8.0987611392508500520126363696305 2.5910437138470814735022027389322e-29
8.0987611392508500520126363696305 2.5910437138470814735022027389322e-29
