57
2
0 0.2929494886968519297176335284937
-0.29298593604778870078123328986089 0.2689519498071179717959924875114
0.29298593604778870078123328986089 0.2689519498071179717959924875114
-0.58619098157190685788583107043219 0.20807036460654706262085624151436
0.58619098157190685788583107043219 0.20807036460654706262085624151436
-0.87983638589173075575381775339151 0.13553970687329155980021610058354
0.87983638589173075575381775339151 0.13553970687329155980021610058354
-1.1741477394031905612595212599223 0.074247675370613991880345516177385
1.1741477394031905612595212599223 0.074247675370613991880345516177385
-1.4693573011471874601193953802016 0.034139801128400262538776453222915
1.4693573011471874601193953802016 0.034139801128400262538776453222915
-1.765706525113276385976892270331 0.013144726459581640684534371924323
1.765706525113276385976892270331 0.013144726459581640684534371924323
-2.0634488697846302516403033524889 0.0042250842236442430660875062865435
2.0634488697846302516403033524889 0.0042250842236442430660875062865435
-2.3628529934485321917056719884877 0.0011295333257645075035162515188223
2.3628529934485321917056719884877 0.0011295333257645075035162515188223
-2.6642064637087908671556549587429 0.0002500366845132024594807725369188
2.6642064637087908671556549587429 0.0002500366845132024594807725369188
-2.9678201464818932338958381431363 0.000045587459694050669145281028165635
2.9678201464818932338958381431363 0.000045587459694050669145281028165635
-3.2740334921948342322133263864422 6.8030638512964120305795814452606e-6
3.2740334921948342322133263864422 6.8030638512964120305795814452606e-6
-3.5832210121368792794693134284107 8.2486418628805529437289424328801e-7
3.5832210121368792794693134284107 8.2486418628805529437289424328801e-7
-3.8958003472863841388617698664509 8.0560041690845321803305988299602e-8
3.8958003472863841388617698664509 8.0560041690845321803305988299602e-8
-4.2122424936406228582137171802146 6.2732332422801812927156050989546e-9
4.2122424936406228582137171802146 6.2732332422801812927156050989546e-9
-4.5330849920738157788799100447443 3.8483200507286198957634555332042e-10
4.5330849920738157788799100447443 3.8483200507286198957634555332042e-10
-4.8589492677211485310713373385943 1.833372785305066937714614642437e-11
4.8589492677211485310713373385943 1.833372785305066937714614642437e-11
-5.1905639023838362284324902826517 6.6680503871104011733166324553425e-13
5.1905639023838362284324902826517 6.6680503871104011733166324553425e-13
-5.5287966039093661246930552216836 1.8135512160129619336714640645212e-14
5.5287966039093661246930552216836 1.8135512160129619336714640645212e-14
-5.8746993020212541239605950223448 3.5961584198415699011145373393582e-16
5.8746993020212541239605950223448 3.5961584198415699011145373393582e-16
-6.2295737517233464886983616921628 5.0376705984945597999201242480575e-18
6.2295737517233464886983616921628 5.0376705984945597999201242480575e-18
-6.5950705250038870948081601918579 4.7897086011228608096534285266455e-20
6.5950705250038870948081601918579 4.7897086011228608096534285266455e-20
-6.9733451542956248199652488304742 2.9336812927661315923819310390672e-22
6.9733451542956248199652488304742 2.9336812927661315923819310390672e-22
-7.3673183767785733879782933320066 1.0789794198158071764585688396682e-24
7.3673183767785733879782933320066 1.0789794198158071764585688396682e-24
-7.7811416453357013504142145434235 2.1584037474070491822739750454145e-27
7.7811416453357013504142145434235 2.1584037474070491822739750454145e-27
-8.2211122660677174688198310445864 2.0251468211785009806671306274804e-30
8.2211122660677174688198310445864 2.0251468211785009806671306274804e-30
-8.697729875860624163518053939269 6.9933335612181507303114707716594e-34
8.697729875860624163518053939269 6.9933335612181507303114707716594e-34
-9.2313849407386559135727237988191 5.6145192176096438423545962272066e-38
9.2313849407386559135727237988191 5.6145192176096438423545962272066e-38
-9.8755270017367683053369170569301 3.2848343977914485321796000766015e-43
9.8755270017367683053369170569301 3.2848343977914485321796000766015e-43
