46
2
-0.1628870279552622253121210561572 0.31727438491816692354932998774024
0.1628870279552622253121210561572 0.31727438491816692354932998774024
-0.48884723585117474339750211809032 0.25684454350651994845768337501826
0.48884723585117474339750211809032 0.25684454350651994845768337501826
-0.81536867934468158887409961153685 0.16816012736212279877337510665543
0.81536867934468158887409961153685 0.16816012736212279877337510665543
-1.1428349031264305432920840695725 0.088868227566005361881243750052628
1.1428349031264305432920840695725 0.088868227566005361881243750052628
-1.4716439717320723377042182566326 0.03779583099224699799960461111039
1.4716439717320723377042182566326 0.03779583099224699799960461111039
-1.8022151950574948750825479897417 0.012883487559777201747057644225676
1.8022151950574948750825479897417 0.012883487559777201747057644225676
-2.134996872970725515804577357501 0.0035010578505227864175238995160668
2.134996872970725515804577357501 0.0035010578505227864175238995160668
-2.4704755132281426890360647539402 0.00075339673454313906038112595972433
2.4704755132281426890360647539402 0.00075339673454313906038112595972433
-2.8091871354772671577183014198357 0.00012731983755106908880050848288199
2.8091871354772671577183014198357 0.00012731983755106908880050848288199
-3.1517315196384711999122841312524 0.000016725935920653916142741948302673
3.1517315196384711999122841312524 0.000016725935920653916142741948302673
-3.4987906412463646733509869661368 1.6869468397355065425778036466194e-6
3.4987906412463646733509869661368 1.6869468397355065425778036466194e-6
-3.8511531505025516842393344899512 1.2865324130563350711265216065148e-7
3.8511531505025516842393344899512 1.2865324130563350711265216065148e-7
-4.2097477613269757410018125922343 7.2816347565639227569670923103868e-9
4.2097477613269757410018125922343 7.2816347565639227569670923103868e-9
-4.5756901345704330308142472070337 2.9885455879923333119588640800409e-10
4.5756901345704330308142472070337 2.9885455879923333119588640800409e-10
-4.9503508867398860517012448892549 8.6391402914482993782801409973599e-12
4.9503508867398860517012448892549 8.6391402914482993782801409973599e-12
-5.3354580360572302422770501675423 1.6947076167749938285771289408795e-13
5.3354580360572302422770501675423 1.6947076167749938285771289408795e-13
-5.7332584418499431597004262798167 2.1486472823678997972928360104048e-15
5.7332584418499431597004262798167 2.1486472823678997972928360104048e-15
-6.1467867545054020303663968165591 1.6484447389507413198885745168048e-17
6.1467867545054020303663968165591 1.6484447389507413198885745168048e-17
-6.5803464347374091906004709851167 6.9737995966948363354370820977895e-20
6.5803464347374091906004709851167 6.9737995966948363354370820977895e-20
-7.0404554428052178575685640245091 1.4155042016754984798092335474813e-22
7.0404554428052178575685640245091 1.4155042016754984798092335474813e-22
-7.5379717872258261779158310336592 1.097655801996795920218323456028e-25
7.5379717872258261779158310336592 1.097655801996795920218323456028e-25
-8.0939747412671184626326925428968 2.1132014962696937185180215944085e-29
8.0939747412671184626326925428968 2.1132014962696937185180215944085e-29
-8.7637264425763941127756832255589 3.4113792299095797301546394523646e-34
8.7637264425763941127756832255589 3.4113792299095797301546394523646e-34
