38
2
-0.17901372329587749553294097571688 0.34678411786878078215699507244949
0.17901372329587749553294097571688 0.34678411786878078215699507244949
-0.53733981087098349820428662172303 0.26872376002892755757593678693432
0.53733981087098349820428662172303 0.26872376002892755757593678693432
-0.8965683461931360287287172800886 0.16108797149548096694307887897465
0.8965683461931360287287172800886 0.16108797149548096694307887897465
-1.2573231317007134240471832238381 0.074443983368238750490847321725623
1.2573231317007134240471832238381 0.074443983368238750490847321725623
-1.6202627556330142901684330034003 0.026380533520486859451890764469776
1.6202627556330142901684330034003 0.026380533520486859451890764469776
-1.9860977780390658588514214250122 0.0071152368261340093333569057970498
1.9860977780390658588514214250122 0.0071152368261340093333569057970498
-2.3556117330355083967875675250063 0.0014463071215626995856982744380372
2.3556117330355083967875675250063 0.0014463071215626995856982744380372
-2.7296879628883255531907769714676 0.00021875759533939060362895331123649
2.7296879628883255531907769714676 0.00021875759533939060362895331123649
-3.1093453117179421149988688506953 0.00002422341512093520936578861405968
3.1093453117179421149988688506953 0.00002422341512093520936578861405968
-3.4957874548356265650392324791289 1.9234656867323870862507826851967e-6
3.4957874548356265650392324791289 1.9234656867323870862507826851967e-6
-3.8904737609633406628538885830038 1.0665865704409181410182689390584e-7
3.8904737609633406628538885830038 1.0665865704409181410182689390584e-7
-4.2952254197496053117419094862512 3.9906528856889158989562130379524e-9
4.2952254197496053117419094862512 3.9906528856889158989562130379524e-9
-4.7123921320848877114743191671965 9.6270292926054183683705852679401e-11
4.7123921320848877114743191671965 9.6270292926054183683705852679401e-11
-5.1451293207408229834004190956912 1.4076333438452450652440557808948e-12
5.1451293207408229834004190956912 1.4076333438452450652440557808948e-12
-5.5978935141846783644097787985377 1.1428616750256822079872120865549e-14
5.5978935141846783644097787985377 1.1428616750256822079872120865549e-14
-6.0774160035375606675414063459006 4.5173712236047673699919294224668e-17
6.0774160035375606675414063459006 4.5173712236047673699919294224668e-17
-6.5948913272654938091065260421761 7.0078433305585519211483172153882e-20
6.5948913272654938091065260421761 7.0078433305585519211483172153882e-20
-7.1720339353200308910674686484928 2.8387387532094474431900962030366e-23
7.1720339353200308910674686484928 2.8387387532094474431900962030366e-23
-7.8657628033800410970261681650716 1.0787188820740964918574469904303e-27
7.8657628033800410970261681650716 1.0787188820740964918574469904303e-27
