24
2
-0.22441454747251558515113671552651 0.42693116386869924965314790803562
0.22441454747251558515113671552651 0.42693116386869924965314790803562
-0.67417110703721223600024592373001 0.28617953534644301790189523874718
0.67417110703721223600024592373001 0.28617953534644301790189523874718
-1.1267608176112450721330612677301 0.12773962178455916064725502624335
1.1267608176112450721330612677301 0.12773962178455916064725502624335
-1.5842500109616941485056333620173 0.037445470503230746013330129636551
1.5842500109616941485056333620173 0.037445470503230746013330129636551
-2.0490035736616989117870839953243 0.0070483558100726709700037559757989
2.0490035736616989117870839953243 0.0070483558100726709700037559757989
-2.5238810170114269741990760233254 0.00082369248268841745791832422030785
2.5238810170114269741990760233254 0.00082369248268841745791832422030785
-3.0125461375655648256545385842051 0.000056886916364043797690418463605899
3.0125461375655648256545385842051 0.000056886916364043797690418463605899
-3.520006813034524711289872276086 2.158245704902333632238640097039e-6
3.520006813034524711289872276086 2.158245704902333632238640097039e-6
-4.0536644024481495039476629792328 4.0189711749414296845402128069771e-8
4.0536644024481495039476629792328 4.0189711749414296845402128069771e-8
-4.6256627564237872650486492377626 3.0462542699875639038859159728702e-10
4.6256627564237872650486492377626 3.0462542699875639038859159728702e-10
-5.259382927668044367430723043984 6.5846202430781700645620590868182e-13
5.259382927668044367430723043984 6.5846202430781700645620590868182e-13
-6.0159255614257397173485735089884 1.6643684964891088737726253446085e-16
6.0159255614257397173485735089884 1.6643684964891088737726253446085e-16
