23
2
0 0.45819658559321340283627701631906
-0.45853835006810479775788732928364 0.37214382487756485989763676231341
0.45853835006810479775788732928364 0.37214382487756485989763676231341
-0.91915146544256376543171923959271 0.19864489857802259579385448226571
0.91915146544256376543171923959271 0.19864489857802259579385448226571
-1.3840395856824952373263471711801 0.068890289429087316988240683164095
1.3840395856824952373263471711801 0.068890289429087316988240683164095
-1.8556770376713710625150475371809 0.015207084004484129624512767926239
1.8556770376713710625150475371809 0.015207084004484129624512767926239
-2.3370162114744557864462350217353 0.0020695678749606381580738366624235
2.3370162114744557864462350217353 0.0020695678749606381580738366624235
-2.8318037871261569014480614073395 0.00016556169914187439557457106221188
2.8318037871261569014480614073395 0.00016556169914187439557457106221188
-3.3451271599412245724743981458521 7.2492959180022570395591678830913e-6
3.3451271599412245724743981458521 7.2492959180022570395591678830913e-6
-3.8844727081061018660724876028762 1.5553393291457663220117799946228e-7
3.8844727081061018660724876028762 1.5553393291457663220117799946228e-7
-4.4620911737400066767318615707116 1.3596296504028877670820841993766e-9
4.4620911737400066767318615707116 1.3596296504028877670820841993766e-9
-5.1015346104766771296874976616538 3.4083140980305390166787111205318e-12
5.1015346104766771296874976616538 3.4083140980305390166787111205318e-12
-5.8643094989845725653874841347435 1.0160384620636723045611729005517e-15
5.8643094989845725653874841347435 1.0160384620636723045611729005517e-15
