90
2
-0.11675694609164176880935078914681 0.2303579701819450360445343292343
0.11675694609164176880935078914681 0.2303579701819450360445343292343
-0.3503060263958236461647881698458 0.20661430370392461440375331908233
0.3503060263958236461647881698458 0.20661430370392461440375331908233
-0.58396080911088383064619120251829 0.16619497260995928133447651551621
0.58396080911088383064619120251829 0.16619497260995928133447651551621
-0.81779222425489556861107176373315 0.11985655590239067245734027691959
0.81779222425489556861107176373315 0.11985655590239067245734027691959
-1.0518719000409926978750703176422 0.077467627605512662501327997717741
1.0518719000409926978750703176422 0.077467627605512662501327997717741
-1.2862724534455953922291053673209 0.044849988132390569161097429986444
1.2862724534455953922291053673209 0.044849988132390569161097429986444
-1.5210677923813427539015793904079 0.023243228173755145713718283352936
1.5210677923813427539015793904079 0.023243228173755145713718283352936
-1.7563334332534349271654941438379 0.010773786624642444717611679394014
1.7563334332534349271654941438379 0.010773786624642444717611679394014
-1.992146838050387099377726953713 0.0044622998595034965123324168650524
1.992146838050387099377726953713 0.0044622998595034965123324168650524
-2.2285877756048472806128139285823 0.0016496055361812379694842036204195
2.2285877756048472806128139285823 0.0016496055361812379694842036204195
-2.4657387122776618087803594460312 0.00054359224952962471028358543117585
2.4657387122776618087803594460312 0.00054359224952962471028358543117585
-2.7036852380958850369910811895153 0.00015944214368480672542586094694174
2.7036852380958850369910811895153 0.00015944214368480672542586094694174
-2.9425165353484220281301508642311 0.000041557921102543471971680670846609
2.9425165353484220281301508642311 0.000041557921102543471971680670846609
-3.1823258978578808785261884554517 9.6077760741794538784073951797948e-6
3.1823258978578808785261884554517 9.6077760741794538784073951797948e-6
-3.4232113106647766633068107024268 1.9661408494659206741827243879896e-6
3.4232113106647766633068107024268 1.9661408494659206741827243879896e-6
-3.665276101760378422656423735009 3.5533045829496674796078413107047e-7
3.665276101760378422656423735009 3.5533045829496674796078413107047e-7
-3.9086296798928610604178823186431 5.6567852900929872797466765608194e-8
3.9086296798928610604178823186431 5.6567852900929872797466765608194e-8
-4.1533883754886327328212982350977 7.9104166149104041279022173386152e-9
4.1533883754886327328212982350977 7.9104166149104041279022173386152e-9
-4.3996764055654277221052050303222 9.6863849248805710916809483046985e-10
4.3996764055654277221052050303222 9.6863849248805710916809483046985e-10
-4.647626988421389327796403516758 1.035023372624027806249642461257e-10
4.647626988421389327796403516758 1.035023372624027806249642461257e-10
-4.8973836402140374383571864625851 9.6137828691596079274676973461618e-12
4.8973836402140374383571864625851 9.6137828691596079274676973461618e-12
-5.1491016937770269807397369905191 7.7293031086017829077063075225967e-13
5.1491016937770269807397369905191 7.7293031086017829077063075225967e-13
-5.4029500908349492809017826467369 5.3533724861984129146354684395712e-14
5.4029500908349492809017826467369 5.3533724861984129146354684395712e-14
-5.6591135131207480013905136090551 3.1773129599637356748633921932006e-15
5.6591135131207480013905136090551 3.1773129599637356748633921932006e-15
-5.9177949371442053884389328722578 1.6064742942702655079336687809378e-16
5.9177949371442053884389328722578 1.6064742942702655079336687809378e-16
-6.1792187234934592209721238861686 6.8737797990959774430804904169487e-18
6.1792187234934592209721238861686 6.8737797990959774430804904169487e-18
-6.4436343875167893449827537653413 2.4705505922880019283950265744678e-19
6.4436343875167893449827537653413 2.4705505922880019283950265744678e-19
-6.7113212484546606120019395730293 7.3963423583597273706396346531853e-21
6.7113212484546606120019395730293 7.3963423583597273706396346531853e-21
-6.9825942253568729829603328341912 1.8269179382831019164837314360952e-22
6.9825942253568729829603328341912 1.8269179382831019164837314360952e-22
-7.2578111510465870621783209371927 3.6826729053156610452362103055125e-24
7.2578111510465870621783209371927 3.6826729053156610452362103055125e-24
-7.5373821269924039000518228453682 5.982751013849136372957541470242e-26
7.5373821269924039000518228453682 5.982751013849136372957541470242e-26
-7.8217816701739296532900162154852 7.7199678213751067139704012772376e-28
7.8217816701739296532900162154852 7.7199678213751067139704012772376e-28
-8.1115647551404793679785517758806 7.778849187290739280296408062767e-30
8.1115647551404793679785517758806 7.778849187290739280296408062767e-30
-8.4073884130034551084389823130693 5.9987185516144465472581066633267e-32
8.4073884130034551084389823130693 5.9987185516144465472581066633267e-32
-8.7100414635651490016570182554574 3.4560072588078003644847035099512e-34
8.7100414635651490016570182554574 3.4560072588078003644847035099512e-34
-9.0204865095226343681918998952039 1.4445590039286009982046404620199e-36
9.0204865095226343681918998952039 1.4445590039286009982046404620199e-36
-9.339921072488391726368584456326 4.2246144598021570118710973391439e-39
9.339921072488391726368584456326 4.2246144598021570118710973391439e-39
-9.6698698743374536748193343429952 8.2566412936941039141625510922983e-42
9.6698698743374536748193343429952 8.2566412936941039141625510922983e-42
-10.012330403392185672840394695973 1.0159844536444112226835395960767e-44
10.012330403392185672840394695973 1.0159844536444112226835395960767e-44
-10.370015493271170838618350217145 7.2644220875022033758974770504123e-48
10.370015493271170838618350217145 7.2644220875022033758974770504123e-48
-10.746787108514194658366250891711 2.6959438737993191932045582125234e-51
10.746787108514194658366250891711 2.6959438737993191932045582125234e-51
-11.14850877769378264838137303564 4.3849662998243695414693764850825e-55
11.14850877769378264838137303564 4.3849662998243695414693764850825e-55
-11.584960252804917898578566183928 2.3683907001837188045764217693783e-59
11.584960252804917898578566183928 2.3683907001837188045764217693783e-59
-12.075130816910919891896145610683 2.5062893896003450586803213751031e-64
12.075130816910919891896145610683 2.5062893896003450586803213751031e-64
-12.668764375434174664571755115558 1.3602242492354694256162506561422e-70
12.668764375434174664571755115558 1.3602242492354694256162506561422e-70
