69
2
0 0.26646296361626067384388823966423
-0.26648565380755117484118018084818 0.24825988992112168530525751421991
0.26648565380755117484118018084818 0.24825988992112168530525751421991
-0.533107629883078456611982213081 0.20074887688731424609123780256407
0.533107629883078456611982213081 0.20074887688731424609123780256407
-0.80000315987311327284533383146351 0.14082773794401467000129248821074
0.80000315987311327284533383146351 0.14082773794401467000129248821074
-1.0673113119622562229866603188645 0.085643719556780969020952453384126
1.0673113119622562229866603188645 0.085643719556780969020952453384126
-1.3351739542940309502336222798876 0.045105267291699963909281344725028
1.3351739542940309502336222798876 0.045105267291699963909281344725028
-1.603736774578648521328576635426 0.020544655922552204550996635298734
1.603736774578648521328576635426 0.020544655922552204550996635298734
-1.8731503781015580668373940572313 0.0080794563303749669727840068887526
1.8731503781015580668373940572313 0.0080794563303749669727840068887526
-2.1435714896364329483850531634287 0.0027377658998792701565943797915454
2.1435714896364329483850531634287 0.0027377658998792701565943797915454
-2.4151642892936242478838339070931 0.00079743820114063378377067723300395
2.4151642892936242478838339070931 0.00079743820114063378377067723300395
-2.6881019184401618579076943461071 0.00019909609055329142881180585904537
2.6881019184401618579076943461071 0.00019909609055329142881180585904537
-2.9625681999937007655999106139467 0.000042469576433922920693121840338182
2.9625681999937007655999106139467 0.000042469576433922920693121840338182
-3.2387596283073630946378200538334 7.7110412769679599996541697530845e-6
3.2387596283073630946378200538334 7.7110412769679599996541697530845e-6
-3.5168876985063169804501131209446 1.1865872353918670771227384527375e-6
3.5168876985063169804501131209446 1.1865872353918670771227384527375e-6
-3.7971816649246473504030833533637 1.5399292502875019641802002132253e-7
3.7971816649246473504030833533637 1.5399292502875019641802002132253e-7
-4.0798918452871911585087115746828 1.6759992864220912723212253195707e-8
4.0798918452871911585087115746828 1.6759992864220912723212253195707e-8
-4.3652936245432167645386814012231 1.5199381740982980405523052408693e-9
4.3652936245432167645386814012231 1.5199381740982980405523052408693e-9
-4.6536923643912965964610714833169 1.1401392553489387156774713821128e-10
4.6536923643912965964610714833169 1.1401392553489387156774713821128e-10
-4.9454294985999852187266599318845 7.0144682351913235771379689991541e-12
4.9454294985999852187266599318845 7.0144682351913235771379689991541e-12
-5.2408902012860349471529200096128 3.5050786947688295883113681877544e-13
5.2408902012860349471529200096128 3.5050786947688295883113681877544e-13
-5.540513173079088528825477579594 1.4065409569369089803970837005576e-14
5.540513173079088528825477579594 1.4065409569369089803970837005576e-14
-5.8448033276997978459844421912522 4.473247850198253429179559866983e-16
5.8448033276997978459844421912522 4.473247850198253429179559866983e-16
-6.1543485281550765808596672199308 1.1100994988590895504654376931201e-17
6.1543485281550765808596672199308 1.1100994988590895504654376931201e-17
-6.4698421035199564133613225804905 2.1103468793130255912420522656372e-19
6.4698421035199564133613225804905 2.1103468793130255912420522656372e-19
-6.792113829935322251864400261256 3.0058381695418590158667503733941e-21
6.792113829935322251864400261256 3.0058381695418590158667503733941e-21
-7.1221736773103954471859590574689 3.1221586704547967293882560946929e-23
7.1221736773103954471859590574689 3.1221586704547967293882560946929e-23
-7.4612754898399771593126900561 2.2869723112553934880616216797537e-25
7.4612754898399771593126900561 2.2869723112553934880616216797537e-25
-7.8110131087611867600861542820075 1.1322450883416785943879420363077e-27
7.8110131087611867600861542820075 1.1322450883416785943879420363077e-27
-8.1734720117891596127481039549623 3.5851439372856266485517396387801e-30
8.1734720117891596127481039549623 3.5851439372856266485517396387801e-30
-8.5514820514248042555143913970409 6.7403932258482545016897511741e-33
8.5514820514248042555143913970409 6.7403932258482545016897511741e-33
-8.9490694985983320076402703472844 6.7773962594082025915163382415765e-36
8.9490694985983320076402703472844 6.7773962594082025915163382415765e-36
-9.3723455663368829416476950794545 3.1165183087668318633481011780172e-39
9.3723455663368829416476950794545 3.1165183087668318633481011780172e-39
-9.8315026740330877716177499044915 5.0715303590977019986324253986091e-43
9.8315026740330877716177499044915 5.0715303590977019986324253986091e-43
-10.346335043862190690729909780285 1.7954384298059206768534753269548e-47
10.346335043862190690729909780285 1.7954384298059206768534753269548e-47
-10.968716712272720660281294308299 4.0345458073959176611843140199887e-53
10.968716712272720660281294308299 4.0345458073959176611843140199887e-53
