42
2
-0.17038058556181697307402522711759 0.331048913890856797402661577718
0.17038058556181697307402522711759 0.331048913890856797402661577718
-0.5113749183154693494509184584121 0.26273890678229476437946400619534
0.5113749183154693494509184584121 0.26273890678229476437946400619534
-0.85307290916055371804650012428937 0.1652880012746674607125317857405
0.85307290916055371804650012428937 0.1652880012746674607125317857405
-1.1959577943778098359791701625538 0.082211269303293768987109327509171
1.1959577943778098359791701625538 0.082211269303293768987109327509171
-1.5405348009155458959671103768876 0.032202101288907829819790793405765
1.5405348009155458959671103768876 0.032202101288907829819790793405765
-1.887341620543484820360895725059 0.0098795240531885091039332254988677
1.887341620543484820360895725059 0.0098795240531885091039332254988677
-2.2369607870543180516898795038443 0.0023571613945963144718094456723966
2.2369607870543180516898795038443 0.0023571613945963144718094456723966
-2.5900348706171264605752611738365 0.00043341227172125499947138249138275
2.5900348706171264605752611738365 0.00043341227172125499947138249138275
-2.9472857823054792337384667857061 0.000060719621077883351207630286563534
2.9472857823054792337384667857061 0.000060719621077883351207630286563534
-3.3095400965109219880398134435152 6.3902459677354268946163648163502e-6
3.3095400965109219880398134435152 6.3902459677354268946163648163502e-6
-3.677763316388556876407133729401 4.9636593935798352757612528829689e-7
3.677763316388556876407133729401 4.9636593935798352757612528829689e-7
-4.053107744424767000615614039372 2.7834715265490756444252980595757e-8
4.053107744424767000615614039372 2.7834715265490756444252980595757e-8
-4.4369817058810309606994352445047 1.095805228807841586228080133088e-9
4.4369817058810309606994352445047 1.095805228807841586228080133088e-9
-4.8311536291282759662683655259963 2.9217288372333569466301892437898e-11
4.8311536291282759662683655259963 2.9217288372333569466301892437898e-11
-5.2379158850176499305927186939832 5.0327055821840305970752246295837e-13
5.2379158850176499305927186939832 5.0327055821840305970752246295837e-13
-5.6603575812830576987471871651446 5.2533377155685611013703239963485e-15
5.6603575812830576987471871651446 5.2533377155685611013703239963485e-15
-6.1028523343815266213890340766641 3.035890347810717763516595138716e-17
6.1028523343815266213890340766641 3.035890347810717763516595138716e-17
-6.5720171713874751026220234707417 8.4821520800862769186045241136725e-20
6.5720171713874751026220234707417 8.4821520800862769186045241136725e-20
-7.0788678730491087219212464033723 9.1778906956924076508270269291192e-23
7.0788678730491087219212464033723 9.1778906956924076508270269291192e-23
-7.6447832957047418593253203674386 2.5278698640535659932677607040686e-26
7.6447832957047418593253203674386 2.5278698640535659932677607040686e-26
-8.3258093895669312162880573072788 6.1678589258107142561161215979104e-31
8.3258093895669312162880573072788 6.1678589258107142561161215979104e-31
