26
2
-0.21577785624346343464515801219538 0.41204365059036929496890194590524
0.21577785624346343464515801219538 0.41204365059036929496890194590524
-0.648095213993448309682521438287 0.28463224117678451716088618865903
0.648095213993448309682521438287 0.28463224117678451716088618865903
-1.0827330110778833562325540511147 0.13511332791178785175730426969145
1.0827330110778833562325540511147 0.13511332791178785175730426969145
-1.5213615166519213667414239625592 0.043598227217250797729421781294403
1.5213615166519213667414239625592 0.043598227217250797729421781294403
-1.9658547856411365752287508146569 0.0093979012911595795881594720761727
1.9658547856411365752287508146569 0.0093979012911595795881594720761727
-2.4184157647737791477990166885101 0.0013190647223238573518483299195793
2.4184157647737791477990166885101 0.0013190647223238573518483299195793
-2.8817622195430872174834933119694 0.00011622970160310963002657457850687
2.8817622195430872174834933119694 0.00011622970160310963002657457850687
-3.3594271823508301366456712753396 6.1032917173960130402838434493809e-6
3.3594271823508301366456712753396 6.1032917173960130402838434493809e-6
-3.8562884199091490218073266667366 1.7701063373973563526857234378692e-7
3.8562884199091490218073266667366 1.7701063373973563526857234378692e-7
-4.3796026629833049719125429236995 2.5244940344905336870757814767163e-9
4.3796026629833049719125429236995 2.5244940344905336870757814767163e-9
-4.9413249572413790737914459448181 1.4609999339816123694226939268069e-11
4.9413249572413790737914459448181 1.4609999339816123694226939268069e-11
-5.5645249819501030971630644823785 2.3831486593721606489462672186113e-14
5.5645249819501030971630644823785 2.3831486593721606489462672186113e-14
-6.3095503856256935009045466569833 4.3969160947539018645682170636278e-18
6.3095503856256935009045466569833 4.3969160947539018645682170636278e-18
