37
2
0 0.36274375769908362382387710995665
-0.3628499050506579802614035879775 0.31827467975443152785269891433775
0.3628499050506579802614035879775 0.31827467975443152785269891433775
-0.72633961660512018832438838832681 0.21478887596478399990426574210112
0.72633961660512018832438838832681 0.21478887596478399990426574210112
-1.0911237649759331093469349468389 0.11117916510719522827740900821857
1.0911237649759331093469349468389 0.11117916510719522827740900821857
-1.4578876468742090388067709551787 0.043931362299539294711909239975311
1.4578876468742090388067709551787 0.043931362299539294711909239975311
-1.8273652487636046858607608143143 0.013160179977211553985416193728019
1.8273652487636046858607608143143 0.013160179977211553985416193728019
-2.2003609340092521503733249978704 0.0029608001846029061548246266212534
2.2003609340092521503733249978704 0.0029608001846029061548246266212534
-2.5777768581132719607100416433073 0.00049417150121469428125837039016048
2.5777768581132719607100416433073 0.00049417150121469428125837039016048
-2.9606491813032890392416194788948 0.000060226951652674159757493261718028
2.9606491813032890392416194788948 0.000060226951652674159757493261718028
-3.3501978949725356528126978026704 5.2521435771200536737384788653716e-6
3.3501978949725356528126978026704 5.2521435771200536737384788653716e-6
-3.7478982064754799092992048891935 3.1928854810032303774150244842949e-7
3.7478982064754799092992048891935 3.1928854810032303774150244842949e-7
-4.1555872811264790487740152451321 1.3079698821802248037275899050006e-8
4.1555872811264790487740152451321 1.3079698821802248037275899050006e-8
-4.5756317486673585275903536464404 3.45190622721212138250114656749e-10
4.5756317486673585275903536464404 3.45190622721212138250114656749e-10
-5.0112061385730727496645512084838 5.5203972646374766562461981427926e-12
5.0112061385730727496645512084838 5.5203972646374766562461981427926e-12
-5.4667903359685603924025712506363 4.9047393641852154407446822130106e-14
5.4667903359685603924025712506363 4.9047393641852154407446822130106e-14
-5.9491472174619712655048370422799 2.1248851941314811933489542282486e-16
5.9491472174619712655048370422799 2.1248851941314811933489542282486e-16
-6.4695200365240311358866874792453 3.6247269512444094871734144159162e-19
6.4695200365240311358866874792453 3.6247269512444094871734144159162e-19
-7.0497138557782294173278508188395 1.6249853271916728864367058319575e-22
7.0497138557782294173278508188395 1.6249853271916728864367058319575e-22
-7.7468822496494560165963643397137 6.9350835505838066472921390611519e-27
7.7468822496494560165963643397137 6.9350835505838066472921390611519e-27
