102
2
-0.10970959522807900268857427452986 0.2167982911435305049218790757404
0.10970959522807900268857427452986 0.2167982911435305049218790757404
-0.32915455896704266417423816201557 0.19693934921359836567503046292217
0.32915455896704266417423816201557 0.19693934921359836567503046292217
-0.54867692134760160138662857596423 0.16249750087283819812545059660915
0.54867692134760160138662857596423 0.16249750087283819812545059660915
-0.76832854481204394871205686397793 0.1217643110635876098986572528731
0.76832854481204394871205686397793 0.1217643110635876098986572528731
-0.98816168930097078409630210012863 0.082838910302204195708100059666524
0.98816168930097078409630210012863 0.082838910302204195708100059666524
-1.2082291762513239840306809137283 0.051148315515202369839129193845707
1.2082291762513239840306809137283 0.051148315515202369839129193845707
-1.4285845577012722929696918575399 0.028649120680685196692601443381584
1.4285845577012722929696918575399 0.028649120680685196692601443381584
-1.6492822921192410114539083604429 0.014548976670515632212168593478659
1.6492822921192410114539083604429 0.014548976670515632212168593478659
-1.8703779286996218071684312516579 0.0066943659482095479572151656135051
1.8703779286996218071684312516579 0.0066943659482095479572151656135051
-2.0919283020285096063174593015523 0.0027887647298672409387037848959787
2.0919283020285096063174593015523 0.0027887647298672409387037848959787
-2.3139917392243753810276179466675 0.0010509023763580502849137433171094
2.3139917392243753810276179466675 0.0010509023763580502849137433171094
-2.5366282819075886593821035113529 0.00035787758856259307807460294385794
2.5366282819075886593821035113529 0.00035787758856259307807460294385794
-2.75989992565768454464733341684 0.00011001458276280730853274019050534
2.75989992565768454464733341684 0.00011001458276280730853274019050534
-2.9838708799890519260994633825657 0.000030491388427439157143420272212643
2.9838708799890519260994633825657 0.000030491388427439157143420272212643
-3.2086078523280147857868244546508 7.6089581259974991321282168700062e-6
3.2086078523280147857868244546508 7.6089581259974991321282168700062e-6
-3.4341803600244733153076789062194 1.707035845603707365487058917564e-6
3.4341803600244733153076789062194 1.707035845603707365487058917564e-6
-3.6606610751014690151415352940844 3.4372586316527684203753278464736e-7
3.6606610751014690151415352940844 3.4372586316527684203753278464736e-7
-3.8881262072644479467737710225958 6.2007747893151714143073047506286e-8
3.8881262072644479467737710225958 6.2007747893151714143073047506286e-8
-4.1166559316947996070569509462157 1.0001836240435990818432216377528e-8
4.1166559316947996070569509462157 1.0001836240435990818432216377528e-8
-4.3463348693861143010778276177647 1.4393514257953177973109029819237e-9
4.3463348693861143010778276177647 1.4393514257953177973109029819237e-9
-4.5772526293071115951933347205656 1.8436168972317039833044337149001e-10
4.5772526293071115951933347205656 1.8436168972317039833044337149001e-10
-4.8095044235715421133118918645772 2.0963143669741256684448368778449e-11
4.8095044235715421133118918645772 2.0963143669741256684448368778449e-11
-5.0431917691668709179585992387943 2.1099943426301939269418828298344e-12
5.0431917691668709179585992387943 2.1099943426301939269418828298344e-12
-5.2784232927787454396981146620623 1.8740601774404355728381914311581e-13
5.2784232927787454396981146620623 1.8740601774404355728381914311581e-13
-5.5153156590327266872551153408722 1.4637583603666232217499777737676e-14
5.5153156590327266872551153408722 1.4637583603666232217499777737676e-14
-5.7539946473095066812395742798527 1.0016087747850671114532473447318e-15
5.7539946473095066812395742798527 1.0016087747850671114532473447318e-15
-5.9945964085177111981868704327516 5.9794936879871425359463186992549e-17
5.9945964085177111981868704327516 5.9794936879871425359463186992549e-17
-6.2372689413028592655948184778046 3.1001141967930166620013911767142e-18
6.2372689413028592655948184778046 3.1001141967930166620013911767142e-18
-6.4821738377935743929538288546725 1.3887935290403953996526542091271e-19
6.4821738377935743929538288546725 1.3887935290403953996526542091271e-19
-6.7294883630724425836192877106115 5.3457088341630458639262770016475e-21
6.7294883630724425836192877106115 5.3457088341630458639262770016475e-21
-6.9794079514507149855886214302661 1.7569837815084571018162105526717e-22
6.9794079514507149855886214302661 1.7569837815084571018162105526717e-22
-7.2321492282755930660937087824665 4.8966201179064114293069085529882e-24
7.2321492282755930660937087824665 4.8966201179064114293069085529882e-24
-7.4879537012921365507269637881779 1.1481416337131834334913866233411e-25
7.4879537012921365507269637881779 1.1481416337131834334913866233411e-25
-7.7470923148599026869119215746191 2.2451158851841895901497834186854e-27
7.7470923148599026869119215746191 2.2451158851841895901497834186854e-27
-8.00987113024172113118172853458 3.6248608340201769031884840386266e-29
8.00987113024172113118172853458 3.6248608340201769031884840386266e-29
-8.276638496154186309233040079933 4.7776103023741022242190194156373e-31
8.276638496154186309233040079933 4.7776103023741022242190194156373e-31
-8.5477942224789642054306770039475 5.0736585413757070061914176711938e-33
8.5477942224789642054306770039475 5.0736585413757070061914176711938e-33
-8.8238014938930052087149674729559 4.2761357132187854064917927573305e-35
8.8238014938930052087149674729559 4.2761357132187854064917927573305e-35
-9.1052026055338093149744064232439 2.8100935042394856124404092109761e-37
9.1052026055338093149744064232439 2.8100935042394856124404092109761e-37
-9.3926401506071999998624565279721 1.4101103127648417472652848233412e-39
9.3926401506071999998624565279721 1.4101103127648417472652848233412e-39
-9.6868861866549621552603759938773 5.2696956176077125083271892887621e-42
9.6868861866549621552603759938773 5.2696956176077125083271892887621e-42
-9.9888834298724648483825982202193 1.4227172891228650061432609495887e-44
9.9888834298724648483825982202193 1.4227172891228650061432609495887e-44
-10.299805224248268882771155913596 2.6725211308631993462916546375101e-47
10.299805224248268882771155913596 2.6725211308631993462916546375101e-47
-10.621146056253157052360061013734 3.3307225187897529298941373364866e-50
10.621146056253157052360061013734 3.3307225187897529298941373364866e-50
-10.95486432372704679096100123719 2.5889667003232485135779196235665e-53
10.95486432372704679096100123719 2.5889667003232485135779196235665e-53
-11.303620232659483960202528999284 1.1549629962198365894890619171418e-56
11.303620232659483960202528999284 1.1549629962198365894890619171418e-56
-11.671201169018351089257430169847 2.6303256479664862476811127451814e-60
11.671201169018351089257430169847 2.6303256479664862476811127451814e-60
-12.063357508698902887327745412137 2.5658825214251111733736099432528e-64
12.063357508698902887327745412137 2.5658825214251111733736099432528e-64
-12.489679720231213293503254002124 8.0373302337195682627436391109251e-69
12.489679720231213293503254002124 8.0373302337195682627436391109251e-69
-12.96878717562138869674718087476 4.6716134267459085511669312425915e-74
12.96878717562138869674718087476 4.6716134267459085511669312425915e-74
-13.549444856223355358142451148617 1.2484709934169612120990787755342e-80
13.549444856223355358142451148617 1.2484709934169612120990787755342e-80
