13
2
0 0.60439318792116164234209906857853
-0.60576387917106011308053710860179 0.42161629689854322174689355856797
0.60576387917106011308053710860179 0.42161629689854322174689355856797
-1.2200550365907484262220552663737 0.14032332068702343776279226887307
1.2200550365907484262220552663737 0.14032332068702343776279226887307
-1.8531076516015121420035064431648 0.020862775296169939216603380505009
1.8531076516015121420035064431648 0.020862775296169939216603380505009
-2.5197356856782378834304091362827 0.0012074599927193859473092489922368
2.5197356856782378834304091362827 0.0012074599927193859473092489922368
-3.246608978372409988122051152361 0.000020430360402707073124866943293671
3.246608978372409988122051152361 0.000020430360402707073124866943293671
-4.101337596178639641178915080072 4.8257318500731310883499733234222e-8
4.101337596178639641178915080072 4.8257318500731310883499733234222e-8
