11
2
0 0.65475928691459177920394065762674
-0.65680956688209976502461157538301 0.42935975235612502844607359860058
0.65680956688209976502461157538301 0.42935975235612502844607359860058
-1.3265570844949328559497347355827 0.11722787516770850338178864930843
1.3265570844949328559497347355827 0.11722787516770850338178864930843
-2.0259480158257553351659128312129 0.011911395444911532450387420291589
2.0259480158257553351659128312129 0.011911395444911532450387420291589
-2.7832900997816517708367187015164 0.00034681946632334551064341377294018
2.7832900997816517708367187015164 0.00034681946632334551064341377294018
-3.6684708465595825184583714648513 1.4395603937142582203308836603194e-6
3.6684708465595825184583714648513 1.4395603937142582203308836603194e-6
