108
2
-0.10663296792943615472885741318785 0.21085839371676157906841534333373
0.10663296792943615472885741318785 0.21085839371676157906841534333373
-0.31992125960608510388403871442593 0.19256185751562627696160185370091
0.31992125960608510388403871442593 0.19256185751562627696160185370091
-0.53327667972273113052486386306719 0.16058169612107823334776818542736
0.53327667972273113052486386306719 0.16058169612107823334776818542736
-0.74674418434770956429256321164546 0.12226499127815106019435316391736
0.74674418434770956429256321164546 0.12226499127815106019435316391736
-0.96036903692102103120955123226636 0.0849745715835428676581959044918
0.96036903692102103120955123226636 0.0849745715835428676581959044918
-1.1741969346494687504339821337022 0.053891864826823470468047484456363
1.1741969346494687504339821337022 0.053891864826823470468047484456363
-1.3882741384147259561742042243808 0.031177182981317486203457411722218
1.3882741384147259561742042243808 0.031177182981317486203457411722218
-1.6026476072949806722247043393982 0.016444728895483642964036716287039
1.6026476072949806722247043393982 0.016444728895483642964036716287039
-1.8173651388771287859155342162237 0.0079041144380998627054179876844746
1.8173651388771287859155342162237 0.0079041144380998627054179876844746
-2.0324755166339640209240410700539 0.003459707598894488147661428002982
2.0324755166339640209240410700539 0.003459707598894488147661428002982
-2.2480286657622295063825972367595 0.0013780641953787516165930134910279
2.2480286657622295063825972367595 0.0013780641953787516165930134910279
-2.464075819026306503395033682638 0.00049909954967131098282648549456331
2.464075819026306503395033682638 0.00049909954967131098282648549456331
-2.6806696943332093379933795641736 0.0001642079369801245320502188372226
2.6806696943332093379933795641736 0.0001642079369801245320502188372226
-2.8978646859830593120420540295115 0.000049028384509801857206023922820239
2.8978646859830593120420540295115 0.000049028384509801857206023922820239
-3.1157170718023622372814224269356 0.000013269605500302635308913011182727
3.1157170718023622372814224269356 0.000013269605500302635308913011182727
-3.3342852386840140946815832652198 3.2515206739898412687481859798476e-6
3.3342852386840140946815832652198 3.2515206739898412687481859798476e-6
-3.553629929439026912126385942498 7.2034690286882897445361517200026e-7
3.553629929439026912126385942498 7.2034690286882897445361517200026e-7
-3.7738145143243408107344870172373 1.4407085283844836541548573216383e-7
3.7738145143243408107344870172373 1.4407085283844836541548573216383e-7
-3.9949052911662124840223740069158 2.597062933972652487739547675607e-8
3.9949052911662124840223740069158 2.597062933972652487739547675607e-8
-4.2169718186716348166412574808499 4.2120058561600353835546822695067e-9
4.2169718186716348166412574808499 4.2120058561600353835546822695067e-9
-4.440087288339164938014201160031 6.1341491782010007994644874087338e-10
4.440087288339164938014201160031 6.1341491782010007994644874087338e-10
-4.6643289413814169957763536788384 8.0050126851044405255968972130546e-11
4.6643289413814169957763536788384 8.0050126851044405255968972130546e-11
-4.8897785383006884384518154925384 9.3392850013870067791449824592462e-12
4.8897785383006884384518154925384 9.3392850013870067791449824592462e-12
-5.1165228902768888626477161797954 9.7167575155333767820543074326926e-13
5.1165228902768888626477161797954 9.7167575155333767820543074326926e-13
-5.3446544634117212779626054715737 8.9908236810354438339792627506145e-14
5.3446544634117212779626054715737 8.9908236810354438339792627506145e-14
-5.5742720692284104651564240937667 7.3765684098315781320010537845802e-15
5.5742720692284104651564240937667 7.3765684098315781320010537845802e-15
-5.805481657789573609728965118361 5.3490074750121189912032131854039e-16
5.805481657789573609728965118361 5.3490074750121189912032131854039e-16
-6.0383972335511168376376015678306 3.4159437284687042215651906006199e-17
6.0383972335511168376376015678306 3.4159437284687042215651906006199e-17
-6.2731419188661657961782028066347 1.9137000334222591360607887790855e-18
6.2731419188661657961782028066347 1.9137000334222591360607887790855e-18
-6.5098491962299119612744088023009 9.3649180986702133470677607382159e-20
6.5098491962299119612744088023009 9.3649180986702133470677607382159e-20
-6.7486643683832408639644463822391 3.9843331940864289655899831483061e-21
6.7486643683832408639644463822391 3.9843331940864289655899831483061e-21
-6.9897462859257988310372128935728 1.4661278293822361299625787952216e-22
6.9897462859257988310372128935728 1.4661278293822361299625787952216e-22
-7.2332694060552963291557600325572 4.6393197457826365092067210803088e-24
7.2332694060552963291557600325572 4.6393197457826365092067210803088e-24
-7.4794262647792984518220029196195 1.2543771045577785066991123317853e-25
7.4794262647792984518220029196195 1.2543771045577785066991123317853e-25
-7.7284304703735845414268614375886 2.8773904696540589639467256482293e-27
7.7284304703735845414268614375886 2.8773904696540589639467256482293e-27
-7.9805203608479557841281576815475 5.5552056820849823221624575596599e-29
7.9805203608479557841281576815475 5.5552056820849823221624575596599e-29
-8.235963517028785792112037786778 8.9460231384334222525301189995889e-31
8.235963517028785792112037786778 8.9460231384334222525301189995889e-31
-8.4950623921731916311807791731129 1.1895168657985527399650406076228e-32
8.4950623921731916311807791731129 1.1895168657985527399650406076228e-32
-8.7581614191156965667504625982938 1.2908866148089261689524849794316e-34
8.7581614191156965667504625982938 1.2908866148089261689524849794316e-34
-9.0256561033487952841702739291702 1.1282489276123744658386078401528e-36
9.0256561033487952841702739291702 1.1282489276123744658386078401528e-36
-9.2980048323218255583497786833373 7.8205013430129256648340501437347e-39
9.2980048323218255583497786833373 7.8205013430129256648340501437347e-39
-9.5757444735437325829430106665314 4.2224503669018245532161941629711e-41
9.5757444735437325829430106665314 4.2224503669018245532161941629711e-41
-9.8595113770046640627026856630142 1.7384628972964376673673953978574e-43
9.8595113770046640627026856630142 1.7384628972964376673673953978574e-43
-10.150070286259611300604844059938 5.320995590567607173709010394796e-46
10.150070286259611300604844059938 5.320995590567607173709010394796e-46
-10.448355171600436582644650300249 1.1738936354016834665456604357058e-48
10.448355171600436582644650300249 1.1738936354016834665456604357058e-48
-10.755528671982247763478041934137 1.7966861107994015738906759347288e-51
10.755528671982247763478041934137 1.7966861107994015738906759347288e-51
-11.073071811228769942411158023771 1.8177229307902717515108760982017e-54
11.073071811228769942411158023771 1.8177229307902717515108760982017e-54
-11.402925502488746535932402621576 1.1415803801508634423341903254563e-57
11.402925502488746535932402621576 1.1415803801508634423341903254563e-57
-11.747726328818176154216295413499 4.0896774498494808214434221293691e-61
11.747726328818176154216295413499 4.0896774498494808214434221293691e-61
-12.111228112984248839956108838056 7.4193203262022072694387899851646e-65
12.111228112984248839956108838056 7.4193203262022072694387899851646e-65
-12.499130218130038311508971863096 5.7018195541181225282653235402639e-69
12.499130218130038311508971863096 5.7018195541181225282653235402639e-69
-12.920937691432538818281268842606 1.3845734727538316455031329867963e-73
12.920937691432538818281268842606 1.3845734727538316455031329867963e-73
-13.395102910086411811548544379694 6.0791348825239331432223136762271e-79
13.395102910086411811548544379694 6.0791348825239331432223136762271e-79
-13.969949036642461346364631734746 1.1652438369940191466231557377338e-85
13.969949036642461346364631734746 1.1652438369940191466231557377338e-85
