9
2
0 0.72023521560605095712433472338942
-0.72355101875283757332263986457941 0.43265155900255575019981211295602
0.72355101875283757332263986457941 0.43265155900255575019981211295602
-1.4685532892166679316670157392486 0.088474527394376573287975114747566
1.4685532892166679316670157392486 0.088474527394376573287975114747566
-2.2665805845318431118020969328376 0.0049436242755369472172245659776337
2.2665805845318431118020969328376 0.0049436242755369472172245659776337
-3.1909932017815276072300477953809 0.000039606977263264381904586294642549
3.1909932017815276072300477953809 0.000039606977263264381904586294642549
