8
2
-0.38118699020732211685471888558369 0.66114701255824129103041597449588
0.38118699020732211685471888558369 0.66114701255824129103041597449588
-1.1571937124467801947207657790631 0.2078023258148918795432586202857
1.1571937124467801947207657790631 0.2078023258148918795432586202857
-1.9816567566958429258546306397693 0.017077983007413475456203056436446
1.9816567566958429258546306397693 0.017077983007413475456203056436446
-2.9306374202572440192235027052436 0.0001996040722113676192060904525441
2.9306374202572440192235027052436 0.0001996040722113676192060904525441
