104
2
-0.10865465496797615115724820383472 0.21476292059027456787853366665013
0.10865465496797615115724820383472 0.21476292059027456787853366665013
-0.32598852237076165338657840288367 0.19544872749879735044806020753452
0.32598852237076165338657840288367 0.19544872749879735044806020753452
-0.54339613440036177717549930709923 0.16186130554382051505413018592485
0.54339613440036177717549930709923 0.16186130554382051505413018592485
-0.76092689551645813618387868320327 0.12195957249370645268456986905205
0.76092689551645813618387868320327 0.12195957249370645268456986905205
-0.97863057442477314501418495833567 0.083587237918301072064721674275296
0.97863057442477314501418495833567 0.083587237918301072064721674275296
-1.1965574541809451085367908087982 0.052091376675144529259900220807423
1.1965574541809451085367908087982 0.052091376675144529259900220807423
-1.4147584867915233367095830510993 0.029505655023499778137398943502057
1.4147584867915233367095830510993 0.029505655023499778137398943502057
-1.6332854537309139258784907846868 0.01518204608813868362771469224082
1.6332854537309139258784907846868 0.01518204608813868362771469224082
-1.8521911338989444981870249491603 0.0070920553324460681567152140236318
1.8521911338989444981870249491603 0.0070920553324460681567152140236318
-2.0715294806793496735162140595094 0.0030055192270927704722389729059004
2.0715294806793496735162140595094 0.0030055192270927704722389729059004
-2.2913558099291086586012746602349 0.0011545621668817127606079974933826
2.2913558099291086586012746602349 0.0011545621668817127606079974933826
-2.5117270009375883080718769422916 0.00040166542717281759755956846712694
2.5117270009375883080718769422916 0.00040166542717281759755956846712694
-2.7327017126497150893530283465509 0.00012641879089097156471080375942064
2.7327017126497150893530283465509 0.00012641879089097156471080375942064
-2.954340617757579497922686534117 0.000035954963665620349411179651836038
2.954340617757579497922686534117 0.000035954963665620349411179651836038
-3.1767066576408896725489628397863 9.2289528191431974429656339758041e-6
3.1767066576408896725489628397863 9.2289528191431974429656339758041e-6
-3.3998653215923190542772993185037 2.1349200492771259554782675161874e-6
3.3998653215923190542772993185037 2.1349200492771259554782675161874e-6
-3.6238849543164640265699364834407 4.4440079875949156207148956922684e-7
3.6238849543164640265699364834407 4.4440079875949156207148956922684e-7
-3.8488370963629586204613074462437 8.3098897726797306092626790946361e-8
3.8488370963629586204613074462437 8.3098897726797306092626790946361e-8
-4.074796862973478780781411885483 1.3932720755460689449664557889545e-8
4.074796862973478780781411885483 1.3932720755460689449664557889545e-8
-4.3018433678250401548130388001589 2.0903260822481932751040556050515e-9
4.3018433678250401548130388001589 2.0903260822481932751040556050515e-9
-4.5300601993847315189268145230806 2.8000417787301270860133806718475e-10
4.5300601993847315189268145230806 2.8000417787301270860133806718475e-10
-4.7595359591142767549355470426522 3.3406627081403514151348426089691e-11
4.7595359591142767549355470426522 3.3406627081403514151348426089691e-11
-4.9903648726555802034949081445282 3.5405078866592410254361401871454e-12
4.9903648726555802034949081445282 3.5405078866592410254361401871454e-12
-5.2226474874947229404971885186754 3.3235533916669836267732153090142e-13
5.2226474874947229404971885186754 3.3235533916669836267732153090142e-13
-5.4564914735798910463383892481553 2.7546357750311591693348662982634e-14
5.4564914735798910463383892481553 2.7546357750311591693348662982634e-14
-5.6920125471434975929791973753838 2.0088075710888071085879423510159e-15
5.6920125471434975929791973753838 2.0088075710888071085879423510159e-15
-5.9293355428005714333032669686791 1.2840032078315059313717990948059e-16
5.9293355428005714333032669686791 1.2840032078315059313717990948059e-16
-6.1685956652061908846903130635557 7.163472202397205780585459299379e-18
6.1685956652061908846903130635557 7.163472202397205780585459299379e-18
-6.4099399596264102433852543144624 3.4721710760326835348364783848878e-19
6.4099399596264102433852543144624 3.4721710760326835348364783848878e-19
-6.6535290513692589524882476883215 1.4547178325694385315650201375564e-20
6.6535290513692589524882476883215 1.4547178325694385315650201375564e-20
-6.8995392180679305995326961456333 5.2383797573873650991849049159388e-22
6.8995392180679305995326961456333 5.2383797573873650991849049159388e-22
-7.1481648776449450187427935188246 1.6110964547970314346022596830726e-23
7.1481648776449450187427935188246 1.6110964547970314346022596830726e-23
-7.3996216003602546496626140892103 4.2024365472164373856341378782917e-25
7.3996216003602546496626140892103 4.2024365472164373856341378782917e-25
-7.6541497885353433968233662942688 9.2239272353929696649642649331387e-27
7.6541497885353433968233662942688 9.2239272353929696649642649331387e-27
-7.9120192166772830948603006157572 1.6885482670814045740443642839082e-28
7.9120192166772830948603006157572 1.6885482670814045740443642839082e-28
-8.1735346944358765419256565172768 2.5522940793940065240657409320876e-30
8.1735346944358765419256565172768 2.5522940793940065240657409320876e-30
-8.439043215497623840728065558715 3.1491543092696261162795013552273e-32
8.439043215497623840728065558715 3.1491543092696261162795013552273e-32
-8.7089431037842630925921044705627 3.1303492079755905718312527801889e-34
8.7089431037842630925921044705627 3.1303492079755905718312527801889e-34
-8.9836958915100512743645962385097 2.4689751624056545330960805695703e-36
8.9836958915100512743645962385097 2.4689751624056545330960805695703e-36
-9.2638420079694502757908732079917 1.5178899706379742827992432785642e-38
9.2638420079694502757908732079917 1.5178899706379742827992432785642e-38
-9.5500219040630888541693168297651 7.1225496037923930773465624687462e-41
9.5500219040630888541693168297651 7.1225496037923930773465624687462e-41
-9.8430051316625274067267424900276 2.4875851238977432880799477630145e-43
9.8430051316625274067267424900276 2.4875851238977432880799477630145e-43
-10.143731414960465950568839867301 6.2718288470035828072432141135035e-46
10.143731414960465950568839867301 6.2718288470035828072432141135035e-46
-10.453370440115184564072801014881 1.0991625015027072677231717155041e-48
10.453370440115184564072801014881 1.0991625015027072677231717155041e-48
-10.773412098098593873992954696208 1.276471703970221666227587180353e-51
10.773412098098593873992954696208 1.276471703970221666227587180353e-51
-11.105808823112232380833932463507 9.2309809923115042693002344983616e-55
11.105808823112232380833932463507 9.2309809923115042693002344983616e-55
-11.453212768894271744127985737826 3.8234147683156721629508720599809e-58
11.453212768894271744127985737826 3.8234147683156721629508720599809e-58
-11.819399886057777392049379457064 8.0626671773553554937108949798459e-62
11.819399886057777392049379457064 8.0626671773553554937108949798459e-62
-12.210103175151125114832568198422 7.2556400241838818229300593158273e-66
12.210103175151125114832568198422 7.2556400241838818229300593158273e-66
-12.634884014394832734609015278421 2.0852967445739776370716012701354e-70
12.634884014394832734609015278421 2.0852967445739776370716012701354e-70
-13.112304908251923562896725319678 1.102425929631626887542302170428e-75
13.112304908251923562896725319678 1.102425929631626887542302170428e-75
-13.690980373715536845038414240276 2.6333035610380642970384527216505e-82
13.690980373715536845038414240276 2.6333035610380642970384527216505e-82
