32
2
-0.1948407415693993267087412895322 0.37523835259280239286681838890712
0.1948407415693993267087412895322 0.37523835259280239286681838890712
-0.58497876543593244846695754401146 0.27745814230252989813769891854162
0.58497876543593244846695754401146 0.27745814230252989813769891854162
-0.97650046358968283848470487198177 0.15126973407664248257514711461403
0.97650046358968283848470487198177 0.15126973407664248257514711461403
-1.3703764109528718381617056486446 0.06045813095591261418658576078329
1.3703764109528718381617056486446 0.06045813095591261418658576078329
-1.7676541094632016046276732585265 0.017553428831573430303437844611009
1.7676541094632016046276732585265 0.017553428831573430303437844611009
-2.1694991836061121733057055950151 0.0036548903266544280791256571224129
2.1694991836061121733057055950151 0.0036548903266544280791256571224129
-2.5772495377323174540309293011413 0.00053626836552797204597023810150087
2.5772495377323174540309293011413 0.00053626836552797204597023810150087
-2.9924908250023742062854940760638 0.000054165840618199825580019393926719
2.9924908250023742062854940760638 0.000054165840618199825580019393926719
-3.4171674928185707358739272956353 3.6505851295623760573703241874583e-6
3.4171674928185707358739272956353 3.6505851295623760573703241874583e-6
-3.8537554854714446438878729210936 1.5741677925455940292686925792946e-7
3.8537554854714446438878729210936 1.5741677925455940292686925792946e-7
-4.3055479533511984452634865319313 4.0988321647708966182350410137973e-9
4.3055479533511984452634865319313 4.0988321647708966182350410137973e-9
-4.7771645035025963930357940568894 5.9332914633966386145115682155835e-11
4.7771645035025963930357940568894 5.9332914633966386145115682155835e-11
-5.2755509865158801278190604813964 4.2150102113264475729694452118303e-13
5.2755509865158801278190604813964 4.2150102113264475729694452118303e-13
-5.8122259495159138327659661536596 1.197344017092848665828681899509e-15
5.8122259495159138327659661536596 1.197344017092848665828681899509e-15
-6.4094981492696604121737637415271 9.2317365365182922334944200720744e-19
6.4094981492696604121737637415271 9.2317365365182922334944200720744e-19
-7.1258139098307275727952076034223 7.3106764273841623932742784550631e-23
7.1258139098307275727952076034223 7.3106764273841623932742784550631e-23
