77
2
0 0.25233616878303825943383199647041
-0.25235344827118409096913528441008 0.23681645470932227311453423393228
0.25235344827118409096913528441008 0.23681645470932227311453423393228
-0.50481068435860236341755311082526 0.19573290855318281788157023605429
0.50481068435860236341755311082526 0.19573290855318281788157023605429
-0.75747605237336063366500579193271 0.14242938912607905737331410761412
0.75747605237336063366500579193271 0.14242938912607905737331410761412
-1.0104550177477930132868154431489 0.091199284542961771812346668724798
1.0104550177477930132868154431489 0.091199284542961771812346668724798
-1.2638547500001409420050939711636 0.051347296466210817803356165240588
1.2638547500001409420050939711636 0.051347296466210817803356165240588
-1.5177847328096994867626217863968 0.025395651463267083355538842338874
1.5177847328096994867626217863968 0.025395651463267083355538842338874
-1.7723574118602183429992853728642 0.011020394106207401254943454235195
1.7723574118602183429992853728642 0.011020394106207401254943454235195
-2.0276888921639607489287475953802 0.004189916022315767453921567970344
2.0276888921639607489287475953802 0.004189916022315767453921567970344
-2.2838996982733863872059102085785 0.0013933051824601366657065004871167
2.2838996982733863872059102085785 0.0013933051824601366657065004871167
-2.5411156130214038627383272710269 0.00040444792546155535876608595230283
2.5411156130214038627383272710269 0.00040444792546155535876608595230283
-2.7994686133415088579273984210043 0.00010225119927510265327931968028866
2.7994686133415088579273984210043 0.00010225119927510265327931968028866
-3.0590979254933975940745071399718 0.00002245629883300592346936267192231
3.0590979254933975940745071399718 0.00002245629883300592346936267192231
-3.3201512269147217419829810308187 4.2716344520701258861954946955445e-6
3.3201512269147217419829810308187 4.2716344520701258861954946955445e-6
-3.5827860282892380751546218053785 7.0144004582899530890325760591677e-7
3.5827860282892380751546218053785 7.0144004582899530890325760591677e-7
-3.8471712777564734511164143636493 9.9059473817560568744197104166739e-8
3.8471712777564734511164143636493 9.9059473817560568744197104166739e-8
-4.1134892401757891344256624583123 1.1980389793173427889610889145582e-8
4.1134892401757891344256624583123 1.1980389793173427889610889145582e-8
-4.3819377189728371832233149192436 1.2349280054594205857474670635291e-9
4.3819377189728371832233149192436 1.2349280054594205857474670635291e-9
-4.6527327077376204463337044118309 1.0791168663568313773735290162141e-10
4.6527327077376204463337044118309 1.0791168663568313773735290162141e-10
-4.9261115854472980118026059147577 7.9452485251106379335140931741409e-12
4.9261115854472980118026059147577 7.9452485251106379335140931741409e-12
-5.2023370059655709344238526603886 4.8951189293679570153632289975023e-13
5.2023370059655709344238526603886 4.8951189293679570153632289975023e-13
-5.481701683855822338051350936817 2.503980316179030010398707715094e-14
5.481701683855822338051350936817 2.503980316179030010398707715094e-14
-5.7645343514856854897082679588242 1.0539595203667835988849475822045e-15
5.7645343514856854897082679588242 1.0539595203667835988849475822045e-15
-6.0512072677740341636827541507867 3.6131260931106179472396974926802e-17
6.0512072677740341636827541507867 3.6131260931106179472396974926802e-17
-6.3421458141623203165228688648645 9.969208330951172354959452596603e-19
6.3421458141623203165228688648645 9.969208330951172354959452596603e-19
-6.6378409471161140340582371624044 2.1835856119475659362846595392755e-20
6.6378409471161140340582371624044 2.1835856119475659362846595392755e-20
-6.9388656371030674349684791912526 3.7358525784193002698997725732151e-22
6.9388656371030674349684791912526 3.7358525784193002698997725732151e-22
-7.2458969961152931191589085423565 4.8977600911363237389369828072712e-24
7.2458969961152931191589085423565 4.8977600911363237389369828072712e-24
-7.559746732585720081211191092199 4.8085158087733281623797777135371e-26
7.559746732585720081211191092199 4.8085158087733281623797777135371e-26
-7.8814041633182295350769927742572 3.4377966700873535207611369174044e-28
7.8814041633182295350769927742572 3.4377966700873535207611369174044e-28
-8.2120988304736521940112975542543 1.7288387765755424653256714051033e-30
8.2120988304736521940112975542543 1.7288387765755424653256714051033e-30
-8.5533950218190300224355885887189 5.8531004842511293845125180555459e-33
8.5533950218190300224355885887189 5.8531004842511293845125180555459e-33
-8.9073408793931364511748528322477 1.2601224816663266794774676648819e-35
8.9073408793931364511748528322477 1.2601224816663266794774676648819e-35
-9.276716906512816756940523725606 1.5978109726748480941881757960304e-38
9.276716906512816756940523725606 1.5978109726748480941881757960304e-38
-9.6654804081925358114671531266367 1.0711545066976361769033755588965e-41
9.6654804081925358114671531266367 1.0711545066976361769033755588965e-41
-10.079638983721910452696421415387 3.2301359968276379925661883858463e-45
10.079638983721910452696421415387 3.2301359968276379925661883858463e-45
-10.529212793984576414941780343822 3.3619702764053959992033998594721e-49
10.529212793984576414941780343822 3.3619702764053959992033998594721e-49
-11.033660429475029180093764371295 7.3032412797376743687796587926132e-54
11.033660429475029180093764371295 7.3032412797376743687796587926132e-54
-11.643967905483197403420967913614 9.2494982464262832030303613063295e-60
11.643967905483197403420967913614 9.2494982464262832030303613063295e-60
