85
2
0 0.24024154090350583865628067771783
-0.24025505723472676742515712226494 0.22680511848210412679563612681017
0.24025505723472676742515712226494 0.22680511848210412679563612681017
-0.48059128370529339637382320972195 0.19082420376099698156668229359356
0.48059128370529339637382320972195 0.19082420376099698156668229359356
-0.72109020587034224285752804871378 0.14305030254196422325261215197234
0.72109020587034224285752804871378 0.14305030254196422325261215197234
-0.96183406923470457087255314229927 0.095510122550246847176870310904898
0.96183406923470457087255314229927 0.095510122550246847176870310904898
-1.2029062094928866813644987133051 0.056764441788522514454813040172206
1.2029062094928866813644987133051 0.056764441788522514454813040172206
-1.4443914379551996692496149557525 0.030009543309201079532728883279579
1.4443914379551996692496149557525 0.030009543309201079532728883279579
-1.6863764465968692418722129682633 0.014099847351552912049919346338768
1.6863764465968692418722129682633 0.014099847351552912049919346338768
-1.9289502385999013624329280906286 0.005881399371732018281525916357528
1.9289502385999013624329280906286 0.005881399371732018281525916357528
-2.1722045909628107346575788578611 0.0021752890413369527084663059463229
2.1722045909628107346575788578611 0.0021752890413369527084663059463229
-2.41623455666784773833608505612 0.00071235629871549125610314328604389
2.41623455666784773833608505612 0.00071235629871549125610314328604389
-2.6611390150638675040036665520865 0.0002062079431665734745118575905935
2.6611390150638675040036665520865 0.0002062079431665734745118575905935
-2.9070212806051178802741800211376 0.000052665815424842007660695621841378
2.9070212806051178802741800211376 0.000052665815424842007660695621841378
-3.1539897819612155685645592946303 0.000011842716592385975347562752112298
3.1539897819612155685645592946303 0.000011842716592385975347562752112298
-3.4021588258868608856032673974399 2.339076895801549368814670817866e-6
3.4021588258868608856032673974399 2.339076895801549368814670817866e-6
-3.6516494632523200835738617532915 4.0472265409701760748984884149542e-7
3.6516494632523200835738617532915 4.0472265409701760748984884149542e-7
-3.902590478476920852825476178215 6.1165350599767646369137584702103e-8
3.902590478476920852825476178215 6.1165350599767646369137584702103e-8
-4.1551195285347461883263531658842 8.0473976876877593063292961126945e-9
4.1551195285347461883263531658842 8.0473976876877593063292961126945e-9
-4.4093844640660003848470327086957 9.1835433159763173891341375412278e-10
4.4093844640660003848470327086957 9.1835433159763173891341375412278e-10
-4.665544873415224161975463253781 9.0529279992179650478905933265988e-11
4.665544873415224161975463253781 9.0529279992179650478905933265988e-11
-4.9237739013081613996652043404559 7.6736928514695210848898824598315e-12
4.9237739013081613996652043404559 7.6736928514695210848898824598315e-12
-5.1842604083343016578085835196958 5.5646126660265734764434481702964e-13
5.1842604083343016578085835196958 5.5646126660265734764434481702964e-13
-5.4472115568012643591210156771162 3.4323564970059213749357678996494e-14
5.4472115568012643591210156771162 3.4323564970059213749357678996494e-14
-5.7128559348775814205552087281561 1.7892942386134805835901413430229e-15
5.7128559348775814205552087281561 1.7892942386134805835901413430229e-15
-5.9814473672099637632141094681281 7.8262318929365696786572447972882e-17
5.9814473672099637632141094681281 7.8262318929365696786572447972882e-17
-6.2532696108544226941552237807676 2.8486537373202794706027687297496e-18
6.2532696108544226941552237807676 2.8486537373202794706027687297496e-18
-6.528642207242222471349363982581 8.5484498659452780773607325364075e-20
6.528642207242222471349363982581 8.5484498659452780773607325364075e-20
-6.8079278647256036964630451798848 2.0924604014548128825136803734695e-21
6.8079278647256036964630451798848 2.0924604014548128825136803734695e-21
-7.0915418991761441840458893005271 4.1267488231575722310329055749767e-23
7.0915418991761441840458893005271 4.1267488231575722310329055749767e-23
-7.3799644903419364388771155986614 6.4645977792616147787441216388629e-25
7.3799644903419364388771155986614 6.4645977792616147787441216388629e-25
-7.6737568668958451510744235098164 7.9104233673872154552858815261313e-27
7.6737568668958451510744235098164 7.9104233673872154552858815261313e-27
-7.9735830966018997407721445022712 7.4129920915228885194438189474418e-29
7.9735830966018997407721445022712 7.4129920915228885194438189474418e-29
-8.2802400806274571180310533040769 5.19554400717782012782912600155e-31
8.2802400806274571180310533040769 5.19554400717782012782912600155e-31
-8.5946999176295068245150478461716 2.6460383187052339597693701559665e-33
8.5946999176295068245150478461716 2.6460383187052339597693701559665e-33
-8.9181715786909087673877418581739 9.4491938966481318359810934718082e-36
8.9181715786909087673877418581739 9.4491938966481318359810934718082e-36
-9.2521940040089018940916158734189 2.2616501773133520597913215933972e-38
9.2521940040089018940916158734189 2.2616501773133520597913215933972e-38
-9.5987829596674029037367421167821 3.4214653414754847557435336483885e-41
9.5987829596674029037367421167821 3.4214653414754847557435336483885e-41
-9.9606757765591646890592983411646 3.0233321269411154186210080734063e-44
9.9606757765591646890592983411646 3.0233321269411154186210080734063e-44
-10.34176901831258541481155413831 1.3964239783925733767099843451687e-47
10.34176901831258541481155413831 1.3964239783925733767099843451687e-47
-10.74797858690784452703072880808 2.8548162606098478065251826185604e-51
10.74797858690784452703072880808 2.8548162606098478065251826185604e-51
-11.189171723313380369253117427768 1.9665137729345805905154129579713e-55
11.189171723313380369253117427768 1.9665137729345805905154129579713e-55
-11.684508587714936478676932389914 2.7178104548554390386907661291642e-60
11.684508587714936478676932389914 2.7178104548554390386907661291642e-60
-12.284185353778503126240218027472 2.0210775843650016382161572146037e-66
12.284185353778503126240218027472 2.0210775843650016382161572146037e-66
