44
2
-0.1665074670736323882793834892273 0.32394262884199610269720129981594
0.1665074670736323882793834892273 0.32394262884199610269720129981594
-0.49973020830067431851081801830929 0.25977339611588805302023943862027
0.49973020830067431851081801830929 0.25977339611588805302023943862027
-0.8335797610020734330880298942907 0.16686716582564604927365015255131
0.8335797610020734330880298942907 0.16686716582564604927365015255131
-1.1684854631902054980538483260057 0.085670187300246279908707254487706
1.1684854631902054980538483260057 0.085670187300246279908707254487706
-1.5048944344828715445835273550557 0.035033757109687082098840829788292
1.5048944344828715445835273550557 0.035033757109687082098840829788292
-1.8432799206176101563920701204516 0.011357866939069945748000093616294
1.8432799206176101563920701204516 0.011357866939069945748000093616294
-2.1841510195665262685937367797701 0.0029012937752966246764521998242959
2.1841510195665262685937367797701 0.0029012937752966246764521998242959
-2.5280644271476650969074144728947 0.00057942043271566377619046199925277
2.5280644271476650969074144728947 0.00057942043271566377619046199925277
-2.8756390821704420840174283715858 0.000089597973640616688600539792386536
2.8756390821704420840174283715858 0.000089597973640616688600539792386536
-3.2275749742774262785238698379538 0.000010600171772517672069414749609256
3.2275749742774262785238698379538 0.000010600171772517672069414749609256
-3.5846779931052283911921245084112 9.4545385422855718099613817352508e-7
3.5846779931052283911921245084112 9.4545385422855718099613817352508e-7
-3.947893711524654813169430722729 6.2427245062814915601772474964764e-8
3.947893711524654813169430722729 6.2427245062814915601772474964764e-8
-4.3183547234421126072963643391066 2.9831210190396281824065291687256e-9
4.3183547234421126072963643391066 2.9831210190396281824065291687256e-9
-4.6974492230014397194356655581269 1.0026000778909169208223490513507e-10
4.6974492230014397194356655581269 1.0026000778909169208223490513507e-10
-5.0869242297582532815571795544758 2.2848078971220344472885303029824e-12
5.0869242297582532815571795544758 2.2848078971220344472885303029824e-12
-5.4890481838807427546851659821817 3.3650356127922767510994574133487e-14
5.4890481838807427546851659821817 3.3650356127922767510994574133487e-14
-5.9068817590275462840908557417458 3.0015214029808008167503192539506e-16
5.9068817590275462840908557417458 3.0015214029808008167503192539506e-16
-6.3447621648968922702271494824972 1.4794099758171632650355991618008e-18
6.3447621648968922702271494824972 1.4794099758171632650355991618008e-18
-6.8092552715358328151379820060713 3.5121449558365183623605322306068e-21
6.8092552715358328151379820060713 3.5121449558365183623605322306068e-21
-7.3112956789163310324680505208802 3.207221691905003025624542379684e-24
7.3112956789163310324680505208802 3.207221691905003025624542379684e-24
-7.8721084427748514292136858704139 7.3621261042971013039381317513115e-28
7.8721084427748514292136858704139 7.3621261042971013039381317513115e-28
-8.5473375667355391719186064920162 1.4561153081762318946343927738933e-32
8.5473375667355391719186064920162 1.4561153081762318946343927738933e-32
