100
2
-0.11079587242243948288755989392836 0.21889262958743912506271055295962
0.11079587242243948288755989392836 0.21889262958743912506271055295962
-0.33241469234223180704589884489339 0.19846285025418647770890073529177
0.33241469234223180704589884489339 0.19846285025418647770890073529177
-0.5541148235916169882329976723998 0.16313003050278294141928519104326
0.5541148235916169882329976723998 0.16313003050278294141928519104326
-0.77595076154014578197506583387521 0.12153798684410418198365839318458
0.77595076154014578197506583387521 0.12153798684410418198365839318458
-0.99797743609810524392410306108793 0.082051827391224464680425941271179
0.99797743609810524392410306108793 0.082051827391224464680425941271179
-1.2202503912189530588204931976742 0.050175812677428695697877146154551
1.2202503912189530588204931976742 0.050175812677428695697877146154551
-1.4428259702159327877025777167768 0.027779127385933514270057367665974
1.4428259702159327877025777167768 0.027779127385933514270057367665974
-1.6657615087415094698666537171307 0.013915665220231806417881010202464
1.6657615087415094698666537171307 0.013915665220231806417881010202464
-1.8891155374270083714936395268915 0.0063030002856080525493855326997241
1.8891155374270083714936395268915 0.0063030002856080525493855326997241
-2.1129479963711879520297712999877 0.0025792732600590901733955522066287
2.1129479963711879520297712999877 0.0025792732600590901733955522066287
-2.337320463906878505012622779866 0.00095269218854861911747852737183767
2.337320463906878505012622779866 0.00095269218854861911747852737183767
-2.5622964023726080250560245984516 0.00031729197104330030555007967322238
2.5622964023726080250560245984516 0.00031729197104330030555007967322238
-2.7879414239819893131903676217409 0.000095171627785509664701606328247454
2.7879414239819893131903676217409 0.000095171627785509664701606328247454
-3.0143235803311555167151651485232 0.00002567615938454906305610276474885
3.0143235803311555167151651485232 0.00002567615938454906305610276474885
-3.2415136796310129503587732945183 6.2215248177778633173508476886523e-6
3.2415136796310129503587732945183 6.2215248177778633173508476886523e-6
-3.4695856364185891697681598371294 1.3517971591103672866002695156611e-6
3.4695856364185891697681598371294 1.3517971591103672866002695156611e-6
-3.6986168593184919397969539485761 2.629097483753725079341013578705e-7
3.6986168593184919397969539485761 2.629097483753725079341013578705e-7
-3.9286886834276709720095023242871 4.5681275084849395135569656986364e-8
3.9286886834276709720095023242871 4.5681275084849395135569656986364e-8
-4.1598868551310305400680411225876 7.0758572838895729073803990944838e-9
4.1598868551310305400680411225876 7.0758572838895729073803990944838e-9
-4.392302078682684016744775569093 9.7479212538716212457585872246926e-10
4.392302078682684016744775569093 9.7479212538716212457585872246926e-10
-4.6260306357871557730740379959855 1.1913006349290729498185802145339e-10
4.6260306357871557730740379959855 1.1913006349290729498185802145339e-10
-4.8611750917912102100460668490497 1.2879038257315582328119700936157e-11
4.8611750917912102100460668490497 1.2879038257315582328119700936157e-11
-5.0978451050891362470000919393993 1.22787851441012497002616861668e-12
5.0978451050891362470000919393993 1.22787851441012497002616861668e-12
-5.3361583601383604972771152654632 1.0288749373509925467982086481579e-13
5.3361583601383604972771152654632 1.0288749373509925467982086481579e-13
-5.5762416493299241033034851100971 7.5488968779152432922688320814098e-15
5.5762416493299241033034851100971 7.5488968779152432922688320814098e-15
-5.8182321352035170473622698170479 4.8298353217030333476771644609937e-16
5.8182321352035170473622698170479 4.8298353217030333476771644609937e-16
-6.0622788326143026386651846010777 2.6824921647603760800031969074283e-17
6.0622788326143026386651846010777 2.6824921647603760800031969074283e-17
-6.3085443611121351216388174153874 1.2868329211211532757517536554089e-18
6.3085443611121351216388174153874 1.2868329211211532757517536554089e-18
-6.5572070319215393159801431092748 5.3023161831318486853013624478609e-20
6.5572070319215393159801431092748 5.3023161831318486853013624478609e-20
-6.808463352858796414478980904322 1.8649976751302522581656120731656e-21
6.808463352858796414478980904322 1.8649976751302522581656120731656e-21
-7.0625310602488654374655227313402 5.5610269616591673171499515673737e-23
7.0625310602488654374655227313402 5.5610269616591673171499515673737e-23
-7.3196528223045353163320619830887 1.3948415260687670804801096820557e-24
7.3196528223045353163320619830887 1.3948415260687670804801096820557e-24
-7.5801008078574888842858087147799 2.9173500726293324177990152497078e-26
7.5801008078574888842858087147799 2.9173500726293324177990152497078e-26
-7.8441823844608211687920795305108 5.0377911662131877842333528390235e-28
7.8441823844608211687920795305108 5.0377911662131877842333528390235e-28
-8.112247311162791917211692013817 7.1018122263849342296566205900844e-30
8.112247311162791917211692013817 7.1018122263849342296566205900844e-30
-8.3846969404162650750860155396075 8.0674342787093771737091624348506e-32
8.3846969404162650750860155396075 8.0674342787093771737091624348506e-32
-8.6619961681345177143760754560127 7.2745725968877675745099625860466e-34
8.6619961681345177143760754560127 7.2745725968877675745099625860466e-34
-8.9446892173254744787985968075413 5.1162326043852221804395187232121e-36
8.9446892173254744787985968075413 5.1162326043852221804395187232121e-36
-9.2334208902191615504779366283532 2.7487848843571124919853397562822e-38
9.2334208902191615504779366283532 2.7487848843571124919853397562822e-38
-9.5289658233901148046970657443075 1.1004706827142236694564846771284e-40
9.5289658233901148046970657443075 1.1004706827142236694564846771284e-40
-9.8322698077779690943551615313409 3.1852178778359179306779731672801e-43
9.8322698077779690943551615313409 3.1852178778359179306779731672801e-43
-10.14450994129284546988858830144 6.4207252053484724828800408471585e-46
10.14450994129284546988858830144 6.4207252053484724828800408471585e-46
-10.467185421342812141783133163578 8.5975639548252716100212060248174e-49
10.467185421342812141783133163578 8.5975639548252716100212060248174e-49
-10.80226075368471459482166754925 7.1915294634633710296009233092935e-52
10.80226075368471459482166754925 7.1915294634633710296009233092935e-52
-11.152404385585125264899035250357 3.4594779364755504446444990109345e-55
11.152404385585125264899035250357 3.4594779364755504446444990109345e-55
-11.521415400787030241694215193616 8.5188830817616337866543437236777e-59
11.521415400787030241694215193616 8.5188830817616337866543437236777e-59
-11.915061943114165801984797918763 9.0192223036935561797219710686745e-63
11.915061943114165801984797918763 9.0192223036935561797219710686745e-63
-12.342964222859674295102740266871 3.0830289900032748119777756174757e-67
12.342964222859674295102740266871 3.0830289900032748119777756174757e-67
-12.823799749487808906339128813777 1.9728605748794525544872211065638e-72
12.823799749487808906339128813777 1.9728605748794525544872211065638e-72
-13.406487338144910138498015358652 5.9080678650312068152688551645556e-79
13.406487338144910138498015358652 5.9080678650312068152688551645556e-79
