123
2
0 0.1998939346108817596838686235277
-0.19989932450580151387116624824153 0.19207925104318518829511832982484
0.19989932450580151387116624824153 0.19207925104318518829511832982484
-0.39983100199064890053246755882247 0.1704165569053422179542945408599
0.39983100199064890053246755882247 0.1704165569053422179542945408599
-0.59982745357081810186485764509312 0.13959184263252371199910298712552
0.59982745357081810186485764509312 0.13959184263252371199910298712552
-0.7999212370562901682807981353058 0.10555264545810969387577493500227
0.7999212370562901682807981353058 0.10555264545810969387577493500227
-1.000145116350882723926996148701 0.073664835869183771332030902871872
1.000145116350882723926996148701 0.073664835869183771332030902871872
-1.2005321321308889252029373493302 0.047438564768729015507706039952952
1.2005321321308889252029373493302 0.047438564768729015507706039952952
-1.4011156742530043238858927675177 0.028181096910943689341813827888427
1.4011156742530043238858927675177 0.028181096910943689341813827888427
-1.6019295563640744750598866609171 0.015437973179493941447860629247616
1.6019295563640744750598866609171 0.015437973179493941447860629247616
-1.8030080932132322991455443933282 0.0077957038787030091042315668860272
1.8030080932132322991455443933282 0.0077957038787030091042315668860272
-2.0043861812019168630021729922073 0.0036270593070595938869748073842919
2.0043861812019168630021729922073 0.0036270593070595938869748073842919
-2.2060993827498389244867893524497 0.0015540467884754483262284196348031
2.2060993827498389244867893524497 0.0015540467884754483262284196348031
-2.408184015106135138325374974093 0.00061281987967776673987332313536869
2.408184015106135138325374974093 0.00061281987967776673987332313536869
-2.6106772442959039695906323798204 0.00022227085873416101910740367257875
2.6106772442959039695906323798204 0.00022227085873416101910740367257875
-2.813617184964474877248366405425 0.000074097922186640848177792214727264
2.813617184964474877248366405425 0.000074097922186640848177792214727264
-3.0170430069668739144510917583977 0.000022686436750985642117846497374114
3.0170430069668739144510917583977 0.000022686436750985642117846497374114
-3.2209950496501374367392696529496 6.3737479499140142746309629370067e-6
3.2209950496501374367392696529496 6.3737479499140142746309629370067e-6
-3.4255149448939753596019792906861 1.6416874675897096567604570598955e-6
3.4255149448939753596019792906861 1.6416874675897096567604570598955e-6
-3.6306457501139446006850920016426 3.8727287415554454218599212857844e-7
3.6306457501139446006850920016426 3.8727287415554454218599212857844e-7
-3.8364320925946053270083796706012 8.3579939555984675900032069332016e-8
3.8364320925946053270083796706012 8.3579939555984675900032069332016e-8
-4.0429203267128023567423755660599 1.6482913905846337128235076877914e-8
4.0429203267128023567423755660599 1.6482913905846337128235076877914e-8
-4.250158705839020417172843193921 2.966608596335190421867319505261e-9
4.250158705839020417172843193921 2.966608596335190421867319505261e-9
-4.4581975709748297835026514026424 4.8661361388782849417838512250665e-10
4.4581975709748297835026514026424 4.8661361388782849417838512250665e-10
-4.6670895585055892962190825090801 7.2637761188053975890195110015032e-11
4.6670895585055892962190825090801 7.2637761188053975890195110015032e-11
-4.8768898298307781093147438326841 9.8514672314147554660775086057177e-12
4.8768898298307781093147438326841 9.8514672314147554660775086057177e-12
-5.0876563260932980699340679974726 1.2118575324056068294274401935516e-12
5.0876563260932980699340679974726 1.2118575324056068294274401935516e-12
-5.2994500517810534500782851301161 1.3496086984992684163998197155495e-13
5.2994500517810534500782851301161 1.3496086984992684163998197155495e-13
-5.5123353916408397827595473044637 1.3580008734485613232689421585476e-14
5.5123353916408397827595473044637 1.3580008734485613232689421585476e-14
-5.7263804661537204939354206363492 1.2319403285686370204135895467758e-15
5.7263804661537204939354206363492 1.2319403285686370204135895467758e-15
-5.941657531808013561436705904155 1.0052255425278708016828319367644e-16
5.941657531808013561436705904155 1.0052255425278708016828319367644e-16
-6.1582434336162890721247221470546 7.3591325007878525716680439267132e-18
6.1582434336162890721247221470546 7.3591325007878525716680439267132e-18
-6.3762201188154268840755727001679 4.8205257099851233210954075986359e-19
6.3762201188154268840755727001679 4.8205257099851233210954075986359e-19
-6.595675222540902335718100933983 2.816979025420343585829148965213e-20
6.595675222540902335718100933983 2.816979025420343585829148965213e-20
-6.8167027385795487785981048194274 1.4638683297363228225199691326654e-21
6.8167027385795487785981048194274 1.4638683297363228225199691326654e-21
-7.0394037912138100470758876011454 6.741188729801489658828698761968e-23
7.0394037912138100470758876011454 6.741188729801489658828698761968e-23
-7.2638875278553741208428288396724 2.7405597239380499014839663124401e-24
7.2638875278553741208428288396724 2.7405597239380499014839663124401e-24
-7.4902721568710232512212530455253 9.7951708742325933868402124548072e-26
7.4902721568710232512212530455253 9.7951708742325933868402124548072e-26
-7.7186861610617439214355422225082 3.0639885163656590010376968036247e-27
7.7186861610617439214355422225082 3.0639885163656590010376968036247e-27
-7.9492697251276722199358160842178 8.3465290951830791314780878454883e-29
7.9492697251276722199358160842178 8.3465290951830791314780878454883e-29
-8.1821764257789714415311679311226 1.9692128985290514047639107180561e-30
8.1821764257789714415311679311226 1.9692128985290514047639107180561e-30
-8.4175752468453181337883481476021 3.9996687161846497209157161676173e-32
8.4175752468453181337883481476021 3.9996687161846497209157161676173e-32
-8.6556530000977209768707308253205 6.9469156975835238288837637191961e-34
8.6556530000977209768707308253205 6.9469156975835238288837637191961e-34
-8.8966172574222744964443368509688 1.0241410150378039821610097471876e-35
8.8966172574222744964443368509688 1.0241410150378039821610097471876e-35
-9.1406999342794101290122192421551 1.2708875196505309139366127318598e-37
9.1406999342794101290122192421551 1.2708875196505309139366127318598e-37
-9.388161712260503084729866641265 1.3151165218678143186640468132381e-39
9.388161712260503084729866641265 1.3151165218678143186640468132381e-39
-9.6392975564791733241919172046286 1.1228680356492186901716014382351e-41
9.6392975564791733241919172046286 1.1228680356492186901716014382351e-41
-9.8944436816224320837646866408285 7.8155861441480753543073216225285e-44
9.8944436816224320837646866408285 7.8155861441480753543073216225285e-44
-10.153986464937166637885046449017 4.3737554297590372854619566961839e-46
10.153986464937166637885046449017 4.3737554297590372854619566961839e-46
-10.418374021858449602859150121815 1.9366833085713337982047597594143e-48
10.418374021858449602859150121815 1.9366833085713337982047597594143e-48
-10.6881314954021126756872355484 6.659764607620963459839435027448e-51
10.6881314954021126756872355484 6.659764607620963459839435027448e-51
-10.963881642425229201028327117086 1.7396913258105925077875636741818e-53
10.963881642425229201028327117086 1.7396913258105925077875636741818e-53
-11.246373170717687961170144002628 3.3622797072552442677228031776557e-56
11.246373170717687961170144002628 3.3622797072552442677228031776557e-56
-11.536520759384243191615387970747 4.6560392499730824305554989167054e-59
11.536520759384243191615387970747 4.6560392499730824305554989167054e-59
-11.835463313889940083057327084633 4.4400764524986072589777468294635e-62
11.835463313889940083057327084633 4.4400764524986072589777468294635e-62
-12.144651884544359389041709992096 2.7730751722659208224973261416244e-65
12.144651884544359389041709992096 2.7730751722659208224973261416244e-65
-12.465988324400742987232957109961 1.0626701542492397992419639810763e-68
12.465988324400742987232957109961 1.0626701542492397992419639810763e-68
-12.802056306622089588549251578492 2.288578004266331731016465711729e-72
12.802056306622089588549251578492 2.288578004266331731016465711729e-72
-13.156534338879861971532290531231 2.4475687753038162736119622139768e-76
13.156534338879861971532290531231 2.4475687753038162736119622139768e-76
-13.53500717217316143343248558722 1.0797361898132381829663911282381e-80
13.53500717217316143343248558722 1.0797361898132381829663911282381e-80
-13.946787810773683124315037266858 1.4482784276490153256599620277409e-85
13.946787810773683124315037266858 1.4482784276490153256599620277409e-85
-14.409953151712163820883070750075 3.302719555394582352315848834245e-91
14.409953151712163820883070750075 3.302719555394582352315848834245e-91
-14.971833315919481027081605960549 2.9088440908624773300983681805787e-98
14.971833315919481027081605960549 2.9088440908624773300983681805787e-98
