75
2
0 0.25565638153018349968954031221344
-0.25567482833134799806303325397791 0.23953059321276846507534541982272
0.25567482833134799806303325397791 0.23953059321276846507534541982272
-0.51146046221189689802394689170518 0.19698140672796701091638179810231
0.51146046221189689802394689170518 0.19698140672796701091638179810231
-0.76746833310481623460461046853667 0.14213547000895133020485618176756
0.76746833310481623460461046853667 0.14213547000895133020485618176756
-1.0238111346569745485413921078569 0.089938636734284768307867655517801
1.0238111346569745485413921078569 0.089938636734284768307867655517801
-1.280603480024534863857032142114 0.04986645071245755914763748245915
1.280603480024534863857032142114 0.04986645071245755914763748245915
-1.5379625916624639516882545523184 0.024201116175054315711111462175325
1.5379625916624639516882545523184 0.024201116175054315711111462175325
-1.7960090360977112959410185619262 0.010267477817470288049750975348429
1.7960090360977112959410185619262 0.010267477817470288049750975348429
-2.0548675177858017900229207201821 0.0038020227522452705471536761288401
2.0548675177858017900229207201821 0.0038020227522452705471536761288401
-2.3146677482934548558839185137493 0.0012265540580803686529311481599272
2.3146677482934548558839185137493 0.0012265540580803686529311481599272
-2.5755454098889713412854024733226 0.00034399085887424279751509282823163
2.5755454098889713412854024733226 0.00034399085887424279751509282823163
-2.8376432363425030718423495352675 0.000083660559585237851615783674564617
2.8376432363425030718423495352675 0.000083660559585237851615783674564617
-3.1011122385952585393966807174157 0.000017594600636505416241072548830108
3.1011122385952585393966807174157 0.000017594600636505416241072548830108
-3.366113109303238429782289746337 3.1895150634568615082900675732188e-6
3.366113109303238429782289746337 3.1895150634568615082900675732188e-6
-3.6328178485882914931015338484148 4.9655916977568229589653005406849e-7
3.6328178485882914931015338484148 4.9655916977568229589653005406849e-7
-3.9014116643261456799063128326073 6.6118669991811837717987530801329e-8
3.9014116643261456799063128326073 6.6118669991811837717987530801329e-8
-4.1720952149448501977012226524846 7.4947098368603655359444871762494e-9
4.1720952149448501977012226524846 7.4947098368603655359444871762494e-9
-4.4450872824012323375237689808687 7.1939577649798207153940790336814e-10
4.4450872824012323375237689808687 7.1939577649798207153940790336814e-10
-4.7206279897915652585573814141849 5.8125114501326451016426375262106e-11
4.7206279897915652585573814141849 5.8125114501326451016426375262106e-11
-4.9989827149592104257690486661671 3.92638030729188316501971598142e-12
4.9989827149592104257690486661671 3.92638030729188316501971598142e-12
-5.2804469030361733376923789315661 2.2003659842875607379891053730885e-13
5.2804469030361733376923789315661 2.2003659842875607379891053730885e-13
-5.5653520540734329259074069580868 1.013988341001303849989392496468e-14
5.5653520540734329259074069580868 1.013988341001303849989392496468e-14
-5.8540732676978864666277652808137 3.8036255791351317005149093585184e-16
5.8540732676978864666277652808137 3.8036255791351317005149093585184e-16
-6.1470388825769429486589457791564 1.1478770068871663260111569357233e-17
6.1470388825769429486589457791564 1.1478770068871663260111569357233e-17
-6.4447429831267426062212945161438 2.7491455795178558079400355432738e-19
6.4447429831267426062212945161438 2.7491455795178558079400355432738e-19
-6.7477619079872564197520273361227 5.1421792395941338783268827924091e-21
6.7477619079872564197520273361227 5.1421792395941338783268827924091e-21
-7.05677646921747739062675210024 7.3704570195169396784448806454648e-23
7.05677646921747739062675210024 7.3704570195169396784448806454648e-23
-7.3726025317424623165320078005705 7.9129760878550845293170098685663e-25
7.3726025317424623165320078005705 7.9129760878550845293170098685663e-25
-7.6962341998287289118721498853865 6.1891475308279392450583328037357e-27
7.6962341998287289118721498853865 6.1891475308279392450583328037357e-27
-8.0289066873027559309041041313467 3.4074887052467696517337058032564e-29
8.0289066873027559309041041313467 3.4074887052467696517337058032564e-29
-8.3721912199266994284004674293364 1.2642951712027778752006422003266e-31
8.3721912199266994284004674293364 1.2642951712027778752006422003266e-31
-8.7281447480576210416672521139339 2.9874354212480540452277739926611e-34
8.7281447480576210416672521139339 2.9874354212480540452277739926611e-34
-9.0995594639401111915745877634533 4.1660662393371789397967693380943e-37
9.0995594639401111915745877634533 4.1660662393371789397967693380943e-37
-9.4904090577984018240815054804866 3.0804483195557758696312020684173e-40
9.4904090577984018240815054804866 3.0804483195557758696312020684173e-40
-9.9067257997991215233250118814084 1.0287869477178989809546457050255e-43
9.9067257997991215233250118814084 1.0287869477178989809546457050255e-43
-10.358570924603207177811971898935 1.193210219925658461479326112762e-47
10.358570924603207177811971898935 1.193210219925658461479326112762e-47
-10.865483112083049680698985001515 2.9179360026095997706692240515066e-52
10.865483112083049680698985001515 2.9179360026095997706692240515066e-52
-11.478660318722641591675948420437 4.2475404052225598753982948684251e-58
11.478660318722641591675948420437 4.2475404052225598753982948684251e-58
