91
2
0 0.23223147790375127456570613259643
-0.23224288604634153502295025964393 0.22006990496442235416867608723069
0.23224288604634153502295025964393 0.22006990496442235416867608723069
-0.46455427344836060104049469014893 0.18726297375534302979843747426066
0.46455427344836060104049469014893 0.18726297375534302979843747426066
-0.69700292669283169865962872218818 0.14305806223178342092985089410006
0.69700292669283169865962872218818 0.14305806223178342092985089410006
-0.92965813948535516408600552174287 0.098085267668094565231779274607922
0.92965813948535516408600552174287 0.098085267668094565231779274607922
-1.1625900068179993978104752826919 0.060329758617287326592084654149556
1.1625900068179993978104752826919 0.060329758617287326592084654149556
-1.3958697061759589741354488329867 0.033269271876220915071172911271163
1.3958697061759589741354488329867 0.033269271876220915071172911271163
-1.6295697912525118278363215098902 0.016437166647437277369694406186451
1.6295697912525118278363215098902 0.016437166647437277369694406186451
-1.8637645018342537033773989256886 0.0072695749936617987904705503042668
1.8637645018342537033773989256886 0.0072695749936617987904705503042668
-2.0985300939053994734473758573289 0.0028750919999992999923473791472418
2.0985300939053994734473758573289 0.0028750919999992999923473791472418
-2.3339451945166200867477222212949 0.0010156641399211754155537901729101
2.3339451945166200867477222212949 0.0010156641399211754155537901729101
-2.5700911865913143240849292400542 0.00032005763736769584610327664724897
2.5700911865913143240849292400542 0.00032005763736769584610327664724897
-2.8070526296277641206957668753385 0.000089832774694917734616859520179949
2.8070526296277641206957668753385 0.000089832774694917734616859520179949
-3.044917723234990108190359771661 0.000022420154669404160905209211580276
3.044917723234990108190359771661 0.000022420154669404160905209211580276
-3.2837788216598619765415907813868 4.9661767693609819352014314558958e-6
3.2837788216598619765415907813868 4.9661767693609819352014314558958e-6
-3.5237330089839837955721206104196 9.7426112561417465137966371640282e-7
3.5237330089839837955721206104196 9.7426112561417465137966371640282e-7
-3.7648827465709875431181186185804 1.6888360171754017565250858826301e-7
3.7648827465709875431181186185804 1.6888360171754017565250858826301e-7
-4.0073366067337117039588408744927 2.5801094931709877474316973566171e-8
4.0073366067337117039588408744927 2.5801094931709877474316973566171e-8
-4.2512101096068004307936387796562 3.464071043912322894642514889661e-9
4.2512101096068004307936387796562 3.464071043912322894642514889661e-9
-4.4966266840419749168107312514703 4.074369657461923857712125296493e-10
4.4966266840419749168107312514703 4.074369657461923857712125296493e-10
-4.7437187782456508888474223819298 4.1834945759406414377069894952688e-11
4.7437187782456508888474223819298 4.1834945759406414377069894952688e-11
-4.9926291522002998567105380236458 3.7354214836948890265009850880061e-12
4.9926291522002998567105380236458 3.7354214836948890265009850880061e-12
-5.2435123921335233374685155583079 2.887982563685248972892402185198e-13
5.2435123921335233374685155583079 2.887982563685248972892402185198e-13
-5.4965366980951300030854999586341 1.9241100890739956575468170030566e-14
5.4965366980951300030854999586341 1.9241100890739956575468170030566e-14
-5.7518860100246428104395008915907 1.0988447789132327335219752430895e-15
5.7518860100246428104395008915907 1.0988447789132327335219752430895e-15
-6.0097625569049263695702184392397 5.3473142908729170821830987378201e-17
6.0097625569049263695702184392397 5.3473142908729170821830987378201e-17
-6.2703899396887252383117973139142 2.2026235762112360486520463374934e-18
6.2703899396887252383117973139142 2.2026235762112360486520463374934e-18
-6.5340168945910221018781962382564 7.6226000038010164738873094603661e-20
6.5340168945910221018781962382564 7.6226000038010164738873094603661e-20
-6.8009219334794454355588323708725 2.1976422794092458973862260392349e-21
6.8009219334794454355588323708725 2.1976422794092458973862260392349e-21
-7.071419129240572643788600363209 5.2280336522982541031660247786549e-23
7.071419129240572643788600363209 5.2280336522982541031660247786549e-23
-7.3458654167536879815496132241098 1.0150605078465384998120784911415e-24
7.3458654167536879815496132241098 1.0150605078465384998120784911415e-24
-7.6246699314466776660835426514097 1.5883597138828166819562501394886e-26
7.6246699314466776660835426514097 1.5883597138828166819562501394886e-26
-7.9083061352456429325031216506362 1.9741018729702637484933126435424e-28
7.9083061352456429325031216506362 1.9741018729702637484933126435424e-28
-8.1973278312442814629520326846172 1.9157413956045599364170582725945e-30
8.1973278312442814629520326846172 1.9157413956045599364170582725945e-30
-8.4923907260054342934346415526982 1.4225885948951984015930082852178e-32
8.4923907260054342934346415526982 1.4225885948951984015930082852178e-32
-8.7942821113015711826084791422486 7.8902747437193766356109626058006e-35
8.7942821113015711826084791422486 7.8902747437193766356109626058006e-35
-9.1039627871662460283794434611807 3.1739897948435653823362204614465e-37
9.1039627871662460283794434611807 3.1739897948435653823362204614465e-37
-9.4226280941850683843253690532051 8.9292665279968528915370937491239e-40
9.4226280941850683843253690532051 8.9292665279968528915370937491239e-40
-9.7518000378530666075114091157575 1.6777720088425673412075392914567e-42
9.7518000378530666075114091157575 1.6777720088425673412075392914567e-42
-10.093472606221523270625087528763 1.983250484966655547347714475596e-45
10.093472606221523270625087528763 1.983250484966655547347714475596e-45
-10.450353932747102307424859540843 1.3608233728823106130355293272587e-48
10.450353932747102307424859540843 1.3608233728823106130355293272587e-48
-10.826299334271542068716816858281 4.8396443307632010222019490243364e-52
10.826299334271542068716816858281 4.8396443307632010222019490243364e-52
-11.227162266730100539588700743726 7.5287596024696304025208694350075e-56
11.227162266730100539588700743726 7.5287596024696304025208694350075e-56
-11.662705645828533092204570239988 3.8780907613886717361751604141666e-60
11.662705645828533092204570239988 3.8780907613886717361751604141666e-60
-12.15188586242273140793936052083 3.8956133082886987938810084613371e-65
12.15188586242273140793936052083 3.8956133082886987938810084613371e-65
-12.744359767130545655325988376159 1.9881402010787133337184247763632e-71
12.744359767130545655325988376159 1.9881402010787133337184247763632e-71
