66
2
-0.13620655703952734000441775813998 0.26741826939146529759647799532883
0.13620655703952734000441775813998 0.26741826939146529759647799532883
-0.40869572314721081858334435115988 0.23064795199119065679425321798918
0.40869572314721081858334435115988 0.23064795199119065679425321798918
-0.68141359873982057879841506363016 0.1715235179844312061798533413562
0.68141359873982057879841506363016 0.1715235179844312061798533413562
-0.95451451326831399804301242004367 0.10990705313380537105860631558709
0.95451451326831399804301242004367 0.10990705313380537105860631558709
-1.2281556226723448355781117396152 0.060620459149597808625379914039657
1.2281556226723448355781117396152 0.060620459149597808625379914039657
-1.5024981254275005024438954788334 0.028741855098732750971037002542637
1.5024981254275005024438954788334 0.028741855098732750971037002542637
-1.7777085685161122351790163018477 0.011693944851274629387063870681158
1.7777085685161122351790163018477 0.011693944851274629387063870681158
-2.0539602757725314071774827061466 0.0040741349478589786333997682769041
2.0539602757725314071774827061466 0.0040741349478589786333997682769041
-2.331434936815435489326913908033 0.0012123596600232926335814882136647
2.331434936815435489326913908033 0.0012123596600232926335814882136647
-2.6103244026894508703937750819452 0.00030721561121964128376051861766655
2.6103244026894508703937750819452 0.00030721561121964128376051861766655
-2.8908327450724006833023431831789 0.000066061130219886694071086883847564
2.8908327450724006833023431831789 0.000066061130219886694071086883847564
-3.173178650438626264988662483001 0.000012005278344250170094238323849442
3.173178650438626264988662483001 0.000012005278344250170094238323849442
-3.4575982403178413564453854809154 1.8351979221091913175947677896363e-6
3.4575982403178413564453854809154 1.8351979221091913175947677896363e-6
-3.744348435824093909460119227533 2.3470996573719479798122554397219e-7
3.744348435824093909460119227533 2.3470996573719479798122554397219e-7
-4.033711022023231225058361457247 2.4958591861839121482131651082146e-8
4.033711022023231225058361457247 2.4958591861839121482131651082146e-8
-4.3259976200905577281802904441253 2.1910095676436145339722669434453e-9
4.3259976200905577281802904441253 2.1910095676436145339722669434453e-9
-4.6215558496899154002548288140513 1.5747988216738479393424523258843e-10
4.6215558496899154002548288140513 1.5747988216738479393424523258843e-10
-4.9207770717124944630301664734415 9.1795670585092287163619594099158e-12
4.9207770717124944630301664734415 9.1795670585092287163619594099158e-12
-5.2241062602848637396044358005198 4.2916420558156928151896245267743e-13
5.2241062602848637396044358005198 4.2916420558156928151896245267743e-13
-5.5320547921086872713975463314461 1.5885532676287216561141308977356e-14
5.5320547921086872713975463314461 1.5885532676287216561141308977356e-14
-5.8452173103130356916457282591939 4.5848634437116488566348732825619e-16
5.8452173103130356916457282591939 4.5848634437116488566348732825619e-16
-6.1642944056838218827794242744909 1.0132362352411047301817625959938e-17
6.1642944056838218827794242744909 1.0132362352411047301817625959938e-17
-6.4901238172609477946947482237174 1.6775151863814474958851938495884e-19
6.4901238172609477946947482237174 1.6775151863814474958851938495884e-19
-6.8237244832006140198178597141293 2.0259038600763172780859350994741e-21
6.8237244832006140198178597141293 2.0259038600763172780859350994741e-21
-7.1663606590936658627129153989505 1.7266548206330400471095768658501e-23
7.1663606590936658627129153989505 1.7266548206330400471095768658501e-23
-7.5196386980596550785436461958372 9.9592645616066258078645650524314e-26
7.5196386980596550785436461958372 9.9592645616066258078645650524314e-26
-7.88565972610550623061302441606 3.6813492354788020048077678613778e-28
7.88565972610550623061302441606 3.6813492354788020048077678613778e-28
-8.2672741104998504350380077360708 8.1036840367506044134299347927013e-31
8.2672741104998504350380077360708 8.1036840367506044134299347927013e-31
-8.6685366107264807686117886567502 9.5811571508986064765463378713289e-34
8.6685366107264807686117886567502 9.5811571508986064765463378713289e-34
-9.0956010448419288677676103702388 5.2133092407201705452426632195521e-37
9.0956010448419288677676103702388 5.2133092407201705452426632195521e-37
-9.5587304502592988517552493104218 1.0135609150437787584467726412685e-40
9.5587304502592988517552493104218 1.0135609150437787584467726412685e-40
-10.077856416579302456609423509753 4.3565748909655742407972410284216e-45
10.077856416579302456609423509753 4.3565748909655742407972410284216e-45
-10.705216257883160609224377627689 1.2287768797134834900885488212681e-50
10.705216257883160609224377627689 1.2287768797134834900885488212681e-50
