50
2
-0.15630254688946867543804771139655 0.30508512920439880762058107298962
0.15630254688946867543804771139655 0.30508512920439880762058107298962
-0.46905905667823608624409934093643 0.25113085633200244446481493885235
0.46905905667823608624409934093643 0.25113085633200244446481493885235
-0.78227172955460688581155220598131 0.17003245567716401482082608746834
0.78227172955460688581155220598131 0.17003245567716401482082608746834
-1.096251128957681642350464937202 0.09454893547708623386894483856432
1.096251128957681642350464937202 0.09454893547708623386894483856432
-1.4113177548983000620150271927186 0.043079159156765545461466726293392
1.4113177548983000620150271927186 0.043079159156765545461466726293392
-1.7278065475158985585300829377495 0.016031941068412185134337201521775
1.7278065475158985585300829377495 0.016031941068412185134337201521775
-2.0460719686864092078512203740624 0.0048532638261719471110088762484535
2.0460719686864092078512203740624 0.0048532638261719471110088762484535
-2.3664939042986638289046812822688 0.001189011781749644997043378016945
2.3664939042986638289046812822688 0.001189011781749644997043378016945
-2.689484702267745072547688301467 0.00023426989210925576593446517574262
2.689484702267745072547688301467 0.00023426989210925576593446517574262
-3.0154977695745224188581742428849 0.000036840190537807241686319317087704
3.0154977695745224188581742428849 0.000036840190537807241686319317087704
-3.3450383139378910902218211766543 4.5816827079555259717525420535943e-6
3.3450383139378910902218211766543 4.5816827079555259717525420535943e-6
-3.6786770625152692817187060033723 4.4570299668178332986017093016288e-7
3.6786770625152692817187060033723 4.4570299668178332986017093016288e-7
-4.0170681728581343878810955401645 3.3467934040214295711564543840915e-8
4.0170681728581343878810955401645 3.3467934040214295711564543840915e-8
-4.3609731604545786643223830707676 1.9090405438118984493144216240745e-9
4.3609731604545786643223830707676 1.9090405438118984493144216240745e-9
-4.7112936661690427873937504392172 8.1118773649302161535796476694078e-11
4.7112936661690427873937504392172 8.1118773649302161535796476694078e-11
-5.0691175849172350324523158601641 2.506655523899675739428285323951e-12
5.0691175849172350324523158601641 2.506655523899675739428285323951e-12
-5.4357860872249481416164596947046 5.4659440318155894560188163192156e-14
5.4357860872249481416164596947046 5.4659440318155894560188163192156e-14
-5.8129946754204060591571905442684 8.0942618934651598593330978406743e-16
5.8129946754204060591571905442684 8.0942618934651598593330978406743e-16
-6.202952519274671616314627144277 7.742382957043406119466538545047e-18
6.202952519274671616314627144277 7.742382957043406119466538545047e-18
-6.608647973855359006127580880667 4.4709843654078907281042063262169e-20
6.608647973855359006127580880667 4.4709843654078907281042063262169e-20
-7.0343235097706106488077964149331 1.4170935995734016237654480702333e-22
7.0343235097706106488077964149331 1.4170935995734016237654480702333e-22
-7.4864094298641942668207630640079 2.1376583083600833847332279314115e-25
7.4864094298641942668207630640079 2.1376583083600833847332279314115e-25
-7.9756223682056365542449164094654 1.2152441234045006412698748290173e-28
7.9756223682056365542449164094654 1.2152441234045006412698748290173e-28
-8.5227710309178041891381429115534 1.6738016679077947133875713557114e-32
8.5227710309178041891381429115534 1.6738016679077947133875713557114e-32
-9.1824069581293173663466298402391 1.8337940485734313764155928100814e-37
9.1824069581293173663466298402391 1.8337940485734313764155928100814e-37
