62
2
-0.14049774444160384712461288612684 0.27551763457131319794590295008304
0.14049774444160384712461288612684 0.27551763457131319794590295008304
-0.42158205259642760461766267430271 0.23540141376649012621991252930193
0.42158205259642760461766267430271 0.23540141376649012621991252930193
-0.702933550550410825053593555414 0.17177351127893222654955665238341
0.702933550550410825053593555414 0.17177351127893222654955665238341
-0.98473282246759557065034149698248 0.10696556035928919090249087781904
0.98473282246759557065034149698248 0.10696556035928919090249087781904
-1.26716420171126035938107162704 0.056773556441129379351597059695822
1.26716420171126035938107162704 0.056773556441129379351597059695822
-1.5504173991942524286799536546077 0.025641844544669876734480401215795
1.5504173991942524286799536546077 0.025641844544669876734480401215795
-1.8346892680544815488520353725322 0.0098342822671494853399170384217099
1.8346892680544815488520353725322 0.0098342822671494853399170384217099
-2.1201857552620892989871259131325 0.0031945104951283271467868025811275
2.1201857552620892989871259131325 0.0031945104951283271467868025811275
-2.4071241008699501543502177229635 0.00087616004129601136861532291969024
2.4071241008699501543502177229635 0.00087616004129601136861532291969024
-2.6957353597041748214658921885699 0.00020215217999457359064740538664045
2.6957353597041748214658921885699 0.00020215217999457359064740538664045
-2.9862673397528621188413807188437 0.000039066932688710291392122418174656
2.9862673397528621188413807188437 0.000039066932688710291392122418174656
-3.278988078416253805653328677424 6.2919256841286293153663301631101e-6
3.278988078416253805653328677424 6.2919256841286293153663301631101e-6
-3.5741900152128516336432398033184 8.395636881833556649532648183504e-7
3.5741900152128516336432398033184 8.395636881833556649532648183504e-7
-3.8721950721542888537949831191476 9.218573733579012354788701804237e-8
3.8721950721542888537949831191476 9.218573733579012354788701804237e-8
-4.1733609279699498963475406328237 8.2638647618516428751859733599464e-9
4.1733609279699498963475406328237 8.2638647618516428751859733599464e-9
-4.47808888090910801291418250067 5.9926928642653574038610739764611e-10
4.47808888090910801291418250067 5.9926928642653574038610739764611e-10
-4.786833854973823744320448192531 3.4779437587729162666901325951452e-11
4.786833854973823744320448192531 3.4779437587729162666901325951452e-11
-5.1001173457332420116307633212527 1.5952148801760791466244742601879e-12
5.1001173457332420116307633212527 1.5952148801760791466244742601879e-12
-5.41854447439523074607364793046 5.6970949884188399795425162220001e-14
5.41854447439523074607364793046 5.6970949884188399795425162220001e-14
-5.7428269099958236993462267122322 1.5564176512276682811981102083637e-15
5.7428269099958236993462267122322 1.5564176512276682811981102083637e-15
-6.0738143878025938331992030273424 3.1838887747718544302068688550962e-17
6.0738143878025938331992030273424 3.1838887747718544302068688550962e-17
-6.4125391965266119932003534289396 4.7513038441234135724602908402074e-19
6.4125391965266119932003534289396 4.7513038441234135724602908402074e-19
-6.7602809210235622050755148517255 5.00737393249433924803355963502e-21
6.7602809210235622050755148517255 5.00737393249433924803355963502e-21
-7.1186641563335848184720779491648 3.5767852999576690067866788019633e-23
7.1186641563335848184720779491648 3.5767852999576690067866788019633e-23
-7.4898126515277036898991782390191 1.6414116353925498663093797349574e-25
7.4898126515277036898991782390191 1.6414116353925498663093797349574e-25
-7.8766062274725096024523171611833 4.5029239074522235959915667133227e-28
7.8766062274725096024523171611833 4.5029239074522235959915667133227e-28
-8.2831403244454155967758702731865 6.6725110959391460983882203435961e-31
8.2831403244454155967758702731865 6.6725110959391460983882203435961e-31
-8.7156293586041381208517734556491 4.5888574043976024689119457150306e-34
8.7156293586041381208517734556491 4.5888574043976024689119457150306e-34
-9.184436544219451733613163114013 1.1424028966724914000704684315422e-37
9.184436544219451733613163114013 1.1424028966724914000704684315422e-37
-9.7096880469839445023698039519751 6.4274569671739193468443212591286e-42
9.7096880469839445023698039519751 6.4274569671739193468443212591286e-42
-10.344135487806896664524935331453 2.4837138180536039048956440219995e-47
10.344135487806896664524935331453 2.4837138180536039048956440219995e-47
