22
2
-0.23417913993099063509831078268364 0.44354522643495930144700463818592
0.23417913993099063509831078268364 0.44354522643495930144700463818592
-0.70368609717000693216644843204602 0.2869714332469071144010214792215
0.70368609717000693216644843204602 0.2869714332469071144010214792215
-1.1767139584812444474228252666694 0.11910236095878246597425244334524
1.1767139584812444474228252666694 0.11910236095878246597425244334524
-1.6558743732864224954377101097109 0.031140370884423848300699321548773
1.6558743732864224954377101097109 0.031140370884423848300699321548773
-2.1442335927985344636196426065423 0.0049783993350516474047413887737701
2.1442335927985344636196426065423 0.0049783993350516474047413887737701
-2.6456374410581727007984272390083 0.00046488505088425224418202549318284
2.6456374410581727007984272390083 0.00046488505088425224418202549318284
-3.1652659092021374469871864920585 0.000023655128552510458047353744040972
3.1652659092021374469871864920585 0.000023655128552510458047353744040972
-3.7107015328778049148091775729099 5.8842875633010057804158511037312e-7
3.7107015328778049148091775729099 5.8842875633010057804158511037312e-7
-4.2943124805931615157503079405989 5.9669909860596527172813704153269e-9
4.2943124805931615157503079405989 5.9669909860596527172813704153269e-9
-4.9398341310601758878702132514205 1.7443390075479928442831846052882e-11
4.9398341310601758878702132514205 1.7443390075479928442831846052882e-11
-5.7092013532052637773593430781168 6.167183424404048835277030337206e-15
5.7092013532052637773593430781168 6.167183424404048835277030337206e-15
