119
2
0 0.20321184623044762495730988551658
-0.20321769857092069191937422457553 0.1950074922723830033044510944325
0.20321769857092069191937422457553 0.1950074922723830033044510944325
-0.40647052696828650084889621975539 0.17232400830089653486284649793349
0.40647052696828650084889621975539 0.17232400830089653486284649793349
-0.60979369404756563668602118209734 0.14021530912606429541196250071961
0.60979369404756563668602118209734 0.14021530912606429541196250071961
-0.81322256724173591188714428572112 0.10503603365193325704292727803238
0.81322256724173591188714428572112 0.10503603365193325704292727803238
-1.0167927531555376361069360081567 0.072424817070363193649966253268105
1.0167927531555376361069360081567 0.072424817070363193649966253268105
-1.2205401797456258297024019141786 0.04595473436835423452005857723671
1.2205401797456258297024019141786 0.04595473436835423452005857723671
-1.4245011806478818166201267625037 0.026824309528990051117699037946145
1.4245011806478818166201267625037 0.026824309528990051117699037946145
-1.6287125822420414518725156737904 0.014398510037728520705888996465438
1.6287125822420414518725156737904 0.014398510037728520705888996465438
-1.8332117940811195878283048388836 0.0071040413328425898848964926499645
1.8332117940811195878283048388836 0.0071040413328425898848964926499645
-2.0380369033597176789808451373534 0.0032201249358166964274563309567653
2.0380369033597176789808451373534 0.0032201249358166964274563309567653
-2.2432267741522882963583422915795 0.0013402041554580008001754947591997
2.2432267741522882963583422915795 0.0013402041554580008001754947591997
-2.4488211522211654734898512931365 0.00051182575908404458948759333692766
2.4488211522211654734898512931365 0.00051182575908404458948759333692766
-2.6548607762763463552496508183866 0.00017923272339346695480168134765794
2.6548607762763463552496508183866 0.00017923272339346695480168134765794
-2.8613874966667091981639084405675 0.000057506280394736665092136609191148
2.8613874966667091981639084405675 0.000057506280394736665092136609191148
-3.0684444025981268339104479689012 0.000016890448115948286383248540083832
3.0684444025981268339104479689012 0.000016890448115948286383248540083832
-3.2760759591109076497703546352304 4.5371664146194641866470323277331e-6
3.2760759591109076497703546352304 4.5371664146194641866470323277331e-6
-3.4843281552109961795166915044816 1.1135208095853953168294822059222e-6
3.4843281552109961795166915044816 1.1135208095853953168294822059222e-6
-3.6932486647410911665672419368897 2.4939923966935298382277277202502e-7
3.6932486647410911665672419368897 2.4939923966935298382277277202502e-7
-3.9028870218050722610947900830758 5.0915075227638026680229608976407e-8
3.9028870218050722610947900830758 5.0915075227638026680229608976407e-8
-4.113294812829005201732682787298 9.4619152361815806155681766431092e-9
4.113294812829005201732682787298 9.4619152361815806155681766431092e-9
-4.3245258876633650031479355337917 1.5983528945271815620752126412352e-9
4.3245258876633650031479355337917 1.5983528945271815620752126412352e-9
-4.5366365925149862851494261908179 2.4505079134311539523923458381605e-10
4.5366365925149862851494261908179 2.4505079134311539523923458381605e-10
-4.7496860279573854678640200860121 3.4041116737305386194297570649785e-11
4.7496860279573854678640200860121 3.4041116737305386194297570649785e-11
-4.9637363358218025620392253912333 4.2769240959330609452113942769978e-12
4.9637363358218025620392253912333 4.2769240959330609452113942769978e-12
-5.1788530194404446141588037031699 4.8505588604403759990411453827474e-13
5.1788530194404446141588037031699 4.8505588604403759990411453827474e-13
-5.3951053025257695126090165580173 4.955280455956445273062189568028e-14
5.3951053025257695126090165580173 4.955280455956445273062189568028e-14
-5.6125665329607722359028692286387 4.5495653050067603274471947053695e-15
5.6125665329607722359028692286387 4.5495653050067603274471947053695e-15
-5.8313146389908867459462835257704 3.7447612695692200308681692678441e-16
5.8313146389908867459462835257704 3.7447612695692200308681692678441e-16
-6.0514326468076224430824890864622 2.7559344338025881956092065637907e-17
6.0514326468076224430824890864622 2.7559344338025881956092065637907e-17
-6.2730092703749004025651919625427 1.8081886383358474331647439530158e-18
6.2730092703749004025651919625427 1.8081886383358474331647439530158e-18
-6.4961395866732439130508825680913 1.0543376862850830804005533785551e-19
6.4961395866732439130508825680913 1.0543376862850830804005533785551e-19
-6.7209258124599130153620069880418 5.444870465064166330731234859151e-21
6.7209258124599130153620069880418 5.444870465064166330731234859151e-21
-6.9474782023461005096716259007543 2.481098134700258675928062909823e-22
6.9474782023461005096716259007543 2.481098134700258675928062909823e-22
-7.175916092720622437102378211452 9.9351833121691899055126640237275e-24
7.175916092720622437102378211452 9.9351833121691899055126640237275e-24
-7.4063691221380401090947100210322 3.480504105124302093782014059817e-25
7.4063691221380401090947100210322 3.480504105124302093782014059817e-25
-7.6389786667002597858457106667388 1.0614795301062043146678581869941e-26
7.6389786667002597858457106667388 1.0614795301062043146678581869941e-26
-7.8738995393403338228187027971931 2.8030942195831592935550948349488e-28
7.8738995393403338228187027971931 2.8030942195831592935550948349488e-28
-8.1113020156791783127495941880355 6.3712964630584857526735953090111e-30
8.1113020156791783127495941880355 6.3712964630584857526735953090111e-30
-8.3513742675803543303654847471176 1.2382461823632423210920332898878e-31
8.3513742675803543303654847471176 1.2382461823632423210920332898878e-31
-8.5943253105810841794541187171957 2.0425551530268669756653822259047e-33
8.5943253105810841794541187171957 2.0425551530268669756653822259047e-33
-8.8403886058470435735469580348442 2.836263736191523561822535349617e-35
8.8403886058470435735469580348442 2.836263736191523561822535349617e-35
-9.0898265054222862433512516646833 3.2847155364957962257137831993876e-37
9.0898265054222862433512516646833 3.2847155364957962257137831993876e-37
-9.3429357978203194381738987341141 3.1395792592468170497070317641843e-39
9.3429357978203194381738987341141 3.1395792592468170497070317641843e-39
-9.6000547095956170566232554827604 2.4472631035773202235530086913806e-41
9.6000547095956170566232554827604 2.4472631035773202235530086913806e-41
-9.8615718637313454062483439459051 1.5345315352659469766109166308593e-43
9.8615718637313454062483439459051 1.5345315352659469766109166308593e-43
-10.1279379142358808825916412388 7.6185958106575542495502701647445e-46
10.1279379142358808825916412388 7.6185958106575542495502701647445e-46
-10.399680913497549031144608872215 2.9399528685003941270423856698405e-48
10.399680913497549031144608872215 2.9399528685003941270423856698405e-48
-10.677427003696077811532880226485 8.6273958082203908803813799161879e-51
10.677427003696077811532880226485 8.6273958082203908803813799161879e-51
-10.961928898971055197690690077036 1.8755830649756169475174019998796e-53
10.961928898971055197690690077036 1.8755830649756169475174019998796e-53
-11.254106111274997759051253828684 2.9262669926462626458497644215809e-56
11.254106111274997759051253828684 2.9262669926462626458497644215809e-56
-11.555103505482034930938723356549 3.1502482452041168341641681946049e-59
11.555103505482034930938723356549 3.1502482452041168341641681946049e-59
-11.866379672363985875000586482205 2.2265944526096846714447207713788e-62
11.866379672363985875000586482205 2.2265944526096846714447207713788e-62
-12.189846306095972178288886738042 9.6859162631785305525069807550846e-66
12.189846306095972178288886738042 9.6859162631785305525069807550846e-66
-12.528100425622797119837171976455 2.377246754746450265765729613374e-69
12.528100425622797119837171976455 2.377246754746450265765729613374e-69
-12.884839551290751621606468115895 2.9122929849291445224969466152018e-73
12.884839551290751621606468115895 2.9122929849291445224969466152018e-73
-13.26567738203876217891287451331 1.4819345628018854229819496186593e-77
13.26567738203876217891287451331 1.4819345628018854229819496186593e-77
-13.679975439346322143344991850684 2.3159244482212231380677056118596e-82
13.679975439346322143344991850684 2.3159244482212231380677056118596e-82
-14.145905481877997824585139999814 6.2524679295408453358327800292081e-88
14.145905481877997824585139999814 6.2524679295408453358327800292081e-88
-14.71104845976367168831889997647 6.7298368494345925700900985035043e-95
14.71104845976367168831889997647 6.7298368494345925700900985035043e-95
