25
2
0 0.4398687221694848667228259356663
-0.4401472986453083045786123915068 0.36308898927589062545779839953648
0.4401472986453083045786123915068 0.36308898927589062545779839953648
-0.88198275621382135637160922465593 0.2036211366781240505655204558383
0.88198275621382135637160922465593 0.2036211366781240505655204558383
-1.3272807020730839517874885184108 0.07688899517580878575354762017263
1.3272807020730839517874885184108 0.07688899517580878575354762017263
-1.7780011243371474581963086699218 0.019243098965408895497022334836191
1.7780011243371474581963086699218 0.019243098965408895497022334836191
-2.2364201302672808702031057569807 0.0031157087201256334619715333132842
2.2364201302672808702031057569807 0.0031157087201256334619715333132842
-2.7053202371730259932515571641222 0.00031508363874548411480033866324463
2.7053202371730259932515571641222 0.00031508363874548411480033866324463
-3.1882949244251047121595450097703 0.000018915972957340512315725742152613
3.1882949244251047121595450097703 0.000018915972957340512315725742152613
-3.6902828769983559016270815428228 6.2570324996911116204798450872812e-7
3.6902828769983559016270815428228 6.2570324996911116204798450872812e-7
-4.2186094443865613814390239158424 1.0170382503018460440195999400344e-8
4.2186094443865613814390239158424 1.0170382503018460440195999400344e-8
-4.7853203673522240572571456685981 6.7196384177062082558591838081338e-11
4.7853203673522240572571456685981 6.7196384177062082558591838081338e-11
-5.4136363552800338096668680499561 1.2588149877465461191866934497058e-13
5.4136363552800338096668680499561 1.2588149877465461191866934497058e-13
-6.1642724340524517709324808434046 2.7119235140384118852721417802829e-17
6.1642724340524517709324808434046 2.7119235140384118852721417802829e-17
