82
2
-0.12228705241518350233610244562397 0.24095120319809522313864254058474
0.12228705241518350233610244562397 0.24095120319809522313864254058474
-0.36690550971654432277578420654808 0.21385359898330361998688173109163
0.36690550971654432277578420654808 0.21385359898330361998688173109163
-0.61165723388752295131300969921276 0.16842887908813704979616225374424
0.61165723388752295131300969921276 0.16842887908813704979616225374424
-0.85663177059026317009478393556519 0.11767348589341346559397325057915
0.85663177059026317009478393556519 0.11767348589341346559397325057915
-1.1019197273183626617578103643312 0.072891273924741051714996888908138
1.1019197273183626617578103643312 0.072891273924741051714996888908138
-1.3476132188376881358133108385075 0.040003826723007228935625458939089
1.3476132188376881358133108385075 0.040003826723007228935625458939089
-1.5938063340319311643990454326401 0.01943433713864223204435740310729
1.5938063340319311643990454326401 0.01943433713864223204435740310729
-1.8405956313004481760730048001555 0.0083485090964466223411259572530067
1.8405956313004481760730048001555 0.0083485090964466223411259572530067
-2.0880806704972801743393370936171 0.0031670839271362599722564671573397
2.0880806704972801743393370936171 0.0031670839271362599722564671573397
-2.3363645905095151424699646627358 0.0010594217898549953573610497764593
2.3363645905095151424699646627358 0.0010594217898549953573610497764593
-2.5855547430080742473785946024619 0.00031195003282250699587412484521383
2.5855547430080742473785946024619 0.00031195003282250699587412484521383
-2.8357633947424322042217148274767 0.000080695629747031204745805711763864
2.8357633947424322042217148274767 0.000080695629747031204745805711763864
-3.0871085130972604599110503229647 0.000018297490531323997909030141662806
3.0871085130972604599110503229647 0.000018297490531323997909030141662806
-3.3397146526239908755891365096407 3.6275480887435925626464141050677e-6
3.3397146526239908755891365096407 3.6275480887435925626464141050677e-6
-3.5937139640934334938305417589187 6.270222683682886864493845792744e-7
3.5937139640934334938305417589187 6.270222683682886864493845792744e-7
-3.8492473525444274251791098682248 9.4193245001969079095974666147235e-8
3.8492473525444274251791098682248 9.4193245001969079095974666147235e-8
-4.1064658171809418151978653550277 1.225398304711137354170206202657e-8
4.1064658171809418151978653550277 1.225398304711137354170206202657e-8
-4.3655320142842480078325012048135 1.3750709116496795753772318029148e-9
4.3655320142842480078325012048135 1.3750709116496795753772318029148e-9
-4.626622095240525959976065345323 1.3250311215425483882958266465326e-10
4.626622095240525959976065345323 1.3250311215425483882958266465326e-10
-4.8899278863041152149317048376009 1.0909613183044765702050523285645e-11
4.8899278863041152149317048376009 1.0909613183044765702050523285645e-11
-5.1556594962091574334886908476582 7.6319902510210731588385522036315e-13
5.1556594962091574334886908476582 7.6319902510210731588385522036315e-13
-5.4240484642257168790192927806243 4.5078424718756599943157048983137e-14
5.4240484642257168790192927806243 4.5078424718756599943157048983137e-14
-5.6953515977146449296410017653953 2.2320593837338125420108073979598e-15
5.6953515977146449296410017653953 2.2320593837338125420108073979598e-15
-5.969855699157589351985647797453 9.1905096520185681639476793363259e-17
5.969855699157589351985647797453 9.1905096520185681639476793363259e-17
-6.2478834549069708058239465764807 3.1179884254074802018638797582571e-18
6.2478834549069708058239465764807 3.1179884254074802018638797582571e-18
-6.5298008622888708413215356181346 8.6245303609380125811985806495248e-20
6.5298008622888708413215356181346 8.6245303609380125811985806495248e-20
-6.8160267254566381194806839230845 1.9215431432889189728846145901814e-21
6.8160267254566381194806839230845 1.9215431432889189728846145901814e-21
-7.107044981893345184117922866198 3.4001352768446834029786942812062e-23
7.107044981893345184117922866198 3.4001352768446834029786942812062e-23
-7.403420978651135846040845022115 4.7000291498915054252764991014263e-25
7.403420978651135846040845022115 4.7000291498915054252764991014263e-25
-7.7058233840379786104907354938618 4.9770348134757439165588221119146e-27
7.7058233840379786104907354938618 4.9770348134757439165588221119146e-27
-8.0150543482026932017557553629826 3.9439087540837725057078739147469e-29
8.0150543482026932017557553629826 3.9439087540837725057078739147469e-29
-8.3320921014281225746559708674657 2.2729303616459208838679231054991e-31
8.3320921014281225746559708674657 2.2729303616459208838679231054991e-31
-8.658152969960174574913992026361 9.1963660505689214836369930090103e-34
8.658152969960174574913992026361 9.1963660505689214836369930090103e-34
-8.9947849881314202878214085521578 2.4981476114804248616545653184013e-36
8.9947849881314202878214085521578 2.4981476114804248616545653184013e-36
-9.34401557074905216597896524995 4.2990971075609135188137018843261e-39
9.34401557074905216597896524995 4.2990971075609135188137018843261e-39
-9.7085976169732788378091528260849 4.3348761233698214220453911796006e-42
9.7085976169732788378091528260849 4.3348761233698214220453911796006e-42
-10.092449631556645826116566227795 2.2944871434120682999719382156052e-45
10.092449631556645826116566227795 2.2944871434120682999719382156052e-45
-10.501520679503271181015975696752 5.4079341607685958099436216675944e-49
10.501520679503271181015975696752 5.4079341607685958099436216675944e-49
-10.945733348554122719662643351455 4.3331628156669924880582213445931e-53
10.945733348554122719662643351455 4.3331628156669924880582213445931e-53
-11.444355851257513668461008306611 7.0683040654637260425092800113801e-58
11.444355851257513668461008306611 7.0683040654637260425092800113801e-58
-12.047870349469453028218267124484 6.3900846179357112910978780345396e-64
12.047870349469453028218267124484 6.3900846179357112910978780345396e-64
