113
2
0 0.20851381638716077500478837696577
-0.20852047314122536933264447338943 0.19966087345702859920739087884214
0.20852047314122536933264447338943 0.19966087345702859920739087884214
-0.41708090670945613252196056471559 0.17528831212387202535849195125534
0.41708090670945613252196056471559 0.17528831212387202535849195125534
-0.62572136079995640201649886422472 0.14108198634981027002446267554739
0.62572136079995640201649886422472 0.14108198634981027002446267554739
-0.83448209557097703961977326380051 0.10408220923468041592943196453286
0.83448209557097703961977326380051 0.10408220923468041592943196453286
-1.0434036731020315655319019529652 0.070366531191907709706004147165512
1.0434036731020315655319019529652 0.070366531191907709706004147165512
-1.2525270614742766556171577478719 0.043582193779905827286263724935648
1.2525270614742766556171577478719 0.043582193779905827286263724935648
-1.4618937418644298328896225348814 0.024719722908456377574723771969045
1.4618937418644298328896225348814 0.024719722908456377574723771969045
-1.6715458194887483760227452017352 0.012834439196438878220064026506669
1.6715458194887483760227452017352 0.012834439196438878220064026506669
-1.8815261392920378828722580990444 0.0060965525061442340656931956481931
1.8815261392920378828722580990444 0.0060965525061442340656931956481931
-2.0918784073499570931003086364996 0.0026479410521627973500554314057311
2.0918784073499570931003086364996 0.0026479410521627973500554314057311
-2.3026473190429602124583374398899 0.0010508900454889126838338472391417
2.3026473190429602124583374398899 0.0010508900454889126838338472391417
-2.5138786951694908674127667504675 0.00038080638386839601115673717019909
2.5138786951694908674127667504675 0.00038080638386839601115673717019909
-2.7256196272975336639264254957917 0.00012588825538260327225444590708583
2.7256196272975336639264254957917 0.00012588825538260327225444590708583
-2.9379186338110883469788140783864 0.000037931294208686353252335155556996
2.9379186338110883469788140783864 0.000037931294208686353252335155556996
-3.150825828296198593863219733388 0.000010406346919868945160218984710983
3.150825828296198593863219733388 0.000010406346919868945160218984710983
-3.36439310213558808855756414625 2.5965756360441062358781159284214e-6
3.36439310213558808855756414625 2.5965756360441062358781159284214e-6
-3.5786743234488540993008922722753 5.8853747125041978534959723035105e-7
3.5786743234488540993008922722753 5.8853747125041978534959723035105e-7
-3.7937255548353973470713104513642 1.2101463098116798787650714831405e-7
3.7937255548353973470713104513642 1.2101463098116798787650714831405e-7
-4.0096052927608690569655712211386 2.2540365079384085983060690765163e-8
4.0096052927608690569655712211386 2.2540365079384085983060690765163e-8
-4.2263747318887200455210975498196 3.7971425911450777275928497403822e-9
4.2263747318887200455210975498196 3.7971425911450777275928497403822e-9
-4.4440980582138401516631821708543 5.7753749442476238785251567132967e-10
4.4440980582138401516631821708543 5.7753749442476238785251567132967e-10
-4.6628427755272806273147541056268 7.9162851028857905085219036094609e-11
4.6628427755272806273147541056268 7.9162851028857905085219036094609e-11
-4.8826800705576371326112280353075 9.7589319582301624081328313024435e-12
4.8826800705576371326112280353075 9.7589319582301624081328313024435e-12
-5.1036852231316354264340804947291 1.079616541575242998710169022669e-12
5.1036852231316354264340804947291 1.079616541575242998710169022669e-12
-5.3259380689199055948990111329392 1.0692722214257190969931891468626e-13
5.3259380689199055948990111329392 1.0692722214257190969931891468626e-13
-5.5495235238436303936816914157851 9.4565868275201710217616943543718e-15
5.5495235238436303936816914157851 9.4565868275201710217616943543718e-15
-5.7745321810917922305462243801232 7.4470753817100764656236986063497e-16
5.7745321810917922305462243801232 7.4470753817100764656236986063497e-16
-6.0010609940399192502139900007899 5.2060944517170998646521984643836e-17
6.0010609940399192502139900007899 5.2060944517170998646521984643836e-17
-6.2292140613060114063230630338652 3.2200557928719099257097296337985e-18
6.2292140613060114063230630338652 3.2200557928719099257097296337985e-18
-6.4591035339104936590296712782377 1.755726556807247040195950643405e-19
6.4591035339104936590296712782377 1.755726556807247040195950643405e-19
-6.6908506692717394753208964422267 8.4054498872392012434266278138963e-21
6.6908506692717394753208964422267 8.4054498872392012434266278138963e-21
-6.9245870629045059080491989079418 3.5178503719334632522320923924062e-22
6.9245870629045059080491989079418 3.5178503719334632522320923924062e-22
-7.1604560966616379354592833820143 1.2809131432068218501654722972733e-23
7.1604560966616379354592833820143 1.2809131432068218501654722972733e-23
-7.3986146528207798919001256466095 4.0363441926925341175334175200871e-25
7.3986146528207798919001256466095 4.0363441926925341175334175200871e-25
-7.639235157188667115859840195148 1.0943086662261714245450677605466e-26
7.639235157188667115859840195148 1.0943086662261714245450677605466e-26
-7.8825080329965446789211906197327 2.5360177279806445279779807338338e-28
7.8825080329965446789211906197327 2.5360177279806445279779807338338e-28
-8.1286446726129127284873508934892 4.9874725361855692381168798301214e-30
8.1286446726129127284873508934892 4.9874725361855692381168798301214e-30
-8.3778810688446760220911366929682 8.2566517430945765393567707248716e-32
8.3778810688446760220911366929682 8.2566517430945765393567707248716e-32
-8.6304822961073285304545211430198 1.1401487006660053550050092409627e-33
8.6304822961073285304545211430198 1.1401487006660053550050092409627e-33
-8.886748100568186438662073832716 1.2997822407575706108153878892606e-35
8.886748100568186438662073832716 1.2997822407575706108153878892606e-35
-9.1470199577543803915975307405477 1.2089985963915581419899530335848e-37
9.1470199577543803915975307405477 1.2089985963915581419899530335848e-37
-9.4116901024866959600579582364336 9.0525141699023764903867960116329e-40
9.4116901024866959600579582364336 9.0525141699023764903867960116329e-40
-9.6812132563270604091607420107313 5.3718421575824082315787280798058e-42
9.6812132563270604091607420107313 5.3718421575824082315787280798058e-42
-9.9561221176215076935445597984294 2.4806792113141097613456975998778e-44
9.9561221176215076935445597984294 2.4806792113141097613456975998778e-44
-10.237048218321810984097090643694 8.7248851122542976911658849368967e-47
10.237048218321810984097090643694 8.7248851122542976911658849368967e-47
-10.524750634313889073403174354907 2.2777250019423267655986864050397e-49
10.524750634313889073403174354907 2.2777250019423267655986864050397e-49
-10.820156534367447492892812028328 4.2776169290545953809952460682741e-52
10.820156534367447492892812028328 4.2776169290545953809952460682741e-52
-11.124420207060312691223358409296 5.5596107723276768917773868844783e-55
11.124420207060312691223358409296 5.5596107723276768917773868844783e-55
-11.439012148401695662217711757967 4.7616681817654568175183594641397e-58
11.439012148401695662217711757967 4.7616681817654568175183594641397e-58
-11.765859570925669336159565677536 2.5217356180712791699408832032773e-61
11.765859570925669336159565677536 2.5217356180712791699408832032773e-61
-12.107580518550923232423723343821 7.5798509757207816484886930226612e-65
12.107580518550923232423723343821 7.5798509757207816484886930226612e-65
-12.467902444132251609994100261265 1.1461458182066941253210125298709e-68
12.467902444132251609994100261265 1.1461458182066941253210125298709e-68
-12.852484601295865594760998511664 7.2755698062212703242671154155534e-73
12.852484601295865594760998511664 7.2755698062212703242671154155534e-73
-13.270764846437274638187131578067 1.4403225795246824217683928354972e-77
13.270764846437274638187131578067 1.4403225795246824217683928354972e-77
-13.741064189376445511047085847613 5.0483520825701630855958204748276e-83
13.741064189376445511047085847613 5.0483520825701630855958204748276e-83
-14.311358299517270901509746916567 7.407780149742723642078909453457e-90
14.311358299517270901509746916567 7.407780149742723642078909453457e-90
