19
2
0 0.5029748882761865308407313610957
-0.50352016342388820937381176504969 0.39160898861303024450404231362122
0.50352016342388820937381176504969 0.39160898861303024450404231362122
-1.0103683871343113513685987372615 0.18363270130699707415614848576576
1.0103683871343113513685987372615 0.18363270130699707415614848576576
-1.5241706193935330318335485936659 0.050810386909052067356990811035817
1.5241706193935330318335485936659 0.050810386909052067356990811035817
-2.0492317098506193757505083866868 0.0079888667777229902092221149186119
2.0492317098506193757505083866868 0.0079888667777229902092221149186119
-2.5911337897945425649212808411156 0.00067087752140718110619469628210007
2.5911337897945425649212808411156 0.00067087752140718110619469628210007
-3.1578488183476022818431803411991 0.000027209197763161625771194102521374
3.1578488183476022818431803411991 0.000027209197763161625771194102521374
-3.7621873519640200975148939410359 4.4882431472231229517944791559377e-7
3.7621873519640200975148939410359 4.4882431472231229517944791559377e-7
-4.4285328066037794372349853222589 2.1630510098635547501969307722128e-9
4.4285328066037794372349853222589 2.1630510098635547501969307722128e-9
-5.2202716905374821646096714250027 1.3262970944985157518528915438497e-12
5.2202716905374821646096714250027 1.3262970944985157518528915438497e-12
