99
2
0 0.22270019277644759238491701982633
-0.22270944408436804682024392377344 0.21195024923496612627861534328772
0.22270944408436804682024392377344 0.21195024923496612627861534328772
-0.4454744320143341589938582469376 0.18270590844100284971287319415548
0.4454744320143341589938582469376 0.18270590844100284971287319415548
-0.66835068799126333123132696081801 0.14263049549711085302390720245044
0.66835068799126333123132696081801 0.14263049549711085302390720245044
-0.89139429864040063365459767403383 0.10081054546716731039714781245999
0.89139429864040063365459767403383 0.10081054546716731039714781245999
-1.1146618985362737759648509475687 0.064488485276268151744400388258206
1.1146618985362737759648509475687 0.064488485276268151744400388258206
-1.3382108609965630852565091154271 0.037320312768871249758914408913819
1.3382108609965630852565091154271 0.037320312768871249758914408913819
-1.5620994960576213635341695226475 0.019527821414966809901641994184988
1.5620994960576213635341695226475 0.019527821414966809901641994184988
-1.7863872576859270014153753042108 0.0092324971205437856553447622220621
1.7863872576859270014153753042108 0.0092324971205437856553447622220621
-2.0111349624646373761258363207651 0.0039409789851024010581033733243356
2.0111349624646373761258363207651 0.0039409789851024010581033733243356
-2.2364050222293587678214432230462 0.0015174715210062877215141928009031
2.2364050222293587678214432230462 0.0015174715210062877215141928009031
-2.4622616934204694536395986572386 0.0005265351051358686403380213546613
2.4622616934204694536395986572386 0.0005265351051358686403380213546613
-2.6887713462813926866752655927781 0.00016444759671629475190194222378936
2.6887713462813926866752655927781 0.00016444759671629475190194222378936
-2.9160027574766342683205295274967 0.000046170574104968217841103644949247
2.9160027574766342683205295274967 0.000046170574104968217841103644949247
-3.1440274302474249987686557627487 0.000011636493707975640659364483041254
3.1440274302474249987686557627487 0.000011636493707975640659364483041254
-3.3729199468884629774479197604589 2.6285303500427733919706528535202e-6
3.3729199468884629774479197604589 2.6285303500427733919706528535202e-6
-3.6027583591447185893445556477947 5.3122836336339590920662663026792e-7
3.6027583591447185893445556477947 5.3122836336339590920662663026792e-7
-3.8336246231287604992559608007066 9.5872357774190339232377395242638e-8
3.8336246231287604992559608007066 9.5872357774190339232377395242638e-8
-4.0656050865933537228146303922698 1.5418168139637120400484232299211e-8
4.0656050865933537228146303922698 1.5418168139637120400484232299211e-8
-4.2987910379219335220736637303618 2.2044098210909918878236891486481e-9
4.2987910379219335220736637303618 2.2044098210909918878236891486481e-9
-4.5332793281004462046364065180918 2.7949011969950638316472430720322e-10
4.5332793281004462046364065180918 2.7949011969950638316472430720322e-10
-4.7691730793126915032506789755653 3.1335844312742638176750747247159e-11
4.7691730793126915032506789755653 3.1335844312742638176750747247159e-11
-5.0065824967968050647147739409309 3.0973073233390161825491503711084e-12
5.0065824967968050647147739409309 3.0973073233390161825491503711084e-12
-5.2456258043992713876179130979334 2.6898645575023400415328959441367e-13
5.2456258043992713876179130979334 2.6898645575023400415328959441367e-13
-5.4864303291169472434491101724989 2.0448819688025331307500101106054e-14
5.4864303291169472434491101724989 2.0448819688025331307500101106054e-14
-5.7291337661713975611929230736728 1.3552585228326688024879991787768e-15
5.7291337661713975611929230736728 1.3552585228326688024879991787768e-15
-5.9738856642890016484278109033645 7.7952821069110928476534139659302e-17
5.9738856642890016484278109033645 7.7952821069110928476534139659302e-17
-6.2208491815292414958620453668017 3.8719360930636650957486835483853e-18
6.2208491815292414958620453668017 3.8719360930636650957486835483853e-18
-6.4702031761523414596196474670814 1.6515980171004845952997441951751e-19
6.4702031761523414596196474670814 1.6515980171004845952997441951751e-19
-6.7221447159938794266924125455872 6.0128622969968253263548309986136e-21
6.7221447159938794266924125455872 6.0128622969968253263548309986136e-21
-6.9768921155793660207357889751123 1.855520499448910474629464233186e-22
6.9768921155793660207357889751123 1.855520499448910474629464233186e-22
-7.2346886456654552438439549044919 4.8161473163605261577168177679678e-24
7.2346886456654552438439549044919 4.8161473163605261577168177679678e-24
-7.4958071093975264559586226499535 1.0423117478273347474392623152058e-25
7.4958071093975264559586226499535 1.0423117478273347474392623152058e-25
-7.7605555495112338953705264696415 1.8623802130980484670384554529065e-27
7.7605555495112338953705264696415 1.8623802130980484670384554529065e-27
-8.0292844524423987420775728292623 2.7165497805935429834829873840123e-29
8.0292844524423987420775728292623 2.7165497805935429834829873840123e-29
-8.3023959646056109396819323447432 3.193180529073274551569489979985e-31
8.3023959646056109396819323447432 3.193180529073274551569489979985e-31
-8.5803558609974358598632375509151 2.9797144315838526248321637213024e-33
8.5803558609974358598632375509151 2.9797144315838526248321637213024e-33
-8.8637093532419810437595736740862 2.1689987827926383584458136150396e-35
8.8637093532419810437595736740862 2.1689987827926383584458136150396e-35
-9.1531023745391195693627930932304 1.2063719426097451081946474353342e-37
9.1531023745391195693627930932304 1.2063719426097451081946474353342e-37
-9.449310879974327341334692731475 5.0011700959093192792363775539396e-40
9.449310879974327341334692731475 5.0011700959093192792363775539396e-40
-9.7532822304545532389350380523551 1.4994923130410876203285478525581e-42
9.7532822304545532389350380523551 1.4994923130410876203285478525581e-42
-10.066195438589225550788532396971 3.1326162048099036729981471760871e-45
10.066195438589225550788532396971 3.1326162048099036729981471760871e-45
-10.389552102465859062988065539832 4.3499235924725773424474791989611e-48
10.389552102465859062988065539832 4.3499235924725773424474791989611e-48
-10.725319838167971004334483071383 3.7761789448606817185937605317852e-51
10.725319838167971004334483071383 3.7761789448606817185937605317852e-51
-11.076171287300262561965629834943 1.8871785659983946981356257630671e-54
11.076171287300262561965629834943 1.8871785659983946981356257630671e-54
-11.445911484642803869281908067267 4.8344851717022140597657179623449e-58
11.445911484642803869281908067267 4.8344851717022140597657179623449e-58
-11.840317610615626032910171505194 5.3348322229476864770916342823394e-62
11.840317610615626032910171505194 5.3348322229476864770916342823394e-62
-12.269024999467902796654273107463 1.9059379634156684842939148179881e-66
12.269024999467902796654273107463 1.9059379634156684842939148179881e-66
-12.750740722503374047950229997493 1.2803753168203686035020781837616e-71
12.750740722503374047950229997493 1.2803753168203686035020781837616e-71
-13.33446181994315385851485612526 4.0613138732734076472738492202427e-78
13.33446181994315385851485612526 4.0613138732734076472738492202427e-78
