76
2
-0.12699223100184112414505846853023 0.24993008013933943100836624040177
0.12699223100184112414505846853023 0.24993008013933943100836624040177
-0.38103026441027603454505257542539 0.2197622105162468141322169119936
0.38103026441027603454505257542539 0.2197622105162468141322169119936
-0.63522930636766927998923568223482 0.16987443543948369674982709585319
0.63522930636766927998923568223482 0.16987443543948369674982709585319
-0.88969768175512148411849451854345 0.11538643824874503261460021487915
0.88969768175512148411849451854345 0.11538643824874503261460021487915
-1.1445452109440197289388966629776 0.068825257394126644332534351073967
1.1445452109440197289388966629776 0.068825257394126644332534351073967
-1.3998838419857679289556420894401 0.036018246356681134868583769413546
1.3998838419857679289556420894401 0.036018246356681134868583769413546
-1.6558283181292228386798292302782 0.016519285009994194559331295319133
1.6558283181292228386798292302782 0.016519285009994194559331295319133
-1.9124968927478690502774641609898 0.006630685725990327934485175040514
1.9124968927478690502774641609898 0.006630685725990327934485175040514
-2.1700121054020435274800151621088 0.0023254926708230860551978513115073
2.1700121054020435274800151621088 0.0023254926708230860551978513115073
-2.4285016349547644120364739834052 0.00071126362441827637934080062287007
2.4285016349547644120364739834052 0.00071126362441827637934080062287007
-2.6880992485383532619035256168728 0.00018929762178671654782581735455263
2.6880992485383532619035256168728 0.00018929762178671654782581735455263
-2.9489458689195021887096888915722 0.000043727831577545999206835273925482
2.9489458689195021887096888915722 0.000043727831577545999206835273925482
-3.2111907876889831639334752110727 8.7420837008076351046169472796858e-6
3.2111907876889831639334752110727 8.7420837008076351046169472796858e-6
-3.474993058062309713483771509223 1.5076264668245379845928571191115e-6
3.474993058062309713483771509223 1.5076264668245379845928571191115e-6
-3.7405231094103381919505055376949 2.2345250981121467033877373970928e-7
3.7405231094103381919505055376949 2.2345250981121467033877373970928e-7
-4.0079646366324129081667634916111 2.8344707359971799294241013157635e-8
4.0079646366324129081667634916111 2.8344707359971799294241013157635e-8
-4.2775168321151090073780448602022 3.062683224651606512142033015955e-9
4.2775168321151090073780448602022 3.062683224651606512142033015955e-9
-4.5493970476880529824270791292495 2.803868677899617392626174780149e-10
4.5493970476880529824270791292495 2.803868677899617392626174780149e-10
-4.8238440007350294597067012677356 2.1618054623290896169447433202289e-11
4.8238440007350294597067012677356 2.1618054623290896169447433202289e-11
-5.1011216754614017489066879677074 1.3941377125806689862950895625515e-12
5.1011216754614017489066879677074 1.3941377125806689862950895625515e-12
-5.3815241217984988252809482836204 7.4617858659485302825794602808081e-14
5.3815241217984988252809482836204 7.4617858659485302825794602808081e-14
-5.6653814275042980957794871869698 3.2852244087268236716143201000428e-15
5.6653814275042980957794871869698 3.2852244087268236716143201000428e-15
-5.9530672445968056769023965560403 1.1777094633733987911654815971458e-16
5.9530672445968056769023965560403 1.1777094633733987911654815971458e-16
-6.2450084067917311936024979108649 3.3973551764090981126200216026423e-18
6.2450084067917311936024979108649 3.3973551764090981126200216026423e-18
-6.5416974088024285518463640157167 7.7788589853854687484665876990871e-20
6.5416974088024285518463640157167 7.7788589853854687484665876990871e-20
-6.8437088797189289642661723611332 1.3911463582851058913755885277692e-21
6.8437088797189289642661723611332 1.3911463582851058913755885277692e-21
-7.1517217559506382398449434480708 1.9064520843926982952057052941816e-23
7.1517217559506382398449434480708 1.9064520843926982952057052941816e-23
-7.4665497978837835152982440974194 1.956742973666224041429725883242e-25
7.4665497978837835152982440974194 1.956742973666224041429725883242e-25
-7.7891846883888826970454935136789 1.4628329302419827910010347924383e-27
7.7891846883888826970454935136789 1.4628329302419827910010347924383e-27
-8.1208587754520744503959598365439 7.695142746917032923386252869888e-30
8.1208587754520744503959598365439 7.695142746917032923386252869888e-30
-8.4631397820581817872184928416834 2.7266171296454814846586159295231e-32
8.4631397820581817872184928416834 2.7266171296454814846586159295231e-32
-8.8180802146261934129500974829711 6.1482072743113600379907341547107e-35
8.8180802146261934129500974829711 6.1482072743113600379907341547107e-35
-9.1884663714605924771270316493395 8.1734457929853435146042634196808e-38
9.1884663714605924771270316493395 8.1734457929853435146042634196808e-38
-9.578263684375553213708086259604 5.7530583850393963160351211440792e-41
9.578263684375553213708086259604 5.7530583850393963160351211440792e-41
-9.9934919928404526564758048574881 1.8252564480138885908251224741212e-44
9.9934919928404526564758048574881 1.8252564480138885908251224741212e-44
-10.444191840136729733965604377301 2.0048780070281170968591614097328e-48
10.444191840136729733965604377301 2.0048780070281170968591614097328e-48
-10.949861564373140515277997013602 4.6195869591593008817395580565808e-53
10.949861564373140515277997013602 4.6195869591593008817395580565808e-53
-11.561592367542412275645844769323 6.2703784480694279623473009097401e-59
11.561592367542412275645844769323 6.2703784480694279623473009097401e-59
