95
2
0 0.22731610876192880842605847591329
-0.22732635951125560411232713057583 0.21589660563060413482235419649559
0.22732635951125560411232713057583 0.21589660563060413482235419649559
-0.4547142668198589784868329050548 0.18495601933162928904277099410753
0.4547142668198589784868329050548 0.18495601933162928904277099410753
-0.68222548670729899595140111477599 0.14289781614596179206607716137628
0.68222548670729899595140111477599 0.14289781614596179206607716137628
-0.90992222016050860780594370404647 0.099539560539641132915802107197848
0.90992222016050860780594370404647 0.099539560539641132915802107197848
-1.1378673281137518765167798772059 0.062489606495141195888536761678
1.1378673281137518765167798772059 0.062489606495141195888536761678
-1.366124562088642897994270164124 0.035337848644927444693652852423091
1.366124562088642897994270164124 0.035337848644927444693652852423091
-1.5947588042551296747186500354718 0.017989495266934148316510995678798
1.5947588042551296747186500354718 0.017989495266934148316510995678798
-1.8238363196378788556240034431145 0.0082379096963313611634061105811749
1.8238363196378788556240034431145 0.0082379096963313611634061105811749
-2.053425023457717692248574798492 0.0033904013872216015406547110286504
2.053425023457717692248574798492 0.0033904013872216015406547110286504
-2.283594766936472295946696845404 0.0012527946608682074690786866455859
2.283594766936472295946696845404 0.0012527946608682074690786866455859
-2.5144176453186350773608521730136 0.0004151460182872145785528534265617
2.5144176453186350773608521730136 0.0004151460182872145785528534265617
-2.745968332391612950231921748095 0.00012321031502033328871163404129565
2.745968332391612950231921748095 0.00012321031502033328871163404129565
-2.9783244464395573688534682443935 0.000032702654980222002017446543834328
2.9783244464395573688534682443935 0.000032702654980222002017446543834328
-3.2115669533719385720881090000491 7.7499739996840889994531566810136e-6
3.2115669533719385720881090000491 7.7499739996840889994531566810136e-6
-3.4457806137632221892545248363576 1.636861888496740728532548508402e-6
3.4457806137632221892545248363576 1.636861888496740728532548508402e-6
-3.6810544817710310177712142546812 3.0750156860401333332711119936989e-7
3.6810544817710310177712142546812 3.0750156860401333332711119936989e-7
-3.9174824654279453263698962178676 5.1267694307391204618479116361041e-8
3.9174824654279453263698962178676 5.1267694307391204618479116361041e-8
-4.1551639597063929044193607644688 7.5672777489104905337400169091814e-9
4.1551639597063929044193607644688 7.5672777489104905337400169091814e-9
-4.3942045661421215605383929919092 9.8619913092005746620215063551552e-10
4.3942045661421215605383929919092 9.8619913092005746620215063551552e-10
-4.6347169158093716884625172321948 1.1314327929338597294791595786069e-10
4.6347169158093716884625172321948 1.1314327929338597294791595786069e-10
-4.8768216162575175795773323647787 1.1389647007504893447089254199624e-11
4.8768216162575175795773323647787 1.1389647007504893447089254199624e-11
-5.1206483478982014236616037039106 1.0023990331996454521130391104806e-12
5.1206483478982014236616037039106 1.0023990331996454521130391104806e-12
-5.3663371416203258425410474055104 7.6822356519145154162381587696431e-14
5.3663371416203258425410474055104 7.6822356519145154162381587696431e-14
-5.6140398775862351276647535880971 5.1042859875473188206365783456692e-15
5.6140398775862351276647535880971 5.1042859875473188206365783456692e-15
-5.8639220558946129653877009403597 2.9258946262067701804680457683305e-16
5.8639220558946129653877009403597 2.9258946262067701804680457683305e-16
-6.1161649040299741258468547324127 1.4391241588665018040004295961558e-17
6.1161649040299741258468547324127 1.4391241588665018040004295961558e-17
-6.3709679051115459690389230266142 6.0370235645633565981634681547339e-19
6.3709679051115459690389230266142 6.0370235645633565981634681547339e-19
-6.6285518568795151571264151026551 2.1453091893671455707448330961946e-20
6.6285518568795151571264151026551 2.1453091893671455707448330961946e-20
-6.8891626070319033835249945386524 6.4090652642748881155783246946634e-22
6.8891626070319033835249945386524 6.4090652642748881155783246946634e-22
-7.153075660339734263523959348995 1.5959112775571398277248572226104e-23
7.153075660339734263523959348995 1.5959112775571398277248572226104e-23
-7.4206019236498837409736526054112 3.2802180350829536104930950738287e-25
7.4206019236498837409736526054112 3.2802180350829536104930950738287e-25
-7.6920949569654464003199824050762 5.5036367600341830619470087752655e-27
7.6920949569654464003199824050762 5.5036367600341830619470087752655e-27
-7.9679602491408322390939404286896 7.4422174735850478353546776397774e-29
7.9679602491408322390939404286896 7.4422174735850478353546776397774e-29
-8.2486672630612316571555464592697 7.9915865248767582431851507508862e-31
8.2486672630612316571555464592697 7.9915865248767582431851507508862e-31
-8.5347653443616352021587089862561 6.6976892723501765876260572202505e-33
8.5347653443616352021587089862561 6.6976892723501765876260572202505e-33
-8.8269051416209466713154663115178 4.2923202100064698416362011340826e-35
8.8269051416209466713154663115178 4.2923202100064698416362011340826e-35
-9.1258680927746679480054981669497 2.0525562261562063577297846923849e-37
9.1258680927746679480054981669497 2.0525562261562063577297846923849e-37
-9.4326080721882804508110270134745 7.1089100355543642151498825385561e-40
9.4326080721882804508110270134745 7.1089100355543642151498825385561e-40
-9.7483120204672831571680828409017 1.7187588390664373895117783934404e-42
9.7483120204672831571680828409017 1.7187588390664373895117783934404e-42
-10.074491459554145514753474511838 2.7688066162395192912614914400729e-45
10.074491459554145514753474511838 2.7688066162395192912614914400729e-45
-10.41312684573784049791887088144 2.7972683193868262125952904295499e-48
10.41312684573784049791887088144 2.7972683193868262125952904295499e-48
-10.766908117887827206530158640997 1.6336381889924953640551120006879e-51
10.766908117887827206530158640997 1.6336381889924953640551120006879e-51
-11.139664833741461664597628639733 4.917530545178497765947107337539e-55
11.139664833741461664597628639733 4.917530545178497765947107337539e-55
-11.537211392148829807068053523218 6.4250837772779622680300024473835e-59
11.537211392148829807068053523218 6.4250837772779622680300024473835e-59
-11.969245398474266938389433195019 2.7483088481762321316929990123501e-63
11.969245398474266938389433195019 2.7483088481762321316929990123501e-63
-12.45459562804741845311333670313 2.2507013266636960204697772441165e-68
12.45459562804741845311333670313 2.2507013266636960204697772441165e-68
-13.042581189536425526277405764799 9.023683136612588616612801432196e-75
13.042581189536425526277405764799 9.023683136612588616612801432196e-75
