17
2
0 0.53091793762486356033188310337879
-0.53163300134265473134908655371763 0.40182646947041195657763508525701
0.53163300134265473134908655371763 0.40182646947041195657763508525701
-1.0676487257434505536304577379892 0.17264829767009707921764519621875
1.0676487257434505536304577379892 0.17264829767009707921764519621875
-1.6129243142212313331128825445364 0.040920034149756279809499487785388
1.6129243142212313331128825445364 0.040920034149756279809499487785388
-2.1735028266666208192753790714879 0.0050673499576275379117006949587872
2.1735028266666208192753790714879 0.0050673499576275379117006949587872
-2.7577629157038887309264034957395 0.00029864328669775304115133664305949
2.7577629157038887309264034957395 0.00029864328669775304115133664305949
-3.3789320911414940833832706928904 7.1122891400213095835332737621841e-6
3.3789320911414940833832706928904 7.1122891400213095835332737621841e-6
-4.0619466758754743068924555969827 4.977078981630794052278633537147e-8
4.0619466758754743068924555969827 4.977078981630794052278633537147e-8
-4.8713451936744030883492765566201 4.5805789307986333058088928122235e-11
4.8713451936744030883492765566201 4.5805789307986333058088928122235e-11
