68
2
-0.13420333993493834140097225510084 0.26362735600964198631351438298005
0.13420333993493834140097225510084 0.26362735600964198631351438298005
-0.40268063855845559151845831958644 0.22835964147332654118171222511959
0.40268063855845559151845831958644 0.22835964147332654118171222511959
-0.67137027764848275253979452392995 0.17129562704597327114716067121691
0.67137027764848275253979452392995 0.17129562704597327114716067121691
-0.94041544125892576973120028118183 0.11120083831262200536475000972289
0.94041544125892576973120028118183 0.11120083831262200536475000972289
-1.2099617834856001138963059938142 0.062417460794691532356031093415405
1.2099617834856001138963059938142 0.062417460794691532356031093415405
-1.4801584867781898824823867778023 0.030255311010248967327586779546736
1.4801584867781898824823867778023 0.030255311010248967327586779546736
-1.7511593940081669628908634679512 0.012644719871722351647086150043501
1.7511593940081669628908634679512 0.012644719871722351647086150043501
-2.023124240579043161630486219649 0.0045476632686124717045556649640155
2.023124240579043161630486219649 0.0045476632686124717045556649640155
-2.2962200172773377195341104291714 0.0014042112162131024977516570354706
2.2962200172773377195341104291714 0.0014042112162131024977516570354706
-2.5706225005795180640255032808956 0.0003712410471417879704847743568604
2.5706225005795180640255032808956 0.0003712410471417879704847743568604
-2.8465179952316147550393394794177 0.000083767928571090854629908196832094
2.8465179952316147550393394794177 0.000083767928571090854629908196832094
-3.1241053447888534735713615644712 0.000016073154232928758351838600632769
3.1241053447888534735713615644712 0.000016073154232928758351838600632769
-3.4035982804227497613580794139499 2.6114965376035861002431786519357e-6
3.4035982804227497613580794139499 2.6114965376035861002431786519357e-6
-3.6852281980879268366900948998364 3.5754993018691712949537275869711e-7
3.6852281980879268366900948998364 3.5754993018691712949537275869711e-7
-3.9692474811577249321754332025202 4.102331977604362989869099726067e-8
3.9692474811577249321754332025202 4.102331977604362989869099726067e-8
-4.2559335229494494508318325532451 3.9193048318853985180002324821964e-9
4.2559335229494494508318325532451 3.9193048318853985180002324821964e-9
-4.5455936557800597169237150916751 3.0952986928769749844571470096377e-10
4.5455936557800597169237150916751 3.0952986928769749844571470096377e-10
-4.838571267398513444727507122319 2.0038587880644739864179371172544e-11
4.838571267398513444727507122319 2.0038587880644739864179371172544e-11
-5.1352534929147949460869330198953 1.0531630647084226271653374143128e-12
5.1352534929147949460869330198953 1.0531630647084226271653374143128e-12
-5.4360810284450571297935310286012 4.4433093884802027817931462453282e-14
5.4360810284450571297935310286012 4.4433093884802027817931462453282e-14
-5.7415608508027306529987145154752 1.4852494321530815649771164564523e-15
5.7415608508027306529987145154752 1.4852494321530815649771164564523e-15
-6.0522829950450381446996252308183 3.8731516902515252878323097766844e-17
6.0522829950450381446996252308183 3.8731516902515252878323097766844e-17
-6.3689431247367305521716473181745 7.7362132775431231037299244711567e-19
6.3689431247367305521716473181745 7.7362132775431231037299244711567e-19
-6.6923735845747435222838715532378 1.1577247535043551860394426517642e-20
6.6923735845747435222838715532378 1.1577247535043551860394426517642e-20
-7.0235872465011695100413121639399 1.2635945997114314605997717719768e-22
7.0235872465011695100413121639399 1.2635945997114314605997717719768e-22
-7.3638413335052802603468829711401 9.7283658177698997062455215110801e-25
7.3638413335052802603468829711401 9.7283658177698997062455215110801e-25
-7.7147337577029222034257110116822 5.0645263679858099525975725876517e-27
7.7147337577029222034257110116822 5.0645263679858099525975725876517e-27
-8.0783550992846099086043219390884 1.6874060730443390676137339019735e-29
8.0783550992846099086043219390884 1.6874060730443390676137339019735e-29
-8.4575419119948717878600100122952 3.3415178524750348530930987921036e-32
8.4575419119948717878600100122952 3.3415178524750348530930987921036e-32
-8.8563297855819933653402359153795 3.543956863668949700660354487581e-35
8.8563297855819933653402359153795 3.543956863668949700660354487581e-35
-9.280843883548624020370016183802 1.7225457466828106497353467210308e-38
9.280843883548624020370016183802 1.7225457466828106497353467210308e-38
-9.7412997636867708736582732674409 2.9723642655667789202460849852293e-42
9.7412997636867708736582732674409 2.9723642655667789202460849852293e-42
-10.25753667408785466663561830889 1.1217925177026600488133189522682e-46
10.25753667408785466663561830889 1.1217925177026600488133189522682e-46
-10.881547739512506673225919104698 2.7170067116729657516187600178628e-52
10.881547739512506673225919104698 2.7170067116729657516187600178628e-52
