59
2
0 0.28798424312571884616309736699381
-0.28801770388153512870521582399568 0.26515118763397442977371507824021
0.28801770388153512870521582399568 0.26515118763397442977371507824021
-0.57623653694114957122367863839638 0.20690383287647834281983933983719
0.57623653694114957122367863839638 0.20690383287647834281983933983719
-0.86485946196705760228632100287853 0.13673928335964046097039739425663
0.86485946196705760228632100287853 0.13673928335964046097039739425663
-1.1540931580511035380577736115693 0.076447309674074943221737508484096
1.1540931580511035380577736115693 0.076447309674074943221737508484096
-1.4441500040985724805607236270809 0.03609576971914758844154433200051
1.4441500040985724805607236270809 0.03609576971914758844154433200051
-1.7352502204281331766004243818512 0.014362559357587142432399480027983
1.7352502204281331766004243818512 0.014362559357587142432399480027983
-2.027624234684804523036088807263 0.0048029120328152510137278021667001
2.027624234684804523036088807263 0.0048029120328152510137278021667001
-2.3215153515122373648396924213392 0.0013453332060777447835794324313897
2.3215153515122373648396924213392 0.0013453332060777447835794324313897
-2.6171828242728930852500964624416 0.00031439538907451581266670599556627
2.6171828242728930852500964624416 0.00031439538907451581266670599556627
-2.9149054536014395642934342022961 0.000061008880084875449764162413192139
2.9149054536014395642934342022961 0.000061008880084875449764162413192139
-3.2149858747990208354480873898369 9.7761956199732100254450573144518e-6
3.2149858747990208354480873898369 9.7761956199732100254450573144518e-6
-3.517755748692658459987924667478 1.2852403270784285597692289641109e-6
3.517755748692658459987924667478 1.2852403270784285597692289641109e-6
-3.8235821457915503735204757346137 1.375743140386264195756536864952e-7
3.8235821457915503735204757346137 1.375743140386264195756536864952e-7
-4.1328755226679873326921880219957 1.1884210228039402391495570792208e-8
4.1328755226679873326921880219957 1.1884210228039402391495570792208e-8
-4.4460998505989423396733033713882 8.1989628692240233058607632653983e-10
4.4460998505989423396733033713882 8.1989628692240233058607632653983e-10
-4.7637856994329747404867359794513 4.4624672633249686200180205819533e-11
4.7637856994329747404867359794513 4.4624672633249686200180205819533e-11
-5.0865474548246596581664233244842 1.8884472351365667368389682013393e-12
5.0865474548246596581664233244842 1.8884472351365667368389682013393e-12
-5.4151064424967953545376595841165 6.1066717751743424403881551406712e-14
5.4151064424967953545376595841165 6.1066717751743424403881551406712e-14
-5.7503227086468641261103257156037 1.4776310161414657402837788873484e-15
5.7503227086468641261103257156037 1.4776310161414657402837788873484e-15
-6.0932398625106681791750336071852 2.6076354448061806428779479695104e-17
6.0932398625106681791750336071852 2.6076354448061806428779479695104e-17
-6.4451503233185368944297378607069 3.2508143970587551426310295803671e-19
6.4451503233185368944297378607069 3.2508143970587551426310295803671e-19
-6.8076937845356603626435872626659 2.7492726789010328487177390473906e-21
6.8076937845356603626435872626659 2.7492726789010328487177390473906e-21
-7.1830125334106772495110265109552 1.4963121942445577822511461517112e-23
7.1830125334106772495110265109552 1.4963121942445577822511461517112e-23
-7.5740103261427950432992729045158 4.8816444464632550989992093511834e-26
7.5740103261427950432992729045158 4.8816444464632550989992093511834e-26
-7.9848154458297129081031983687871 8.6385560494218036181201618539095e-29
7.9848154458297129081031983687871 8.6385560494218036181201618539095e-29
-8.4216909949586138645587269765808 7.139834499860695982868349938509e-32
8.4216909949586138645587269765808 7.139834499860695982868349938509e-32
-8.8950804110294361372643828457291 2.1574506027269135986629444644132e-35
8.8950804110294361372643828457291 2.1574506027269135986629444644132e-35
-9.4252653876264005717390174340702 1.4983962534796150164635005759809e-39
9.4252653876264005717390174340702 1.4983962534796150164635005759809e-39
-10.065408350118515061253858384395 7.4038563200789493106278454054721e-45
10.065408350118515061253858384395 7.4038563200789493106278454054721e-45
