87
2
0 0.23748014388162646120046135958315
-0.23749290097360488577317871033448 0.22449250076685413673564634346434
0.23749290097360488577317871033448 0.22449250076685413673564634346434
-0.47506240870319633084163179416065 0.18962432993080799211562532268115
0.47506240870319633084163179416065 0.18962432993080799211562532268115
-0.71278545180861598693853843204635 0.1430901037131821613223485194745
0.71278545180861598693853843204635 0.1430901037131821613223485194745
-0.95073960659419109220531536784116 0.096425173608541145837666792003471
0.95073960659419109220531536784116 0.096425173608541145837666792003471
-1.1890034308805355422827600319287 0.05799809610285131533459501323549
1.1890034308805355422827600319287 0.05799809610285131533459501323549
-1.4276568101012007173354452182321 0.031116468918540763593563324186451
1.4276568101012007173354452182321 0.031116468918540763593563324186451
-1.6667813202271459483545678977568 0.014878611633370096291946522104235
1.6667813202271459483545678977568 0.014878611633370096291946522104235
-1.9064606125144659943199965651087 0.0063343363657207400341574451199036
1.9064606125144659943199965651087 0.0063343363657207400341574451199036
-2.1467808256453081121792945372545 0.0023982976827574057267533041302108
2.1467808256453081121792945372545 0.0023982976827574057267533041302108
-2.3878310315742214814164072413132 0.00080646696699678938282797768981019
2.3878310315742214814164072413132 0.00080646696699678938282797768981019
-2.6297037223368073926326894222914 0.00024048437850904943520479350952143
2.6297037223368073926326894222914 0.00024048437850904943520479350952143
-2.8724953462701673209457636892429 0.000063482017172793252450152032196851
2.8724953462701673209457636892429 0.000063482017172793252450152032196851
-3.1163069035955783937432532790948 0.000014805735210956514624658073328729
3.1163069035955783937432532790948 0.000014805735210956514624658073328729
-3.361244613202724403840998403693 3.0442062696033956350845570597314e-6
3.361244613202724403840998403693 3.0442062696033956350845570597314e-6
-3.6074206648573137861028769849604 5.504542691359474923173327046847e-7
3.6074206648573137861028769849604 5.504542691359474923173327046847e-7
-3.8549540740709146327560731508094 8.7294781098732973652805076843919e-8
3.8549540740709146327560731508094 8.7294781098732973652805076843919e-8
-4.1039716607125999717689186143079 1.2104826477830363502276619002696e-8
4.1039716607125999717689186143079 1.2104826477830363502276619002696e-8
-4.3546091773629318732776506154329 1.4627430245954631830814947788315e-9
4.3546091773629318732776506154329 1.4627430245954631830814947788315e-9
-4.607012619762580474646984935293 1.5345768250281914453719146796614e-10
4.607012619762580474646984935293 1.5345768250281914453719146796614e-10
-4.8613397599750523446819101797069 1.3919025655825924312955178463001e-11
4.8613397599750523446819101797069 1.3919025655825924312955178463001e-11
-5.1177619537428892652805699437906 1.0864518129257975900409384807241e-12
5.1177619537428892652805699437906 1.0864518129257975900409384807241e-12
-5.3764662879277240737721204729379 7.2600749267287080202632993690301e-14
5.3764662879277240737721204729379 7.2600749267287080202632993690301e-14
-5.6376581532613124600280596894981 4.1293419627929813624327634149599e-15
5.6376581532613124600280596894981 4.1293419627929813624327634149599e-15
-5.9015643538974096048822780352155 1.9861050466675963711500151725486e-16
5.9015643538974096048822780352155 1.9861050466675963711500151725486e-16
-6.1684369014005461857238729006237 8.019016766288982153550533398767e-18
6.1684369014005461857238729006237 8.019016766288982153550533398767e-18
-6.4385576912861498869355532645346 2.6954831586023517074238184844156e-19
6.4385576912861498869355532645346 2.6954831586023517074238184844156e-19
-6.712244331857211183526928854106 7.4723281435460868068705238915912e-21
6.712244331857211183526928854106 7.4723281435460868068705238915912e-21
-6.9898574985415004498839183482229 1.6900522980387020570836663749193e-22
6.9898574985415004498839183482229 1.6900522980387020570836663749193e-22
-7.2718103393202067189908222363059 3.0802364578690315079348475347794e-24
7.2718103393202067189908222363059 3.0802364578690315079348475347794e-24
-7.5585806862536904434704378833405 4.4592405404334031164568426780748e-26
7.5585806862536904434704378833405 4.4592405404334031164568426780748e-26
-7.850727182068093656678488804546 5.0421784821016999222047455351358e-28
7.850727182068093656678488804546 5.0421784821016999222047455351358e-28
-8.1489109922424239108237100317017 4.3652040547608227850690088916341e-30
8.1489109922424239108237100317017 4.3652040547608227850690088916341e-30
-8.4539256923192720720519912004315 2.8252406271755433036122728267467e-32
8.4539256923192720720519912004315 2.8252406271755433036122728267467e-32
-8.7667394811116136519305173203698 1.3279095802116749865252934341019e-34
8.7667394811116136519305173203698 1.3279095802116749865252934341019e-34
-9.0885566358796170224549041017094 4.3726474538903997888735489676565e-37
9.0885566358796170224549041017094 4.3726474538903997888735489676565e-37
-9.4209102766018643117360508374384 9.6394008578235639235350117886141e-40
9.4209102766018643117360508374384 9.6394008578235639235350117886141e-40
-9.7658086966213730200860975471105 1.3410304270363058633871075810874e-42
9.7658086966213730200860975471105 1.3410304270363058633871075810874e-42
-10.125979221008995289382904473261 1.0874550734954447408614246389612e-45
10.125979221008995289382904473261 1.0874550734954447408614246389612e-45
-10.505304291834085600008369260425 4.5963493020490993500909205141817e-49
10.505304291834085600008369260425 4.5963493020490993500909205141817e-49
-10.909678445859965822301439916783 8.5648796438496890837194173840751e-53
10.909678445859965822301439916783 8.5648796438496890837194173840751e-53
-11.348933245008067916975250714302 5.3461191685642079326661042012938e-57
11.348933245008067916975250714302 5.3461191685642079326661042012938e-57
-11.842159173697059084954306442274 6.6312997992795038211592348162273e-62
11.842159173697059084954306442274 6.6312997992795038211592348162273e-62
-12.439367989923681490674441838104 4.3409286196310026338798075828611e-68
12.439367989923681490674441838104 4.3409286196310026338798075828611e-68
