128
2
-0.097983821955818954313771324686179 0.1940976118640877569776970287225
0.097983821955818954313771324686179 0.1940976118640877569776970287225
-0.29396611030029570281335186740438 0.17977308390779926498869795610223
0.29396611030029570281335186740438 0.17977308390779926498869795610223
-0.48999236041545891808904438563671 0.15421043529835438336352771328355
0.48999236041545891808904438563671 0.15421043529835438336352771328355
-0.68609197521733487204528643269052 0.12250327316413569461866460561093
0.68609197521733487204528643269052 0.12250327316413569461866460561093
-0.88229450079298140600050834322688 0.090108678376448919548057439803991
0.88229450079298140600050834322688 0.090108678376448919548057439803991
-1.0786296848109089304710075757025 0.06136072100449006566465106925699
1.0786296848109089304710075757025 0.06136072100449006566465106925699
-1.2751275360891583214325108262331 0.038673954810636902655024886713563
1.2751275360891583214325108262331 0.038673954810636902655024886713563
-1.4718183856744860006783756054603 0.022554310167824422410249822249234
1.4718183856744860006783756054603 0.022554310167824422410249822249234
-1.6687329498037236304866012119091 0.012166918864469339491016632885628
1.6687329498037236304866012119091 0.012166918864469339491016632885628
-1.8659023951405986966491240779895 0.0060688624069258876206680141992687
1.8659023951405986966491240779895 0.0060688624069258876206680141992687
-2.0633584067085659776817513674952 0.0027978394016057892731908036825231
2.0633584067085659776817513674952 0.0027978394016057892731908036825231
-2.2611332589730622802842081775226 0.001191563814457167239116805610408
2.2611332589730622802842081775226 0.001191563814457167239116805610408
-2.4592598905657394019367761919926 0.00046855153780841136547980212684184
2.4592598905657394019367761919926 0.00046855153780841136547980212684184
-2.6577719831894839963108162199165 0.00017001408826280940940989715576341
2.6577719831894839963108162199165 0.00017001408826280940940989715576341
-2.8567040452974052826518491054374 0.000056887437600402410927018788588217
2.8567040452974052826518491054374 0.000056887437600402410927018788588217
-3.0560915012026800559578409168415 0.000017540485848093905038367761979091
3.0560915012026800559578409168415 0.000017540485848093905038367761979091
-3.255970786350659346652905677001 4.9799245325909870113409927059806e-6
3.255970786350659346652905677001 4.9799245325909870113409927059806e-6
-3.4563794495717374822094344533685 1.300747003238199233513755866984e-6
3.4563794495717374822094344533685 1.300747003238199233513755866984e-6
-3.6573562632353080962305874061776 3.1228729861789030819794499175138e-7
3.6573562632353080962305874061776 3.1228729861789030819794499175138e-7
-3.8589413423442818265906267311827 6.8845811221543500906440626631243e-8
3.8589413423442818265906267311827 6.8845811221543500906440626631243e-8
-4.061176273749272824277547657897 1.3921907152935178811957881617461e-8
4.061176273749272824277547657897 1.3921907152935178811957881617461e-8
-4.2641042568255191567497904359987 2.579397229426394801149805695268e-9
4.2641042568255191567497904359987 2.579397229426394801149805695268e-9
-4.4677702571485826834463183172253 4.373186659848403445632172536186e-10
4.4677702571485826834463183172253 4.373186659848403445632172536186e-10
-4.6722211749326389221456747037298 6.7757804877745537863083964919307e-11
4.6722211749326389221456747037298 6.7757804877745537863083964919307e-11
-4.877506030264814412167551734907 9.5803165087358577086206635854799e-12
4.877506030264814412167551734907 9.5803165087358577086206635854799e-12
-5.083676167489339906735053683003 1.2342144866005566908162360443707e-12
5.083676167489339906735053683003 1.2342144866005566908162360443707e-12
-5.2907854814771795764367418086554 1.4463473211904165632059092842796e-13
5.2907854814771795764367418086554 1.4463473211904165632059092842796e-13
-5.4988906689739094845221892600866 1.5390497303535458142498107038333e-14
5.4988906689739094845221892600866 1.5390497303535458142498107038333e-14
-5.7080515087680862617749087911317 1.4842238375138564829118955689e-15
5.7080515087680862617749087911317 1.4842238375138564829118955689e-15
-5.9183311750858116751168174344581 1.2945481593393715343954569556e-16
5.9183311750858116751168174344581 1.2945481593393715343954569556e-16
-6.1297965894221620246205959787742 1.0189332304232925240365820446907e-17
6.1297965894221620246205959787742 1.0189332304232925240365820446907e-17
-6.3425188170017794717293895557272 7.2201073169282920196443773413073e-19
6.3425188170017794717293895557272 7.2201073169282920196443773413073e-19
-6.5565735152644828896257889428863 4.594007677329721592211726053893e-20
6.5565735152644828896257889428863 4.594007677329721592211726053893e-20
-6.7720414432559288582068862187728 2.6174575839348111558687316667431e-21
6.7720414432559288582068862187728 2.6174575839348111558687316667431e-21
-6.989009042644774011852237444378 1.3313678590335896044059942947363e-22
6.989009042644774011852237444378 1.3313678590335896044059942947363e-22
-7.2075691033873338544177994710933 6.0259840320064542886465698722626e-24
7.2075691033873338544177994710933 6.0259840320064542886465698722626e-24
-7.4278215299523011156573955207336 2.4184034596476649696039057439574e-25
7.4278215299523011156573955207336 2.4184034596476649696039057439574e-25
-7.649874227681006561131849953275 8.572830483769353744549325497395e-27
7.649874227681006561131849953275 8.572830483769353744549325497395e-27
-7.8738441335354344667871089188438 2.6729236200580732401726643718339e-28
7.8738441335354344667871089188438 2.6729236200580732401726643718339e-28
-8.099858421507896075457943481098 7.2965450067684042538186870432087e-30
8.099858421507896075457943481098 7.2965450067684042538186870432087e-30
-8.3280559207901466450080200367168 1.7351030202820612088160168813815e-31
8.3280559207901466450080200367168 1.7351030202820612088160168813815e-31
-8.5585887950645082889603038007173 3.574378895879421072164570348026e-33
8.5585887950645082889603038007173 3.574378895879421072164570348026e-33
-8.7916245448886864063504029142723 6.3399135263664890607675399738843e-35
8.7916245448886864063504029142723 6.3399135263664890607675399738843e-35
-9.0273484133947883448266557327957 9.6167080679675069775952182446018e-37
9.0273484133947883448266557327957 9.6167080679675069775952182446018e-37
-9.2659663002961759218536403751732 1.2380855579763680376188381669031e-38
9.2659663002961759218536403751732 1.2380855579763680376188381669031e-38
-9.5077083232790565769549018267442 1.3414974817643693669655684156264e-40
9.5077083232790565769549018267442 1.3414974817643693669655684156264e-40
-9.7528332134391686745494261415131 1.2117795341305919073543494009117e-42
9.7528332134391686745494261415131 1.2117795341305919073543494009117e-42
-10.001633798930122846011136300047 9.0280401387866440091796156457409e-45
10.001633798930122846011136300047 9.0280401387866440091796156457409e-45
-10.254443928470930717024543660461 5.4802170289787964982061628305124e-47
10.254443928470930717024543660461 5.4802170289787964982061628305124e-47
-10.511647329914868617394136927902 2.6727437517360678545202198991602e-49
10.511647329914868617394136927902 2.6727437517360678545202198991602e-49
-10.773689115161440671311660989623 1.0304862520556947342267233085618e-51
10.773689115161440671311660989623 1.0304862520556947342267233085618e-51
-11.041090976019633384242898671905 3.0820773833392986871042554116322e-54
11.041090976019633384242898671905 3.0820773833392986871042554116322e-54
-11.314471644289977917212002845139 6.9930729240519559879874741505985e-57
11.314471644289977917212002845139 6.9930729240519559879874741505985e-57
-11.594575054741451746782084590799 1.1719785012129805173855988837327e-59
11.594575054741451746782084590799 1.1719785012129805173855988837327e-59
-11.882310118878311580835916809263 1.4044672577404872604418659200305e-62
11.882310118878311580835916809263 1.4044672577404872604418659200305e-62
-12.178808619831246313274069309466 1.1561551640963752133472540946796e-65
12.178808619831246313274069309466 1.1561551640963752133472540946796e-65
-12.485512585349448160699056608422 6.2142441618303136624093073022402e-69
12.485512585349448160699056608422 6.2142441618303136624093073022402e-69
-12.804312082067131295013714165433 2.0415857972439850158006924737877e-72
12.804312082067131295013714165433 2.0415857972439850158006924737877e-72
-13.137774788027651101065058671854 3.751215868804724996562746242353e-76
13.137774788027651101065058671854 3.751215868804724996562746242353e-76
-13.48955641262314182637911777505 3.4012300869366371268669286672958e-80
13.48955641262314182637911777505 3.4012300869366371268669286672958e-80
-13.865206984476241589776843320258 1.2612494833385383033093221662967e-84
13.865206984476241589776843320258 1.2612494833385383033093221662967e-84
-14.273981304787835562509435656364 1.4046897713150886347986572534457e-89
14.273981304787835562509435656364 1.4046897713150886347986572534457e-89
-14.733842473589299055613144717748 2.6081724024091110792488514845909e-95
14.733842473589299055613144717748 2.6081724024091110792488514845909e-95
-15.291819766882740971746788655168 1.7990659801092847208233633880519e-102
15.291819766882740971746788655168 1.7990659801092847208233633880519e-102
