126
2
-0.098755367708345037951753918542491 0.19559636350108735393915363352012
0.098755367708345037951753918542491 0.19559636350108735393915363352012
-0.29628133336672018604221970219557 0.18094215487742906119345861682334
0.29628133336672018604221970219557 0.18094215487742906119345861682334
-0.49385302030582295687475456254534 0.15483776980551855530026271931212
0.49385302030582295687475456254534 0.15483776980551855530026271931212
-0.6915010114107532643238883196843 0.12255485603934908450888981083598
0.6915010114107532643238883196843 0.12255485603934908450888981083598
-0.88925604324227417611353928852997 0.089709385493087351605933580971662
0.88925604324227417611353928852997 0.089709385493087351605933580971662
-1.0871490687721616804147278413751 0.060717658137057630978399352779835
1.0871490687721616804147278413751 0.060717658137057630978399352779835
-1.2852113214015310728006726866586 0.037988873885061193163854789103811
1.2852113214015310728006726866586 0.037988873885061193163854789103811
-1.4834743806546616020760636968375 0.021965177289949577460788853528964
1.4834743806546616020760636968375 0.021965177289949577460788853528964
-1.681970239961015765250304679178 0.011732759367031630618066414305455
1.681970239961015765250304679178 0.011732759367031630618066414305455
-1.8807313769636195230252988397128 0.0057873557283189615508013862152904
1.8807313769636195230252988397128 0.0057873557283189615508013862152904
-2.0797908268232598010554029253875 0.0026349882348356986553799458126365
2.0797908268232598010554029253875 0.0026349882348356986553799458126365
-2.2791822590257232159887454706576 0.0011068159448702057246092170343676
2.2791822590257232159887454706576 0.0011068159448702057246092170343676
-2.4789400582443555426939560157185 0.00042867197747952288492681240893009
2.4789400582443555426939560157185 0.00042867197747952288492681240893009
-2.6790994098635554366537244666556 0.00015298771765756420391060297798538
2.6790994098635554366537244666556 0.00015298771765756420391060297798538
-2.8796963908316321013351385510131 0.000050277271260002151151980695109729
2.8796963908316321013351385510131 0.000050277271260002151151980695109729
-3.080768066585213922598702877393 0.000015203524203072519405512737259482
3.080768066585213922598702877393 0.000015203524203072519405512737259482
-3.2823525948738601784307000130238 4.2268677400739949823349102880665e-6
3.2823525948738601784307000130238 4.2268677400739949823349102880665e-6
-3.4844893374148406164122322581906 1.0794646043238868146511617181946e-6
3.4844893374148406164122322581906 1.0794646043238868146511617181946e-6
-3.687218980426803432669614651962 2.5298490233788664651394436445616e-7
3.687218980426803432669614651962 2.5298490233788664651394436445616e-7
-3.8905836652304057489779469415933 5.4353072977389027232805447902184e-8
3.8905836652304057489779469415933 5.4353072977389027232805447902184e-8
-4.0946271302677771411579658417525 1.069319579693555036250227460632e-8
4.0946271302677771411579658417525 1.069319579693555036250227460632e-8
-4.299394866085627696398316957856 1.9240529197354789404481278115103e-9
4.299394866085627696398316957856 1.9240529197354789404481278115103e-9
-4.5049342850546673521746749965641 3.1621598261836700446001516613939e-10
4.5049342850546673521746749965641 3.1621598261836700446001516613939e-10
-4.7112949078678823544923736422956 4.7401870432354334008686682586846e-11
4.7112949078678823544923736422956 4.7401870432354334008686682586846e-11
-4.9185285691809158696232537654114 6.4713186612401028149307187172637e-12
4.9185285691809158696232537654114 6.4713186612401028149307187172637e-12
-5.1266896451402624486870515509096 8.0327883964149958287771478632503e-13
5.1266896451402624486870515509096 8.0327883964149958287771478632503e-13
-5.3358353060028795804720585647223 9.0500846874230298731764734491898e-14
5.3358353060028795804720585647223 9.0500846874230298731764734491898e-14
-5.546025797601315365375669428266 9.2369780981719997319314941956279e-15
5.546025797601315365375669428266 9.2369780981719997319314941956279e-15
-5.757324756073241199589348974973 8.5234045323955407239618340960581e-16
5.757324756073241199589348974973 8.5234045323955407239618340960581e-16
-5.9697995610809274297308653911533 7.0949360015713563072326978999924e-17
5.9697995610809274297308653911533 7.0949360015713563072326978999924e-17
-6.1835217337299573163105423218762 5.3150514071325622663689770707873e-18
6.1835217337299573163105423218762 5.3150514071325622663689770707873e-18
-6.3985673866027151263837742155846 3.5742061956149746211273865151749e-19
6.3985673866027151263837742155846 3.5742061956149746211273865151749e-19
-6.6150177348097282134679228773925 2.1516151218938083339482369377252e-20
6.6150177348097282134679228773925 2.1516151218938083339482369377252e-20
-6.832959678807609680505062739942 1.15601427758873283743380073813e-21
6.832959678807609680505062739942 1.15601427758873283743380073813e-21
-7.0524864720372568313406512336825 5.5254399484537146684395681952181e-23
7.0524864720372568313406512336825 5.5254399484537146684395681952181e-23
-7.2736984893343360236324156121933 2.3412386562212924557274150443823e-24
7.2736984893343360236324156121933 2.3412386562212924557274150443823e-24
-7.4967041157356899721760765420517 8.7606149843747431306082908761556e-26
7.4967041157356899721760765420517 8.7606149843747431306082908761556e-26
-7.7216207799931867173946650224098 2.8828182366037088803319595426476e-27
7.7216207799931867173946650224098 2.8828182366037088803319595426476e-27
-7.9485761631426504550317754872098 8.304382309288079622272494252666e-29
7.9485761631426504550317754872098 8.304382309288079622272494252666e-29
-8.1777096203182200865835247874434 2.0836578377129306650488267106188e-30
8.1777096203182200865835247874434 2.0836578377129306650488267106188e-30
-8.4091738642920387586982613134599 4.5287460314884274668865984809281e-32
8.4091738642920387586982613134599 4.5287460314884274668865984809281e-32
-8.64313697286125775518216382418 8.4745466577879967738879180460524e-34
8.64313697286125775518216382418 8.4745466577879967738879180460524e-34
-8.879784800497470334402573415827 1.3561579038335371937927755922125e-35
8.879784800497470334402573415827 1.3561579038335371937927755922125e-35
-9.1193238995071217275442533554343 1.8420302384806819327485147934108e-37
9.1193238995071217275442533554343 1.8420302384806819327485147934108e-37
-9.3619850901178885496626048097644 2.1058526230258115141134557894338e-39
9.3619850901178885496626048097644 2.1058526230258115141134557894338e-39
-9.6080278666058626553976991206236 2.0072591434893007539841773004758e-41
9.6080278666058626553976991206236 2.0072591434893007539841773004758e-41
-9.8577458942500832569369352781635 1.5782902465389294849852818237067e-43
9.8577458942500832569369352781635 1.5782902465389294849852818237067e-43
-10.111473949621465133702904137677 1.0113496653683936659370715835886e-45
10.111473949621465133702904137677 1.0113496653683936659370715835886e-45
-10.369596800621338329379108515872 5.2082971293259621113700946504687e-48
10.369596800621338329379108515872 5.2082971293259621113700946504687e-48
-10.632560739297817873940994659152 2.1211541634033655702997063064617e-50
10.632560739297817873940994659152 2.1211541634033655702997063064617e-50
-10.900888814619360434857066843333 6.7043872367940701764831225080822e-53
10.900888814619360434857066843333 6.7043872367940701764831225080822e-53
-11.175201342355261273107039372603 1.6084468211903252222860460458564e-55
11.175201342355261273107039372603 1.6084468211903252222860460458564e-55
-11.456244136772703317488003729385 2.8521414298371510645670150516515e-58
11.456244136772703317488003729385 2.8521414298371510645670150516515e-58
-11.744928381740326633419024564684 3.6193344722348026934199195979179e-61
11.744928381740326633419024564684 3.6193344722348026934199195979179e-61
-12.042388667769094314002624069604 3.1581319803837171442446582471468e-64
12.042388667769094314002624069604 3.1581319803837171442446582471468e-64
-12.350070580302615443137550772496 1.8014846076367580494995224851372e-67
12.350070580302615443137550772496 1.8014846076367580494995224851372e-67
-12.669868834839699045435242040119 6.290707677269088161988064615626e-71
12.669868834839699045435242040119 6.290707677269088161988064615626e-71
-13.004357419686706320306070321066 1.2309273526336684878550423688426e-74
13.004357419686706320306070321066 1.2309273526336684878550423688426e-74
-13.357201039800041651981309539584 1.1915620124280393076866388476133e-78
13.357201039800041651981309539584 1.1915620124280393076866388476133e-78
-13.733963425557442848834095246694 4.7334609039689465460142739825783e-83
13.733963425557442848834095246694 4.7334609039689465460142739825783e-83
-14.143922346496765138113015441459 5.6751482819799791034882106803151e-88
14.143922346496765138113015441459 5.6751482819799791034882106803151e-88
-14.60508580920879349076929698159 1.1432282229673917048976755422313e-93
14.60508580920879349076929698159 1.1432282229673917048976755422313e-93
-15.164601802095890525460779429083 8.6885048841103719813884230987331e-101
15.164601802095890525460779429083 8.6885048841103719813884230987331e-101
