79
2
0 0.24914204006426562323846703448977
-0.24915825309625724819519698387781 0.23419136519193105980094889630593
0.24915825309625724819519698387781 0.23419136519193105980094889630593
-0.49841388325234112255830951101754 0.19449150803253883041307041031455
0.49841388325234112255830951101754 0.19449150803253883041307041031455
-0.74786476344152582967558891501125 0.14266271740044506862944591093914
0.74786476344152582967558891501125 0.14266271740044506862944591093914
-0.99760976585826837677010806867184 0.092382459021801718788684873737105
0.99760976585826837677010806867184 0.092382459021801718788684873737105
-1.2477492802359769448548026091993 0.052776416531222757969660651579226
1.2477492802359769448548026091993 0.052776416531222757969660651579226
-1.4983857552446241020251710037254 0.026575061210558422204302942833829
1.4983857552446241020251710037254 0.026575061210558422204302942833829
-1.7496242717478425800022686300011 0.011781817217642966271815838231011
1.7496242717478425800022686300011 0.011781817217642966271815838231011
-2.001573157701673227785737413513 0.0045927856260634553657302816596201
2.001573157701673227785737413513 0.0045927856260634553657302816596201
-2.2543446558260459838472136017798 0.0015717570688376715261389068402598
2.2543446558260459838472136017798 0.0015717570688376715261389068402598
-2.5080556569501708437977446939432 0.00047135721157038237565394993580907
2.5080556569501708437977446939432 0.00047135721157038237565394993580907
-2.7628285142266280279546908441095 0.00012361276486093511469057393225446
2.7628285142266280279546908441095 0.00012361276486093511469057393225446
-3.0187919563650999860438255567028 0.000028280775482696971159776009504241
3.0187919563650999860438255567028 0.000028280775482696971159776009504241
-3.276082121844231306516225309013 5.6294099461087340339041867603867e-6
3.276082121844231306516225309013 5.6294099461087340339041867603867e-6
-3.534843740976598172336370156182 9.719768167377834413701336659746e-7
3.534843740976598172336370156182 9.719768167377834413701336659746e-7
-3.7952314990808917787676781833153 1.4507140693109981617004528406765e-7
3.7952314990808917787676781833153 1.4507140693109981617004528406765e-7
-4.0574116223471221733292549519715 1.8645196384240909667546772048987e-8
4.0574116223471221733292549519715 1.8645196384240909667546772048987e-8
-4.3215637389507624393538492117001 2.0546146868576714023822083781716e-9
4.3215637389507624393538492117001 2.0546146868576714023822083781716e-9
-4.5878830825516653017071193504169 1.9317783962507995713809003778501e-10
4.5878830825516653017071193504169 1.9317783962507995713809003778501e-10
-4.8565831248972127819628874207345 1.541228452539482359440770242814e-11
4.8565831248972127819628874207345 1.541228452539482359440770242814e-11
-5.1278987508656595994236989153599 1.0369888470878426273916181116718e-12
5.1278987508656595994236989153599 1.0369888470878426273916181116718e-12
-5.4020901259356992815785485573616 5.8430667493651267907402829018818e-14
5.4020901259356992815785485573616 5.8430667493651267907402829018818e-14
-5.6794474572664074394888303299544 2.7353878696405708398751064655543e-15
5.6794474572664074394888303299544 2.7353878696405708398751064655543e-15
-5.9602969222394463116349355620323 1.0543294854998755862532130486067e-16
5.9602969222394463116349355620323 1.0543294854998755862532130486067e-16
-6.2450081432878884815091657099443 3.311356943092776726830607171338e-18
6.2450081432878884815091657099443 3.311356943092776726830607171338e-18
-6.5340037424695645485085177627509 8.3735311688357997711245618579248e-20
6.5340037424695645485085177627509 8.3735311688357997711245618579248e-20
-6.8277717420599028626524440804753 1.6812873372296916799442162659084e-21
6.8277717420599028626524440804753 1.6812873372296916799442162659084e-21
-7.1268819366716187820158310992237 2.6370712657175459403251564176622e-23
7.1268819366716187820158310992237 2.6370712657175459403251564176622e-23
-7.4320079322856310315265062996671 3.1692521338966562988613226342241e-25
7.4320079322856310315265062996671 3.1692521338966562988613226342241e-25
-7.74395748066787509995203381829 2.8515675215544868881998200355843e-27
7.74395748066787509995203381829 2.8515675215544868881998200355843e-27
-8.0637153221240905240051852195185 1.8674862726204593291807151638377e-29
8.0637153221240905240051852195185 1.8674862726204593291807151638377e-29
-8.392505556775868217778839119631 8.5963278572927291367872209381274e-32
8.392505556775868217778839119631 8.5963278572927291367872209381274e-32
-8.7318857937825296107970139544877 2.6610906118129923509802495228688e-34
8.7318857937825296107970139544877 2.6610906118129923509802495228688e-34
-9.0838956733280183210925854649654 5.2306055163095059719716999316928e-37
9.0838956733280183210925854649654 5.2306055163095059719716999316928e-37
-9.4513043921191174526465671061698 6.0427427569366687092986259199946e-40
9.4513043921191174526465671061698 6.0427427569366687092986259199946e-40
-9.8380533797602857920078415852456 3.6803258437881729491985067888833e-43
9.8380533797602857920078415852456 3.6803258437881729491985067888833e-43
-10.250126304140645264188154173129 1.0041756149620544900083970893332e-46
10.250126304140645264188154173129 1.0041756149620544900083970893332e-46
-10.69750345339581549566051774649 9.399129541347834623452700972285e-51
10.69750345339581549566051774649 9.399129541347834623452700972285e-51
-11.199565640216380728351452427098 1.8178162551754793791372405581272e-55
11.199565640216380728351452427098 1.8178162551754793791372405581272e-55
-11.807093040777297009212506225282 2.0081683611093682782257909163236e-61
11.807093040777297009212506225282 2.0081683611093682782257909163236e-61
