10
2
-0.34290132722370460878916502555726 0.61086263373532579878356499043342
0.34290132722370460878916502555726 0.61086263373532579878356499043342
-1.0366108297895136541774919167592 0.24013861108231468641652329500586
1.0366108297895136541774919167592 0.24013861108231468641652329500586
-1.7566836492998817734514012201062 0.033874394455481063136164731277586
1.7566836492998817734514012201062 0.033874394455481063136164731277586
-2.5327316742327897964089607977548 0.0013436457467812326922015655858459
2.5327316742327897964089607977548 0.0013436457467812326922015655858459
-3.4361591188377376033267254943191 7.6404328552326206291593678595952e-6
3.4361591188377376033267254943191 7.6404328552326206291593678595952e-6
