118
2
-0.1020344788628780134023846533631 0.20195836706954063639935626278338
0.1020344788628780134023846533631 0.20195836706954063639935626278338
-0.30612136944972701170430629202568 0.18584966291329162187537199800403
0.30612136944972701170430629202568 0.18584966291329162187537199800403
-0.5102620996244449880790493417804 0.15737520760258729924991391180059
0.5102620996244449880790493417804 0.15737520760258729924991391180059
-0.71449269940145835923976014712157 0.12261249660444415932548071664706
0.71449269940145835923976014712157 0.12261249660444415932548071664706
-0.91884940519120835546577504388921 0.087878107549790347819753954960257
0.91884940519120835546577504388921 0.087878107549790347819753954960257
-1.1233687442963155844379906280432 0.057925787803644669455020565008367
1.1233687442963155844379906280432 0.057925787803644669455020565008367
-1.3280876213767709757761187527092 0.035105886050128707769823784519382
1.3280876213767709757761187527092 0.035105886050128707769823784519382
-1.5330434074921916429707764400586 0.019554616052364216678608077630169
1.5330434074921916429707764400586 0.019554616052364216678608077630169
-1.7382740323646889653653465830814 0.010006845717689328175394181468961
1.7382740323646889653653465830814 0.010006845717689328175394181468961
-1.9438180805509268806518031879442 0.0047023255147965922352603981178679
1.9438180805509268806518031879442 0.0047023255147965922352603981178679
-2.1497148922675668367560655336 0.0020279429361286939778831044014122
2.1497148922675668367560655336 0.0020279429361286939778831044014122
-2.3560046696818467532182926358392 0.00080215126322350393319558325941713
2.3560046696818467532182926358392 0.00080215126322350393319558325941713
-2.5627285895601978939384259892941 0.00029081250785794180908365114506192
2.5627285895601978939384259892941 0.00029081250785794180908365114506192
-2.7699289232646310969709622007124 0.000096558931405380322917763281036764
2.7699289232646310969709622007124 0.000096558931405380322917763281036764
-2.9776491652016607606264264318124 0.00002933774463507290520313655561415
2.9776491652016607606264264318124 0.00002933774463507290520313655561415
-3.18593417096489567915828960583 8.1491561908568593663756664817557e-6
3.18593417096489567915828960583 8.1491561908568593663756664817557e-6
-3.3948303065739312221026123496344 2.0673284334051575021876246564941e-6
3.3948303065739312221026123496344 2.0673284334051575021876246564941e-6
-3.6043856104035215789646951466385 4.7845042712908252832541504182953e-7
3.6043856104035215789646951466385 4.7845042712908252832541504182953e-7
-3.8146499696239739153637060441803 1.0089574633621282604633089502662e-7
3.8146499696239739153637060441803 1.0089574633621282604633089502662e-7
-4.0256753132434273616038448426851 1.9362011885244899810254983313485e-8
4.0256753132434273616038448426851 1.9362011885244899810254983313485e-8
-4.2375158241640087818835227806039 3.3764133497574679962781723299213e-9
4.2375158241640087818835227806039 3.3764133497574679962781723299213e-9
-4.4502281730478112814323510332652 5.3422379271962477817821431245235e-10
4.4502281730478112814323510332652 5.3422379271962477817821431245235e-10
-4.6638717772489988016010325095104 7.6565621148965795758522418930634e-11
4.6638717772489988016010325095104 7.6565621148965795758522418930634e-11
-4.8785090886224199491866778044024 9.9222265232533080685692281116611e-12
4.8785090886224199491866778044024 9.9222265232533080685692281116611e-12
-5.094205914688804345497505483312 1.1603996128858062339219557878062e-12
5.094205914688804345497505483312 1.1603996128858062339219557878062e-12
-5.3110317784497384274367117027734 1.2221338000525145028996719937315e-13
5.3110317784497384274367117027734 1.2221338000525145028996719937315e-13
-5.529060323137761828722569390604 1.1565317290963881105111828676864e-14
5.529060323137761828722569390604 1.1565317290963881105111828676864e-14
-5.7483697694039074666219669018381 9.809734237780914114905842875977e-16
5.7483697694039074666219669018381 9.809734237780914114905842875977e-16
-5.9690434339462292566839181487229 7.4380949511123481129515907329357e-17
5.9690434339462292566839181487229 7.4380949511123481129515907329357e-17
-6.1911703204459049987836742700979 5.0270892648593521240522111796923e-18
6.1911703204459049987836742700979 5.0270892648593521240522111796923e-18
-6.4148457960045010009447542685796 3.0189715471734945405670190875283e-19
6.4148457960045010009447542685796 3.0189715471734945405670190875283e-19
-6.6401723692025162175279484830028 1.6054837533511572085753199312766e-20
6.6401723692025162175279484830028 1.6054837533511572085753199312766e-20
-6.8672605896069678407210364737333 7.532522277613256932450064504547e-22
6.8672605896069678407210364737333 7.532522277613256932450064504547e-22
-7.0962300932900502365618895812138 3.1052469143218669337263762845878e-23
7.0962300932900502365618895812138 3.1052469143218669337263762845878e-23
-7.3272108250171308486856616597283 1.1197954114046410782174817043887e-24
7.3272108250171308486856616597283 1.1197954114046410782174817043887e-24
-7.5603444756835591629645510331464 3.5151519348961061652154677981228e-26
7.5603444756835591629645510331464 3.5151519348961061652154677981228e-26
-7.7957861839727654084908052380662 9.553737572203050591477539514913e-28
7.7957861839727654084908052380662 9.553737572203050591477539514913e-28
-8.0337065649878550755647398946967 2.2348156961076202043436983834745e-29
8.0337065649878550755647398946967 2.2348156961076202043436983834745e-29
-8.2742941470872090663546786163355 4.4697458344428948259257735083289e-31
8.2742941470872090663546786163355 4.4697458344428948259257735083289e-31
-8.5177583232401332835461035024972 7.5875981466260077940927789918951e-33
8.5177583232401332835461035024972 7.5875981466260077940927789918951e-33
-8.7643329577328281124444418936463 1.0842626381128173070299189714265e-34
8.7643329577328281124444418936463 1.0842626381128173070299189714265e-34
-9.0142808372415579898171169614499 1.2922794919134817584116105773011e-36
9.0142808372415579898171169614499 1.2922794919134817584116105773011e-36
-9.2678992236538786582249717960154 1.2712364015219080575027789947229e-38
9.2678992236538786582249717960154 1.2712364015219080575027789947229e-38
-9.5255268647413455098044887771969 1.0199300069374183496831580808348e-40
9.5255268647413455098044887771969 1.0199300069374183496831580808348e-40
-9.7875529641744943435072317154596 6.5834566491740685416484765533552e-43
9.7875529641744943435072317154596 6.5834566491740685416484765533552e-43
-10.054428831215711496518528603631 3.3652104040755539680424306849336e-45
10.054428831215711496518528603631 3.3652104040755539680424306849336e-45
-10.326683268027864542686670647226 1.3372947653240361977039319978171e-47
10.326683268027864542686670647226 1.3372947653240361977039319978171e-47
-10.604943287993811535051815048517 4.0423080380261721366647151807041e-50
10.604943287993811535051815048517 4.0423080380261721366647151807041e-50
-10.88996263500593852241911632119 9.0550269871979259566908705003889e-53
10.88996263500593852241911632119 9.0550269871979259566908705003889e-53
-11.182662061890453053203333823023 1.4562812961539408111250671307374e-55
11.182662061890453053203333823023 1.4562812961539408111250671307374e-55
-11.484187962287965942079210954864 1.6168482075284087569081845815904e-58
11.484187962287965942079210954864 1.6168482075284087569081845815904e-58
-11.796000859913662024442481942436 1.1793052736766252966295220655589e-61
11.796000859913662024442481942436 1.1793052736766252966295220655589e-61
-12.120014970184143917061460490218 5.2981258920310583772916456647224e-65
12.120014970184143917061460490218 5.2981258920310583772916456647224e-65
-12.458830729659517860788335405672 1.3442523656293099703989953284751e-68
12.458830729659517860788335405672 1.3442523656293099703989953284751e-68
-12.816150525975973101445339525291 1.7046189545614824432388357140557e-72
12.816150525975973101445339525291 1.7046189545614824432388357140557e-72
-13.197595467366467691848935458596 8.9943320432038661191414575998985e-77
13.197595467366467691848935458596 8.9943320432038661191414575998985e-77
-13.612539492279214575727016889351 1.4612038470881769270474209148322e-81
13.612539492279214575727016889351 1.4612038470881769270474209148322e-81
-14.079178637349177007858890452575 4.1175713624148808210411837774782e-87
14.079178637349177007858890452575 4.1175713624148808210411837774782e-87
-14.645158053651028371829159410763 4.6632605618347507423096031055894e-94
14.645158053651028371829159410763 4.6632605618347507423096031055894e-94
