98
2
-0.11191506937570594434653045999168 0.22104883827723224896649130863239
0.11191506937570594434653045999168 0.22104883827723224896649130863239
-0.33577367894853462648894991850932 0.20002035034474046912479362508489
0.33577367894853462648894991850932 0.20002035034474046912479362508489
-0.55971779524889245954912284673293 0.16375781072963548277029002781323
0.55971779524889245954912284673293 0.16375781072963548277029002781323
-0.78380473788493385074253168512038 0.12127838443962274280838966192078
0.78380473788493385074253168512038 0.12127838443962274280838966192078
-1.0080923023599292398508123407428 0.081224149327039990097480887982357
1.0080923023599292398508123407428 0.081224149327039990097480887982357
-1.2326389569154106601024076699634 0.049173217905643054333440122758687
1.2326389569154106601024076699634 0.049173217905643054333440122758687
-1.4575040460115226701378174724438 0.026896050260216098495373718951837
1.4575040460115226701378174724438 0.026896050260216098495373718951837
-1.6827480025638228877033210423595 0.013282862169963881297033780479378
1.6827480025638228877033210423595 0.013282862169963881297033780479378
-1.9084325712330620671863357104578 0.0059185523609855760908647174022492
1.9084325712330620671863357104578 0.0059185523609855760908647174022492
-2.1346210452930162639867750717669 0.0023773109222215030065383296689428
2.1346210452930162639867750717669 0.0023773109222215030065383296689428
-2.3613785198892869247322167238697 0.00085995448443042453494481551205761
2.3613785198892869247322167238697 0.00085995448443042453494481551205761
-2.588772164859568505438273416779 0.00027983364446273335749710252865668
2.588772164859568505438273416779 0.00027983364446273335749710252865668
-2.8168715207266258497428019543633 0.000081811800690556381446717034773828
2.8168715207266258497428019543633 0.000081811800690556381446717034773828
-3.0457488220163002848995831611275 0.000021459377904439361479967172271798
3.0457488220163002848995831611275 0.000021459377904439361479967172271798
-3.275479352716244978266921218377 5.0423148877264589917345059004854e-6
3.275479352716244978266921218377 5.0423148877264589917345059004854e-6
-3.5061418395049327546851429307518 1.0595200143943219030415521076446e-6
3.5061418395049327546851429307518 1.0595200143943219030415521076446e-6
-3.7378188893809933866990989742352 1.9871572271899854432948915742871e-7
3.7378188893809933866990989742352 1.9871572271899854432948915742871e-7
-3.9705974795569131225271921336786 3.3196572232173232711254689782123e-8
3.9705974795569131225271921336786 3.3196572232173232711254689782123e-8
-4.2045695090093800309633135624614 4.9282840753506702586166216532431e-9
4.2045695090093800309633135624614 4.9282840753506702586166216532431e-9
-4.4398324229806451502076406246551 6.4855152005816768984433079816536e-10
4.4398324229806451502076406246551 6.4855152005816768984433079816536e-10
-4.6764899241060433440073704627587 7.544596901897431760230083223031e-11
4.6764899241060433440073704627587 7.544596901897431760230083223031e-11
-4.9146527868415713456890311836146 7.7347769030962537933384838951396e-12
4.9146527868415713456890311836146 7.7347769030962537933384838951396e-12
-5.1544397956688068682028723993766 6.9650658814204987006819030265298e-13
5.1544397956688068682028723993766 6.9650658814204987006819030265298e-13
-5.3959788324149327510376423897385 5.4886703549371775393725343268377e-14
5.3959788324149327510376423897385 5.4886703549371775393725343268377e-14
-5.6394081442881158793583473661404 3.7697131696053586764245993793644e-15
5.6394081442881158793583473661404 3.7697131696053586764245993793644e-15
-5.8848778323693086260513363238241 2.2464616952810802567468558842872e-16
5.8848778323693086260513363238241 2.2464616952810802567468558842872e-16
-6.1325516109861772637924385010207 1.1557955215268891853633928337208e-17
6.1325516109861772637924385010207 1.1557955215268891853633928337208e-17
-6.3826089025647789031570262997132 5.1057396537974844155221721434092e-19
6.3826089025647789031570262997132 5.1057396537974844155221721434092e-19
-6.6352473515597936974918434495492 1.9247067870562749540444985609504e-20
6.6352473515597936974918434495492 1.9247067870562749540444985609504e-20
-6.8906858668688690517916919986437 6.1491894101105058252653530017195e-22
6.8906858668688690517916919986437 6.1491894101105058252653530017195e-22
-7.1491683376448563911953607657146 1.6522412624655697304673699459073e-23
7.1491683376448563911953607657146 1.6522412624655697304673699459073e-23
-7.4109682169993917753171721171635 3.701345629364787821310157845795e-25
7.4109682169993917753171721171635 3.701345629364787821310157845795e-25
-7.676394238438291888763210490467 6.8454256421150215051283812832678e-27
7.676394238438291888763210490467 6.8454256421150215051283812832678e-27
-7.945797631464273713245399343415 1.0335182999889456935822167303296e-28
7.945797631464273713245399343415 1.0335182999889456935822167303296e-28
-8.2195813524123775081162450988257 1.2575027798926463532125650820588e-30
8.2195813524123775081162450988257 1.2575027798926463532125650820588e-30
-8.4982120718321883302422055767048 1.2147369169275746395475617382667e-32
8.4982120718321883302422055767048 1.2147369169275746395475617382667e-32
-8.7822360072393446665966179148823 9.1548141716731020084280612747443e-35
8.7822360072393446665966179148823 9.1548141716731020084280612747443e-35
-9.0723002412708211695670196968792 5.2728051887222743315979266774374e-37
9.0723002412708211695670196968792 5.2728051887222743315979266774374e-37
-9.3691820677047515439587431370932 2.2642373940609257016215341996788e-39
9.3691820677047515439587431370932 2.2642373940609257016215341996788e-39
-9.6738304400421332803642530131228 7.0346474438869137209435363657131e-42
9.6738304400421332803642530131228 7.0346474438869137209435363657131e-42
-9.9874263117220846777731611076139 1.523554920089948535358829826024e-44
9.9874263117220846777731611076139 1.523554920089948535358829826024e-44
-10.311473712742933130378598796567 2.1945724897613932683235101258841e-47
10.311473712742933130378598796567 2.1945724897613932683235101258841e-47
-10.647943408373985590922209888966 1.9777901946758479824879537444437e-50
10.647943408373985590922209888966 1.9777901946758479824879537444437e-50
-10.999512285277630905172024893156 1.0271804264133993201014080176655e-53
10.999512285277630905172024893156 1.0271804264133993201014080176655e-53
-11.369991399473139832921058062239 2.7383297861243378800617578766454e-57
11.369991399473139832921058062239 2.7383297861243378800617578766454e-57
-11.765167072765909703427536483255 3.150504845494976649507708640156e-61
11.765167072765909703427536483255 3.150504845494976649507708640156e-61
-12.194689936989256396841315236505 1.1767736856635916973099670395549e-65
12.194689936989256396841315236505 1.1767736856635916973099670395549e-65
-12.677296963466634523302745697333 8.3020782212480710699150938830238e-71
12.677296963466634523302745697333 8.3020782212480710699150938830238e-71
-13.262064314547261946274544896603 2.7904525118677684750569235912928e-77
13.262064314547261946274544896603 2.7904525118677684750569235912928e-77
