65
2
0 0.27447822655926316737528862120493
-0.27450454175394475585505108707373 0.25462881185279010388764336592817
0.27450454175394475585505108707373 0.25462881185279010388764336592817
-0.54916721122159918457187283516079 0.20325057415444189774772873840936
0.54916721122159918457187283516079 0.20325057415444189774772873840936
-0.82414732440241286105598904770559 0.1395261394828439530077556210045
0.82414732440241286105598904770559 0.1395261394828439530077556210045
-1.0996066000569449503369922114988 0.082300163369735225154332698086723
1.0996066000569449503369922114988 0.082300163369735225154332698086723
-1.3757104277236683361308858143862 0.041661108762478439890951208987292
1.3757104277236683361308858143862 0.041661108762478439890951208987292
-1.6526292190403254101959869426749 0.018069433112703589006399924886958
1.6526292190403254101959869426749 0.018069433112703589006399924886958
-1.9305398759772255017779644288974 0.0067014045380057371394863370042364
1.9305398759772255017779644288974 0.0067014045380057371394863370042364
-2.2096274151691843636397207974498 0.0021199816320368416558051004525452
2.2096274151691843636397207974498 0.0021199816320368416558051004525452
-2.4900867953039355066525146137185 0.00057039896752377152472593117779145
2.4900867953039355066525146137185 0.00057039896752377152472593117779145
-2.7721250051570916738240124324191 0.00013008291629845120438243591963786
2.7721250051570916738240124324191 0.00013008291629845120438243591963786
-3.0559634843286710047199290435109 0.000025045342890495832120194662123075
3.0559634843286710047199290435109 0.000025045342890495832120194662123075
-3.3418409684468300534857653702621 4.0522493910237337609301234217432e-6
3.3418409684468300534857653702621 4.0522493910237337609301234217432e-6
-3.6300168776328953338074325699474 5.4804560350179949824404781984196e-7
3.6300168776328953338074325699474 5.4804560350179949824404781984196e-7
-3.9207754044447238073486614333257 6.1577962214505384859938065929161e-8
3.9207754044447238073486614333257 6.1577962214505384859938065929161e-8
-4.2144305099719546076622743322982 5.7075829327787749125036287793121e-9
4.2144305099719546076622743322982 5.7075829327787749125036287793121e-9
-4.5113321113682133852005378143989 4.3286561534485097482137926483483e-10
4.5113321113682133852005378143989 4.3286561534485097482137926483483e-10
-4.8118738520274647646937570195788 2.660865347792955484133197514336e-11
4.8118738520274647646937570195788 2.660865347792955484133197514336e-11
-5.1165030047214124740340593890297 1.3112516106390256943017202873505e-12
5.1165030047214124740340593890297 1.3112516106390256943017202873505e-12
-5.4257332976973493337787952000653 5.1139174817165244900998830283874e-14
5.4257332976973493337787952000653 5.1139174817165244900998830283874e-14
-5.7401618236902255214478584500424 1.5546635722380960494170281229583e-15
5.7401618236902255214478584500424 1.5546635722380960494170281229583e-15
-6.0604917788315052143184495811418 3.6181996190428648549293943452521e-17
6.0604917788315052143184495811418 3.6181996190428648549293943452521e-17
-6.3875637397870910876626493262908 6.3078910455860998789630394111898e-19
6.3875637397870910876626493262908 6.3078910455860998789630394111898e-19
-6.7223998201657344371326917123354 8.0222187354240312838311535000985e-21
6.7223998201657344371326917123354 8.0222187354240312838311535000985e-21
-7.0662679403068928369562664850034 7.2016107891350075783685403474884e-23
7.0662679403068928369562664850034 7.2016107891350075783685403474884e-23
-7.4207788343663242364854082249279 4.3769741948718469180922600417331e-25
7.4207788343663242364854082249279 4.3769741948718469180922600417331e-25
-7.7880390829895707825744696317699 1.7059115810758027314899782233095e-27
7.7880390829895707825744696317699 1.7059115810758027314899782233095e-27
-8.1709061780525853212987394683202 3.9632869870746868236183595918929e-30
8.1709061780525853212987394683202 3.9632869870746868236183595918929e-30
-8.5734447444179092051296159064902 4.9525862550205987921041810530904e-33
8.5734447444179092051296159064902 4.9525862550205987921041810530904e-33
-9.0018233229591330195737319307837 2.8541849032786262808377028500994e-36
9.0018233229591330195737319307837 2.8541849032786262808377028500994e-36
-9.4663293201553845620923021958326 5.8962844659789321923844771136164e-40
9.4663293201553845620923021958326 5.8962844659789321923844771136164e-40
-9.9869416916766847528951635186637 2.7076758452832763224508626156646e-44
9.9869416916766847528951635186637 2.7076758452832763224508626156646e-44
-10.616022981878281189057560236194 8.2516108132524464051868653687279e-50
10.616022981878281189057560236194 8.2516108132524464051868653687279e-50
