103
2
0 0.21835450988366485074749145460238
-0.21836289303147784071352551930863 0.20821116124461693694496613113014
0.21836289303147784071352551930863 0.20821116124461693694496613113014
-0.43677611509527068653192906248152 0.18051385843527276852090025849374
0.43677611509527068653192906248152 0.18051385843527276852090025849374
-0.6552901462336190290371035107328 0.14227374613665669033560175714516
0.6552901462336190290371035107328 0.14227374613665669033560175714516
-0.87395576983320977954763224669517 0.10191809344727090073469609276006
0.87395576983320977954763224669517 0.10191809344727090073469609276006
-1.092824227632178733344249147897 0.066337015149646861656539583667371
1.092824227632178733344249147897 0.066337015149646861656539583667371
-1.3119473787947486158518587377791 0.03921615072680805635588528918071
1.3119473787947486158518587377791 0.03921615072680805635588528918071
-1.5313778645213060236528299902905 0.021045743544451381217251393671811
1.5313778645213060236528299902905 0.021045743544451381217251393671811
-1.7511692797619354537560979680097 0.010247034345773999903231321341771
1.7511692797619354537560979680097 0.010247034345773999903231321341771
-1.9713763537322733861810304168138 0.0045234328605134651000620944528079
1.9713763537322733861810304168138 0.0045234328605134651000620944528079
-2.1920551410961067956458230811237 0.0018089687249742988974691337217899
2.1920551410961067956458230811237 0.0018089687249742988974691337217899
-2.4132632258847226184641504925322 0.00065478304395432563255511272855546
2.4132632258847226184641504925322 0.00065478304395432563255511272855546
-2.6350599404753995111371040470895 0.000214303440052109900287264514802
2.6350599404753995111371040470895 0.000214303440052109900287264514802
-2.8575066022592247936021460897868 0.000063348592408607098951922037660344
2.8575066022592247936021460897868 0.000063348592408607098951922037660344
-3.0806667710024973291555696406758 0.000016891865749199675166622268352664
3.0806667710024973291555696406758 0.000016891865749199675166622268352664
-3.3046065303600929140431894400042 4.0574245645905183048956785185835e-6
3.3046065303600929140431894400042 4.0574245645905183048956785185835e-6
-3.5293947975507334731586007335271 8.7658428229201178034106388305452e-7
3.5293947975507334731586007335271 8.7658428229201178034106388305452e-7
-3.7551036658752281205767894932679 1.7005133441347376871815750924487e-7
3.7551036658752281205767894932679 1.7005133441347376871815750924487e-7
-3.9818087855776475015842991973292 2.9567316716160825724521189397103e-8
3.9818087855776475015842991973292 2.9567316716160825724521189397103e-8
-4.2095897895522110692384560523321 4.5984942968861731718871943664975e-9
4.2095897895522110692384560523321 4.5984942968861731718871943664975e-9
-4.4385307716320363499305946713528 6.3831524130277351529020217600716e-10
4.4385307716320363499305946713528 6.3831524130277351529020217600716e-10
-4.6687208267203350484306894221738 7.8890516800983428658663605280065e-11
4.6687208267203350484306894221738 7.8890516800983428658663605280065e-11
-4.9002546639192408728724972735132 8.6584557144940645610540029062307e-12
4.9002546639192408728724972735132 8.6584557144940645610540029062307e-12
-5.1332333061803965825357778861781 8.4145383929577107498771987732515e-13
5.1332333061803965825357778861781 8.4145383929577107498771987732515e-13
-5.3677648929830541122741927321748 7.2181098533397383349664086653011e-14
5.3677648929830541122741927321748 7.2181098533397383349664086653011e-14
-5.6039656063250804146122118487638 5.4464951383584087279179713302981e-15
5.6039656063250804146122118487638 5.4464951383584087279179713302981e-15
-5.8419607451405371193049050072731 3.6013157967372982348549075275716e-16
5.8419607451405371193049050072731 3.6013157967372982348549075275716e-16
-6.0818859794767753742194153959685 2.0779783402868527491655916236702e-17
6.0818859794767753742194153959685 2.0779783402868527491655916236702e-17
-6.3238888238470228204105360646984 1.0414929706906439712753683939964e-18
6.3238888238470228204105360646984 1.0414929706906439712753683939964e-18
-6.5681303797817088681739655317965 4.5112507797361359520441962546231e-20
6.5681303797817088681739655317965 4.5112507797361359520441962546231e-20
-6.8147874116676045980337258484832 1.679242751769555254844414558608e-21
6.8147874116676045980337258484832 1.679242751769555254844414558608e-21
-7.0640548388279590901683446555836 5.3380455822881983884026831397232e-23
7.0640548388279590901683446555836 5.3380455822881983884026831397232e-23
-7.3161487524084931780102077631139 1.4390083206149622511957288750114e-24
7.3161487524084931780102077631139 1.4390083206149622511957288750114e-24
-7.5713101008750378441017032973592 3.263988150727387123599929001381e-26
7.5713101008750378441017032973592 3.263988150727387123599929001381e-26
-7.8298092371332200030099805683812 6.1744578340056106504537861984265e-28
7.8298092371332200030099805683812 6.1744578340056106504537861984265e-28
-8.0919515900932838819497306182422 9.6441699135756140687723246909224e-30
8.0919515900932838819497306182422 9.6441699135756140687723246909224e-30
-8.3580848243237327662122685637451 1.2296697906079939542907260208575e-31
8.3580848243237327662122685637451 1.2296697906079939542907260208575e-31
-8.6286079999230567422240036106549 1.2632131984833221490098148894511e-33
8.6286079999230567422240036106549 1.2632131984833221490098148894511e-33
-8.903983468259720874895447892406 1.0297652702618257348906502231461e-35
8.903983468259720874895447892406 1.0297652702618257348906502231461e-35
-9.1847525840655762897838291751052 6.5444038132327587947156828676694e-38
9.1847525840655762897838291751052 6.5444038132327587947156828676694e-38
-9.4715568613271649803721714431257 3.1751925459279828327948930306901e-40
9.4715568613271649803721714431257 3.1751925459279828327948930306901e-40
-9.7651670958633423747909881495 1.146949835444200192898102451567e-42
9.7651670958633423747909881495 1.146949835444200192898102451567e-42
-10.066524497824579471280785946727 2.9919651066058295467859620667315e-45
10.066524497824579471280785946727 2.9919651066058295467859620667315e-45
-10.376800570599058136203576843327 5.4278702104818140691852939537316e-48
10.376800570599058136203576843327 5.4278702104818140691852939537316e-48
-10.697487488847003762139991920419 6.5290610509647092174626109892562e-51
10.697487488847003762139991920419 6.5290610509647092174626109892562e-51
-11.030540650989795065891409929365 4.8944169739175052438611212155718e-54
11.030540650989795065891409929365 4.8944169739175052438611212155718e-54
-11.378616213805855425228490960382 2.1035897073764103621015391423624e-57
11.378616213805855425228490960382 2.1035897073764103621015391423624e-57
-11.745495813506074332596980206652 4.6092689309993287355984495054662e-61
11.745495813506074332596980206652 4.6092689309993287355984495054662e-61
-12.136921090287251029945498379819 4.3179663130754897537169873466387e-65
12.136921090287251029945498379819 4.3179663130754897537169873466387e-65
-12.562467887793944044950650904448 1.2953741930788708710114718218601e-69
12.562467887793944044950650904448 1.2953741930788708710114718218601e-69
-13.040726988796493918539795092644 7.1794482518789572960794006481009e-75
13.040726988796493918539795092644 7.1794482518789572960794006481009e-75
-13.620387729947743515098234330311 1.8135910007588707490964296379564e-81
13.620387729947743515098234330311 1.8135910007588707490964296379564e-81
