36
2
-0.1838533671058128003717909614816 0.35554007427370878643814188006509
0.1838533671058128003717909614816 0.35554007427370878643814188006509
-0.55190143329042282350275056293385 0.27170124700952747730337578267443
0.55190143329042282350275056293385 0.27170124700952747730337578267443
-0.92098180157075310825603909066062 0.15835545375116659338322520226652
0.92098180157075310825603909066062 0.15835545375116659338322520226652
-1.2918109588209239265149950102377 0.070104750105177684693407363744581
1.2918109588209239265149950102377 0.070104750105177684693407363744581
-1.6651500018434143319160886973878 0.023425767509731766411337487364318
1.6651500018434143319160886973878 0.023425767509731766411337487364318
-2.0418271835544202727362847511389 0.0058564259865595586338151899266555
2.0418271835544202727362847511389 0.0058564259865595586338151899266555
-2.4227660420535616095248522255453 0.00108253475668680260116147153347
2.4227660420535616095248522255453 0.00108253475668680260116147153347
-2.8090222351311036294431270994721 0.00014569615962636061112090661547143
2.8090222351311036294431270994721 0.00014569615962636061112090661547143
-3.2018339457881585590954662495174 0.000013997029220328963864567124753001
3.2018339457881585590954662495174 0.000013997029220328963864567124753001
-3.6026938571484756764131123056101 9.3555700897732523504739495085346e-7
3.6026938571484756764131123056101 9.3555700897732523504739495085346e-7
-4.0134565677494704201125875687758 4.207491323109070891579949140826e-8
4.0134565677494704201125875687758 4.207491323109070891579949140826e-8
-4.4365069701928573043766627265154 1.2178678209557233313412045935832e-9
4.4365069701928573043766627265154 1.2178678209557233313412045935832e-9
-4.8750399724670838479445370885112 2.1353541817845545182575865262908e-11
4.8750399724670838479445370885112 2.1353541817845545182575865262908e-11
-5.3335601071130637917210346311363 2.0809126742868741540267977318842e-13
5.3335601071130637917210346311363 2.0809126742868741540267977318842e-13
-5.8188632795055769540395188030493 9.9029016869063375726730533856956e-16
5.8188632795055769540395188030493 9.9029016869063375726730533856956e-16
-6.3422433309944120624968016199951 1.8615979878080024550865818175441e-18
6.3422433309944120624968016199951 1.8615979878080024550865818175441e-18
-6.9255989902599420456554954061933 9.2564030835583198388836296227557e-22
6.9255989902599420456554954061933 9.2564030835583198388836296227557e-22
-7.6263257540038942632001739732499 4.4471534175755800782961681413641e-26
7.6263257540038942632001739732499 4.4471534175755800782961681413641e-26
