80
2
-0.12379686317313209227373958218337 0.24383585380721183056393900323502
0.12379686317313209227373958218337 0.24383585380721183056393900323502
-0.37143774948304436122060055521175 0.21577494627433047337898419719962
0.37143774948304436122060055521175 0.21577494627433047337898419719962
-0.61922034962756717039065752745061 0.16893796927590193080452305261841
0.61922034962756717039065752745061 0.16893796927590193080452305261841
-0.86723992270397533180855892447537 0.11698073380429921321743064853432
0.86723992270397533180855892447537 0.11698073380429921321743064853432
-1.115592914603349066717807600583 0.071600747691843389104331287259262
1.115592914603349066717807600583 0.071600747691843389104331287259262
-1.3643774570540068386634190462853 0.038708599914837978429602266485495
1.3643774570540068386634190462853 0.038708599914837978429602266485495
-1.6136938918510608680176196769546 0.018465751154427887850377578237522
1.6136938918510608680176196769546 0.018465751154427887850377578237522
-1.8636453287449285262599344846425 0.0077640394053996414739870373099656
1.8636453287449285262599344846425 0.0077640394053996414739870373099656
-2.1143382465070100280082957415999 0.0028731975330897243410387309390981
2.1143382465070100280082957415999 0.0028731975330897243410387309390981
-2.3658831480742250652602713692939 0.00093431768696117686301352650179074
2.3658831480742250652602713692939 0.00093431768696117686301352650179074
-2.6183952824717841944861975692464 0.00026647788669335080673026949217554
2.6183952824717841944861975692464 0.00026647788669335080673026949217554
-2.8719954485287335507154590545577 0.000066517412418152904249261108481777
2.8719954485287335507154590545577 0.000066517412418152904249261108481777
-3.1268108983731297034979413918056 0.000014496444191129674753204602296759
3.1268108983731297034979413918056 0.000014496444191129674753204602296759
-3.3829763625124017841931900637478 2.7507246274012433266026310044252e-6
3.3829763625124017841931900637478 2.7507246274012433266026310044252e-6
-3.6406352232272089175901151213689 4.5305355658613020276385677017347e-7
3.6406352232272089175901151213689 4.5305355658613020276385677017347e-7
-3.8999408693873891946211561671746 6.4544629501196395813413413094982e-8
3.8999408693873891946211561671746 6.4544629501196395813413413094982e-8
-4.1610582741258366678717285431931 7.9229232891502558469674777136236e-9
4.1610582741258366678717285431931 7.9229232891502558469674777136236e-9
-4.4241658477651842945345955362295 8.3430559260867113091843414988991e-10
4.4241658477651842945345955362295 8.3430559260867113091843414988991e-10
-4.689457632952813492072109087742 7.4997199146582743026808239802429e-11
4.689457632952813492072109087742 7.4997199146582743026808239802429e-11
-4.9571459285134283650655124768476 5.7232797185020067006394825160142e-12
4.9571459285134283650655124768476 5.7232797185020067006394825160142e-12
-5.2274644551006763059183361925767 3.6848498201591206876581327583251e-13
5.2274644551006763059183361925767 3.6848498201591206876581327583251e-13
-5.5006722123151567189882161493919 1.9875208346984806375607119900603e-14
5.5006722123151567189882161493919 1.9875208346984806375607119900603e-14
-5.777058228061569708537166623504 8.9094610406662167275991017232245e-16
5.777058228061569708537166623504 8.9094610406662167275991017232245e-16
-6.0569474734510282276286831298551 3.2891620143645742233976636069203e-17
6.0569474734510282276286831298551 3.2891620143645742233976636069203e-17
-6.3407083213299852117979246478843 9.896528989620098910916251183592e-19
6.3407083213299852117979246478843 9.896528989620098910916251183592e-19
-6.6287620808576004536573988334363 2.3978402756178912830200123682099e-20
6.6287620808576004536573988334363 2.3978402756178912830200123682099e-20
-6.9215953729258183010650909138679 4.6134710745539323119269776248679e-22
6.9215953729258183010650909138679 4.6134710745539323119269776248679e-22
-7.2197764697589247215727785191787 6.9341198195288796130023553888641e-24
7.2197764697589247215727785191787 6.9341198195288796130023553888641e-24
-7.5239772908068677604220996082281 7.9851871981731725141238828666373e-26
7.5239772908068677604220996082281 7.9851871981731725141238828666373e-26
-7.8350036783292891712343531465444 6.8834570436337534423895111873755e-28
7.8350036783292891712343531465444 6.8834570436337534423895111873755e-28
-8.1538381574634572787786970255475 4.3178173430219709494430702968755e-30
8.1538381574634572787786970255475 4.3178173430219709494430702968755e-30
-8.4817021873215745282096451441347 1.902990610031916184030104102334e-32
8.4817021873215745282096451441347 1.902990610031916184030104102334e-32
-8.8201501286610528430495873001636 5.6371927794772497232900417739673e-35
8.8201501286610528430495873001636 5.6371927794772497232900417739673e-35
-9.1712174787264825904417117656727 1.0595146928277528864972285937058e-37
9.1712174787264825904417117656727 1.0595146928277528864972285937058e-37
-9.5376679163020612483964681423859 1.1692076998197467568630195418403e-40
9.5376679163020612483964681423859 1.1692076998197467568630195418403e-40
-9.9234351145692436238489212886442 6.7924330161545346519348632969488e-44
9.9234351145692436238489212886442 6.7924330161545346519348632969488e-44
-10.334491039538370891576863776414 1.7642057043388967726258211354937e-47
10.334491039538370891576863776414 1.7642057043388967726258211354937e-47
-10.78079647246915391688973656106 1.5671564937749462906256296245387e-51
10.78079647246915391688973656106 1.5671564937749462906256296245387e-51
-11.281694164989270439247565251074 2.8621845857327879210531828109108e-56
11.281694164989270439247565251074 2.8621845857327879210531828109108e-56
-11.887863560471147910127695035413 2.955774603298191719853113070208e-62
11.887863560471147910127695035413 2.955774603298191719853113070208e-62
