52
2
-0.15329626692045754207263523710441 0.29949402485158513382146964613903
0.15329626692045754207263523710441 0.29949402485158513382146964613903
-0.46002619243746076930976631846665 0.24835688537420784472863733025719
0.46002619243746076930976631846665 0.24835688537420784472863733025719
-0.76716990012409140191484009001042 0.17067182934440727724381345964226
0.76716990012409140191484009001042 0.17067182934440727724381345964226
-1.0750086571198576693407093129808 0.097064055572858794814683212130907
1.0750086571198576693407093129808 0.097064055572858794814683212130907
-1.3838320462108630158868642889777 0.045590184103438710986611631861136
1.3838320462108630158868642889777 0.045590184103438710986611631861136
-1.6939417005414364506205882760665 0.017635166965733323945563333723489
1.6939417005414364506205882760665 0.017635166965733323945563333723489
-2.0056554817328663848236821675354 0.005597702267934153816502161122049
2.0056554817328663848236821675354 0.005597702267934153816502161122049
-2.3193122827994569599036801080562 0.0014514479978625766447535830502111
2.3193122827994569599036801080562 0.0014514479978625766447535830502111
-2.6352776875892853370497256226183 0.00030574624681119037740712577634608
2.6352776875892853370497256226183 0.00030574624681119037740712577634608
-2.9539507925538844552702981837789 0.000051975998082926039609027394165274
2.9539507925538844552702981837789 0.000051975998082926039609027394165274
-3.2757726058076918453173425293893 7.074100498758211235098292251124e-6
3.2757726058076918453173425293893 7.074100498758211235098292251124e-6
-3.601236601018142192523047401902 7.6355680403038261887959178384681e-7
3.601236601018142192523047401902 7.6355680403038261887959178384681e-7
-3.9309022499573143651401131750859 6.4623052172885803393924826460165e-8
3.9309022499573143651401131750859 6.4623052172885803393924826460165e-8
-4.2654127388779194053280621122054 4.2306685774284413491807341984703e-9
4.2654127388779194053280621122054 4.2306685774284413491807341984703e-9
-4.6055186799962122338947091918209 2.1076390184671434121720872351952e-10
4.6055186799962122338947091918209 2.1076390184671434121720872351952e-10
-4.9521106229353725511329975280106 7.8326447571213183181691408753169e-12
4.9521106229353725511329975280106 7.8326447571213183181691408753169e-12
-5.3062648593656415197652964686453 2.1189539626185858272546092541639e-13
5.3062648593656415197652964686453 2.1189539626185858272546092541639e-13
-5.6693100068563682753494511605277 4.0473768240446902739774302662188e-15
5.6693100068563682753494511605277 4.0473768240446902739774302662188e-15
-6.0429274349196925406789266813263 5.2503117409059946408618518716624e-17
6.0429274349196925406789266813263 5.2503117409059946408618518716624e-17
-6.4293096331149813070477940891646 4.3966970036273189636829175280052e-19
6.4293096331149813070477940891646 4.3966970036273189636829175280052e-19
-6.8314241370686036015499876717675 2.2196939309444610169946130137044e-21
6.8314241370686036015499876717675 2.2196939309444610169946130137044e-21
-7.2534856216969725939376028034656 6.1353803600426264351771679365789e-24
7.2534856216969725939376028034656 6.1353803600426264351771679365789e-24
-7.7018840275679165339865037367163 8.0378813038410123066584178170137e-27
7.7018840275679165339865037367163 8.0378813038410123066584178170137e-27
-8.1872704197671576586608597072277 3.9415951369162797010992904195762e-30
8.1872704197671576586608597072277 3.9415951369162797010992904195762e-30
-8.730327458820910847501150906371 4.6271645012804446729340596958392e-34
8.730327458820910847501150906371 4.6271645012804446729340596958392e-34
-9.3852749632231395518963884660433 4.2115420614104887240355339958791e-39
9.3852749632231395518963884660433 4.2115420614104887240355339958791e-39
