111
2
0 0.21037554689061756763875970176011
-0.21038250619832912358334069024187 0.20128719075538344352608162195443
0.21038250619832912358334069024187 0.20128719075538344352608162195443
-0.42080678980376773040003971623026 0.17630458117164958863837573875201
0.42080678980376773040003971623026 0.17630458117164958863837573875201
-0.63131473620181970995459973367394 0.14134876449586564358856231261821
0.63131473620181970995459973367394 0.14134876449586564358856231261821
-0.84194844755040923880370102349287 0.10371107766286004556597405734838
0.84194844755040923880370102349287 0.10371107766286004556597405734838
-1.052750353217514758821865133285 0.069623487033404141506600416617248
1.052750353217514758821865133285 0.069623487033404141506600416617248
-1.2637633227153911278137483411709 0.042750896794915927710711429890198
1.2637633227153911278137483411709 0.042750896794915927710711429890198
-1.4750307820226600739925711576337 0.024000639085914941194841125093862
1.4750307820226600739925711576337 0.024000639085914941194841125093862
-1.6865968342381338250476039009127 0.012313597617381191707571849689332
1.6865968342381338250476039009127 0.012313597617381191707571849689332
-1.8985063855784826683612955028292 0.0057702467735466566690997570695442
1.8985063855784826683612955028292 0.0057702467735466566690997570695442
-2.1108052778175838050538738223184 0.0024681920354686036121541614773081
2.1108052778175838050538738223184 0.0024681920354686036121541614773081
-2.3235404283709327913420395890872 0.00096300903314221413408554758735938
2.3235404283709327913420395890872 0.00096300903314221413408554758735938
-2.5367599793568111410667030595413 0.00034245439902397220622995424384852
2.5367599793568111410667030595413 0.00034245439902397220622995424384852
-2.7505134571206763871754457010255 0.00011089473739894306316167453615136
2.7505134571206763871754457010255 0.00011089473739894306316167453615136
-2.9648519438950709162362958141275 0.000032668449881324673965611716358299
2.9648519438950709162362958141275 0.000032668449881324673965611716358299
-3.1798282634899459406957012948198 8.7455216612331378699688584537781e-6
3.1798282634899459406957012948198 8.7455216612331378699688584537781e-6
-3.3954971831747682427537680509163 2.1250386338304191632939356190983e-6
3.3954971831747682427537680509163 2.1250386338304191632939356190983e-6
-3.6119156342329621590401446746102 4.680664329978975467222956577024e-7
3.6119156342329621590401446746102 4.680664329978975467222956577024e-7
-3.8291429540521794156271037507937 9.3323608375261200641577711850573e-8
3.8291429540521794156271037507937 9.3323608375261200641577711850573e-8
-4.0472411530744241357944636391225 1.6816952694544965734315578235427e-8
4.0472411530744241357944636391225 1.6816952694544965734315578235427e-8
-4.2662752104856114900676448859678 2.7342851107604015157903275463878e-9
4.2662752104856114900676448859678 2.7342851107604015157903275463878e-9
-4.4863134031967472052105199017409 4.0039253602146767801334981237231e-10
4.4863134031967472052105199017409 4.0039253602146767801334981237231e-10
-4.7074276734866200739591729373292 5.2699881035077640969333301295808e-11
4.7074276734866200739591729373292 5.2699881035077640969333301295808e-11
-4.9296940416745816984721387456538 6.2212201579575762529343860427284e-12
4.9296940416745816984721387456538 6.2212201579575762529343860427284e-12
-5.153193071417859223047781091853 6.5714753453597443489195184698918e-13
5.153193071417859223047781091853 6.5714753453597443489195184698918e-13
-5.3780103967408359189686022634849 6.1952864130013554925633539133564e-14
5.3780103967408359189686022634849 6.1952864130013554925633539133564e-14
-5.6042373217821275187157250613953 5.1983189715882104854500711767218e-15
5.6042373217821275187157250613953 5.1983189715882104854500711767218e-15
-5.8319715065921491443227540495228 3.8703599993584538223596448502876e-16
5.8319715065921491443227540495228 3.8703599993584538223596448502876e-16
-6.06131775526604194049113379664 2.5485379935372644546671034544122e-17
6.06131775526604194049113379664 2.5485379935372644546671034544122e-17
-6.292388926437585880464183671228 1.4788148820660476033798798051444e-18
6.292388926437585880464183671228 1.4788148820660476033798798051444e-18
-6.5253069909368824546711551696942 7.5318707919556302563254353903547e-20
6.5253069909368824546711551696942 7.5318707919556302563254353903547e-20
-6.7602042675666438266969916886502 3.3525506308967911761333983413786e-21
6.7602042675666438266969916886502 3.3525506308967911761333983413786e-21
-6.9972248759462697298736391221669 1.2979585113660098917980756943428e-22
6.9972248759462697298736391221669 1.2979585113660098917980756943428e-22
-7.2365264558624688435933292641986 4.3478662125855446941964788948123e-24
7.2365264558624688435933292641986 4.3478662125855446941964788948123e-24
-7.4782822164736227820578008954073 1.2528407416044295557528240173191e-25
7.4782822164736227820578008954073 1.2528407416044295557528240173191e-25
-7.7226833973667372903789412751358 3.0854328584336110476754322680195e-27
7.7226833973667372903789412751358 3.0854328584336110476754322680195e-27
-7.9699422487875479154598680707505 6.4478013617260189785252258564657e-29
7.9699422487875479154598680707505 6.4478013617260189785252258564657e-29
-8.2202956732045891545151149071803 1.1341833636634171002867348236616e-30
8.2202956732045891545151149071803 1.1341833636634171002867348236616e-30
-8.4740097190111476054700832588333 1.6641520867485402998790200582989e-32
8.4740097190111476054700832588333 1.6641520867485402998790200582989e-32
-8.7313851861824337065364084650733 2.0159688321556279198636971752723e-34
8.7313851861824337065364084650733 2.0159688321556279198636971752723e-34
-8.9927647033681753954348113767762 1.992867492846824690934031841455e-36
8.9927647033681753954348113767762 1.992867492846824690934031841455e-36
-9.2585417826765301604717769430088 1.5861732912787207960383000140302e-38
9.2585417826765301604717769430088 1.5861732912787207960383000140302e-38
-9.5291725793451229553946970228395 1.0008264983377925373544676074473e-40
9.5291725793451229553946970228395 1.0008264983377925373544676074473e-40
-9.8051914243374681019694768080335 4.9161713392810533548191878466544e-43
9.8051914243374681019694768080335 4.9161713392810533548191878466544e-43
-10.087231738512564967829868602752 1.8401448448645033190046660199298e-45
10.087231738512564967829868602752 1.8401448448645033190046660199298e-45
-10.376054822035841553382648337209 5.1156622686963225799519252735204e-48
10.376054822035841553382648337209 5.1156622686963225799519252735204e-48
-10.672590515300061912033076623642 1.02388812588365029582819416679e-50
10.672590515300061912033076623642 1.02388812588365029582819416679e-50
-10.977996389349029258863131209027 1.4196212763395373625385824658462e-53
10.977996389349029258863131209027 1.4196212763395373625385824658462e-53
-11.293747081147553155496521134769 1.2986758900322191065521394947693e-56
11.293747081147553155496521134769 1.2986758900322191065521394947693e-56
-11.62177519482028072511881654409 7.3575399530377702250102146297337e-60
11.62177519482028072511881654409 7.3575399530377702250102146297337e-60
-11.964706072741593809902239673628 2.3705848077171193837082161755957e-63
11.964706072741593809902239673628 2.3705848077171193837082161755957e-63
-12.326277551871242637772435842599 3.8524845909450941770907668117534e-67
12.326277551871242637772435842599 3.8524845909450941770907668117534e-67
-12.712164683229910411677171457481 2.6377634936768395305405274983821e-71
12.712164683229910411677171457481 2.6377634936768395305405274983821e-71
-13.131831789217086684108027926219 5.6618251917675872094211073971955e-76
13.131831789217086684108027926219 5.6618251917675872094211073971955e-76
-13.603651625271074208977019244016 2.1696906628475957106186639882665e-81
13.603651625271074208977019244016 2.1696906628475957106186639882665e-81
-14.17573673088506952833289256069 3.539238840784890217471767647218e-88
14.17573673088506952833289256069 3.539238840784890217471767647218e-88
