31
2
0 0.39577855609860954514178381061063
-0.39594273647142311094670041663436 0.33877265789410772467570191987779
0.39594273647142311094670041663436 0.33877265789410772467570191987779
-0.7928769769153089396859303299883 0.21213278866876477987773563734308
0.7928769769153089396859303299883 0.21213278866876477987773563734308
-1.1918269983500464260821358649242 0.096717948160870453558033847888556
1.1918269983500464260821358649242 0.096717948160870453558033847888556
-1.593885860472139826138841945555 0.031847230731300332777208723533891
1.593885860472139826138841945555 0.031847230731300332777208723533891
-2.0002585489356389657975562598571 0.0074827999140351984834567800301573
2.0002585489356389657975562598571 0.0074827999140351984834567800301573
-2.4123177054804201051740184582119 0.0012336833073068882655175040231925
2.4123177054804201051740184582119 0.0012336833073068882655175040231925
-2.8316804533902054557015640151425 0.00013952090395047043382365375439623
2.8316804533902054557015640151425 0.00013952090395047043382365375439623
-3.2603207323135408104645401509648 0.000010498602757675606322812327920833
3.2603207323135408104645401509648 0.000010498602757675606322812327920833
-3.7007434032314694224497164589673 5.0437125589397997425374567163331e-7
3.7007434032314694224497164589673 5.0437125589397997425374567163331e-7
-4.1562717558181451724831352315314 1.4611988344910530735278032305536e-8
4.1562717558181451724831352315314 1.4611988344910530735278032305536e-8
-4.6315595063128599420667997654336 2.3524920032086416339859779532276e-10
4.6315595063128599420667997654336 2.3524920032086416339859779532276e-10
-5.1335955771123807045862968913996 1.8603735214521465243738089260338e-12
5.1335955771123807045862968913996 1.8603735214521465243738089260338e-12
-5.6739614446185883296332558789276 5.8995564987538729903843158937775e-15
5.6739614446185883296332558789276 5.8995564987538729903843158937775e-15
-6.275078704942860142703656781253 5.1106090079271564073942264116566e-18
6.275078704942860142703656781253 5.1106090079271564073942264116566e-18
-6.9956801237185402753248521473232 4.6189683944642050213294442697371e-22
6.9956801237185402753248521473232 4.6189683944642050213294442697371e-22
