125
2
0 0.19829478313399470560639767453948
-0.19829996084264420064991854377997 0.19066351798670752637212831891213
0.19829996084264420064991854377997 0.19066351798670752637212831891213
-0.39663100059735338442451231996087 0.16948290095730337747302895102063
0.39663100059735338442451231996087 0.16948290095730337747302895102063
-0.59502426155773708681189344450249 0.1392689024942516708984032286201
0.59502426155773708681189344450249 0.1392689024942516708984032286201
-0.79351101315811163230703306687135 0.10577887521500239805843601365305
0.79351101315811163230703306687135 0.10577887521500239805843601365305
-0.99212271649240339250995883891139 0.07424807107656865259410034301463
0.99212271649240339250995883891139 0.07424807107656865259410034301463
-1.1908910899840177482394813102022 0.048152169340609476561354710217571
1.1908910899840177482394813102022 0.048152169340609476561354710217571
-1.3898481766117782692689329199145 0.028845081137418657296724402686112
1.3898481766117782692689329199145 0.028845081137418657296724402686112
-1.5890264131159800318746293409441 0.015955521786480528908864334701409
1.5890264131159800318746293409441 0.015955521786480528908864334701409
-1.7884587016329879723282896160596 0.0081464528080591788831385477498895
1.7884587016329879723282896160596 0.0081464528080591788831385477498895
-1.9881784842371526731073876129397 0.0038375633568742848259692111082864
1.9881784842371526731073876129397 0.0038375633568742848259692111082864
-2.1882198209057539160214715877826 0.0016670890148279261016848666654831
2.1882198209057539160214715877826 0.0016670890148279261016848666654831
-2.3886174714670142998644915272491 0.00066748228082773552129372299670043
2.3886174714670142998644915272491 0.00066748228082773552129372299670043
-2.5894069821439308008340434069276 0.00024616923611611121138229954726926
2.5894069821439308008340434069276 0.00024616923611611121138229954726926
-2.7906247773689461564545790780513 0.000083569751965942639110103990509016
2.7906247773689461564545790780513 0.000083569751965942639110103990509016
-2.9923082576177760899488140703859 0.000026095502713919568726307676317838
2.9923082576177760899488140703859 0.000026095502713919568726307676317838
-3.1944959040967835450837358194086 7.4891717673847024221631675490761e-6
3.1944959040967835450837358194086 7.4891717673847024221631675490761e-6
-3.3972273912192828646078120186603 1.9736622489528537131859344125589e-6
3.3972273912192828646078120186603 1.9736622489528537131859344125589e-6
-3.6005437079246578482354796871923 4.7716606625319328246010878482505e-7
3.6005437079246578482354796871923 4.7716606625319328246010878482505e-7
-3.8044872890333412299317438711831 1.0572466663977351124906451630928e-7
3.8044872890333412299317438711831 1.0572466663977351124906451630928e-7
-4.0091021579943744706090519464815 2.1444167115213008025005773058584e-8
4.0091021579943744706090519464815 2.1444167115213008025005773058584e-8
-4.2144340825751491228928199125339 3.9769084715885948784363975646815e-9
4.2144340825751491228928199125339 3.9769084715885948784363975646815e-9
-4.4205307452707977296984520123252 6.734758271258614022928670391128e-10
4.4205307452707977296984520123252 6.734758271258614022928670391128e-10
-4.6274419304806682328397487173839 1.0399946851470702929644253481348e-10
4.6274419304806682328397487173839 1.0399946851470702929644253481348e-10
-4.8352197308201874177069237879111 1.4622404081860337390161875169625e-11
4.8352197308201874177069237879111 1.4622404081860337390161875169625e-11
-5.0439187753191462121607047261045 1.8688765345567519328653952109948e-12
5.0439187753191462121607047261045 1.8688765345567519328653952109948e-12
-5.2535964827157065495194827951576 2.1674951892336460535888286214953e-13
5.2535964827157065495194827951576 2.1674951892336460535888286214953e-13
-5.4643133436064263596484465255543 2.2768505441090676051949379694218e-14
5.4643133436064263596484465255543 2.2768505441090676051949379694218e-14
-5.6761332358780425751614683677058 2.1618705462400789971802125562707e-15
5.6761332358780425751614683677058 2.1618705462400789971802125562707e-15
-5.889123778654239070623419011896 1.8513770722928011047472997114607e-16
5.889123778654239070623419011896 1.8513770722928011047472997114607e-16
-6.103356730975447946051372151737 1.4266141735959711158127101963811e-17
6.103356730975447946051372151737 1.4266141735959711158127101963811e-17
-6.318908442637317549883503136016 9.8664119741289231977069490724129e-19
6.318908442637317549883503136016 9.8664119741289231977069490724129e-19
-6.5358603661027204425317377525478 6.1074208727145128264754941704415e-20
6.5358603661027204425317377525478 6.1074208727145128264754941704415e-20
-6.7542996402499814125786329280117 3.3737146353721557430095983701072e-21
6.7542996402499814125786329280117 3.3737146353721557430095983701072e-21
-6.9743197590276220264166214458927 1.6577060031062733727697995644869e-22
6.9743197590276220264166214458927 1.6577060031062733727697995644869e-22
-7.1960213409877330649367928384075 7.2198960174203910687703246652791e-24
7.1960213409877330649367928384075 7.2198960174203910687703246652791e-24
-7.4195130193460832817447972747369 2.7766379169834331311482078808101e-25
7.4195130193460832817447972747369 2.7766379169834331311482078808101e-25
-7.6449124769105987687853847653101 9.3899224442264188594008518333336e-27
7.6449124769105987687853847653101 9.3899224442264188594008518333336e-27
-7.8723476562632710439645705047047 2.7795790004929674488290821392195e-28
7.8723476562632710439645705047047 2.7795790004929674488290821392195e-28
-8.1019581834327867012722534297927 7.1663558200525024839329475765626e-30
8.1019581834327867012722534297927 7.1663558200525024839329475765626e-30
-8.3338970535972764012209440131579 1.6004068212453465595684219655631e-31
8.3338970535972764012209440131579 1.6004068212453465595684219655631e-31
-8.5683326410153497976826042276811 3.07706627987896425766128071873e-33
8.5683326410153497976826042276811 3.07706627987896425766128071873e-33
-8.8054511136991577830629907039912 5.0593403396438879287214810732239e-35
8.8054511136991577830629907039912 5.0593403396438879287214810732239e-35
-9.0454593582072008648244206394979 7.0606944403025216308397838386951e-37
9.0454593582072008648244206394979 7.0606944403025216308397838386951e-37
-9.2885885541431811624559181090791 8.2938969771247933772190222802315e-39
9.2885885541431811624559181090791 8.2938969771247933772190222802315e-39
-9.5350985857059980097551094524083 8.1233879274180947722733708170825e-41
9.5350985857059980097551094524083 8.1233879274180947722733708170825e-41
-9.7852835453915386438325719198245 6.5638401618336257944674246353401e-43
9.7852835453915386438325719198245 6.5638401618336257944674246353401e-43
-10.039478682788770683410078905121 4.3227155768632433040568603499745e-45
10.039478682788770683410078905121 4.3227155768632433040568603499745e-45
-10.298069295499929610369594017503 2.2882121049633097159207259346183e-47
10.298069295499929610369594017503 2.2882121049633097159207259346183e-47
-10.561502276097833434500081332969 9.5806542034973947597770687377221e-50
10.561502276097833434500081332969 9.5806542034973947597770687377221e-50
-10.830301363602338828418194808476 3.1138694261389587218165535996184e-52
10.830301363602338828418194808476 3.1138694261389587218165535996184e-52
-11.105087678592627493453568298238 7.6839475145597507915117955895291e-55
11.105087678592627493453568298238 7.6839475145597507915117955895291e-55
-11.386607989721912874393724221823 1.4019398864693805281598391781359e-57
11.386607989721912874393724221823 1.4019398864693805281598391781359e-57
-11.675774634136666267882863890113 1.8312341591411441544229319904204e-60
11.675774634136666267882863890113 1.8312341591411441544229319904204e-60
-11.97372362653762063120377990196 1.6455761362145280653421212108975e-63
11.97372362653762063120377990196 1.6455761362145280653421212108975e-63
-12.281902356552340065248300964508 9.6729013253985296904166664885426e-67
12.281902356552340065248300964508 9.6729013253985296904166664885426e-67
-12.602207896558658379520922155929 3.4833403833072062351482141281258e-70
12.602207896558658379520922155929 3.4833403833072062351482141281258e-70
-12.937217433362430279888603713935 7.0359072121746122684748736348782e-74
12.937217433362430279888603713935 7.0359072121746122684748736348782e-74
-13.290600230854311914627060771977 7.0395367135995197130608053313525e-78
13.290600230854311914627060771977 7.0395367135995197130608053313525e-78
-13.667926962814707757616716423388 2.8952659291405281329369908102162e-82
13.667926962814707757616716423388 2.8952659291405281329369908102162e-82
-14.078487037622647151786962498631 3.6027698446758952631525657454742e-87
14.078487037622647151786962498631 3.6027698446758952631525657454742e-87
-14.540311217817695025459565063614 7.562119868204138388441254187916e-93
14.540311217817695025459565063614 7.562119868204138388441254187916e-93
-15.100607651623634656485297299804 6.0350605284986901512148341853383e-100
15.100607651623634656485297299804 6.0350605284986901512148341853383e-100
