122
2
-0.10035476572283219553838065055294 0.19870103704081598123152735088628
0.10035476572283219553838065055294 0.19870103704081598123152735088628
-0.3010808015312456091294448299554 0.18334823578007440491097769916863
0.3010808015312456091294448299554 0.18334823578007440491097769916863
-0.50185638573956481105689358278417 0.15610147984994679291897261963939
0.50185638573956481105689358278417 0.15610147984994679291897261963939
-0.70271466854059366149197781339935 0.12261541377174217446848138261722
0.70271466854059366149197781339935 0.12261541377174217446848138261722
-0.90368897779154558505328047947395 0.088842708636296042913206691532867
0.90368897779154558505328047947395 0.088842708636296042913206691532867
-1.1048128916400250653096590258272 0.059366942312670859090440427967061
1.1048128916400250653096590258272 0.059366942312670859090440427967061
-1.3061203127337707301818853756763 0.036576106509803057035844845316015
1.3061203127337707301818853756763 0.036576106509803057035844845316015
-1.5076455445008546397252345713807 0.020770153886127504504943246149799
1.5076455445008546397252345713807 0.020770153886127504504943246149799
-1.7094233700136700428612199533127 0.010866914248342782639452681876278
1.7094233700136700428612199533127 0.010866914248342782639452681876278
-1.9114891339837409845171993700735 0.0052360833859067726086987729496537
1.9114891339837409845171993700735 0.0052360833859067726086987729496537
-2.113878828475895247213284521571 0.0023223308982827306452582389629547
2.113878828475895247213284521571 0.0023223308982827306452582389629547
-2.3166291829805913869824194659752 0.00094757899341760841673735855166965
2.3166291829805913869824194659752 0.00094757899341760841673735855166965
-2.5197777595433380351674141470619 0.00035547512496610780941289319405648
2.5197777595433380351674141470619 0.00035547512496610780941289319405648
-2.7233630537216097573046214276129 0.00012251950121646546368877296946418
2.7233630537216097573046214276129 0.00012251950121646546368877296946418
-2.9274246022241843752588131558021 0.000038767965827716025322551472601889
2.9274246022241843752588131558021 0.000038767965827716025322551472601889
-3.1320030981875178358304592433576 0.000011252541495603310349273210860383
3.1320030981875178358304592433576 0.000011252541495603310349273210860383
-3.3371405151612128216741534086658 2.9932498983590982605010268799825e-6
3.3371405151612128216741534086658 2.9932498983590982605010268799825e-6
-3.5428802410129705969812633874515 7.2898765543366559580835207394502e-7
3.5428802410129705969812633874515 7.2898765543366559580835207394502e-7
-3.7492672231264832967704878392746 1.6237364967913392888968873397266e-7
3.7492672231264832967704878392746 1.6237364967913392888968873397266e-7
-3.9563481264582307877204020728827 3.3038743448338118548179632984071e-8
3.9563481264582307877204020728827 3.3038743448338118548179632984071e-8
-4.1641715062468731445249192492141 6.1333415530708777569912526859685e-9
4.1641715062468731445249192492141 6.1333415530708777569912526859685e-9
-4.3727879974390057841564884440631 1.0373981456665371048401905207603e-9
4.3727879974390057841564884440631 1.0373981456665371048401905207603e-9
-4.5822505232162974694023109608529 1.5963585528134856021375691956809e-10
4.5822505232162974694023109608529 1.5963585528134856021375691956809e-10
-4.7926145253924430374833776662095 2.2313290142958778401537082955551e-11
4.7926145253924430374833776662095 2.2313290142958778401537082955551e-11
-5.0039382199076590556766862597136 2.8281489919728524234270032356259e-12
5.0039382199076590556766862597136 2.8281489919728524234270032356259e-12
-5.2162828812008784027746534471824 3.2444814316722088542424872999052e-13
5.2162828812008784027746534471824 3.2444814316722088542424872999052e-13
-5.4297131599071496274515863285558 3.3622360761897975553128460835068e-14
5.4297131599071496274515863285558 3.3622360761897975553128460835068e-14
-5.6442974391377128627324241793453 3.140638286593339429061617376641e-15
5.6442974391377128627324241793453 3.140638286593339429061617376641e-15
-5.8601082355882230123572576632465 2.6381930823541728404407770232654e-16
5.8601082355882230123572576632465 2.6381930823541728404407770232654e-16
-6.077222652932216581617479486704 1.9879461273563185577189235633877e-17
6.077222652932216581617479486704 1.9879461273563185577189235633877e-17
-6.2957228964512778648890178597729 1.3400866628758066692076474669968e-18
6.2957228964512778648890178597729 1.3400866628758066692076474669968e-18
-6.5156968597076492057357135290359 8.0577481866273192981217018348132e-20
6.5156968597076492057357135290359 8.0577481866273192981217018348132e-20
-6.7372387963808665875251273697416 4.307848693624415420107887334506e-21
6.7372387963808665875251273697416 4.307848693624415420107887334506e-21
-6.9604500933022755545828589252614 2.0406372113926961818091802402177e-22
6.9604500933022755545828589252614 2.0406372113926961818091802402177e-22
-7.1854401644106498809379958958526 8.5327296120896706226611780242741e-24
7.1854401644106498809379958958526 8.5327296120896706226611780242741e-24
-7.4123274900628552751740733762908 3.1364243262134502083886403864189e-25
7.4123274900628552751740733762908 3.1364243262134502083886403864189e-25
-7.6412408321991909373069236737128 1.00889307384327463405872423745e-26
7.6412408321991909373069236737128 1.00889307384327463405872423745e-26
-7.8723206637443442003160125961248 2.8259664729965604461570098815646e-28
7.8723206637443442003160125961248 2.8259664729965604461570098815646e-28
-8.1057208609652862896003216102243 6.8553849798951309825431713461536e-30
8.1057208609652862896003216102243 6.8553849798951309825431713461536e-30
-8.3416107212171426288628445929309 1.4316070974387092233527796139937e-31
8.3416107212171426288628445929309 1.4316070974387092233527796139937e-31
-8.5801773868921560647831896646995 2.556484413936791166312004865241e-33
8.5801773868921560647831896646995 2.556484413936791166312004865241e-33
-8.8216287813441008298642540600949 3.8749094400485293833456475002349e-35
8.8216287813441008298642540600949 3.8749094400485293833456475002349e-35
-9.0661971968977278201276610305257 4.9438860107309866564409534021908e-37
9.0661971968977278201276610305257 4.9438860107309866564409534021908e-37
-9.3141437229916676003138133121437 5.2602254003425176612115971271714e-39
9.3141437229916676003138133121437 5.2602254003425176612115971271714e-39
-9.5657637705148079001654446201897 4.6182598989606266950461979629384e-41
9.5657637705148079001654446201897 4.6182598989606266950461979629384e-41
-9.8213940466086184713595658772412 3.3057067086041991162768504175055e-43
9.8213940466086184713595658772412 3.3057067086041991162768504175055e-43
-10.081421478842227233085726527609 1.9026918231732351050153938816101e-45
10.081421478842227233085726527609 1.9026918231732351050153938816101e-45
-10.346294805375646064190162008078 8.6667923231988325089276881321651e-48
10.346294805375646064190162008078 8.6667923231988325089276881321651e-48
-10.616539883571753349827352974897 3.0664667336419988857038226429366e-50
10.616539883571753349827352974897 3.0664667336419988857038226429366e-50
-10.892780302181300381626027802495 8.2441788250065201156090101393343e-53
10.892780302181300381626027802495 8.2441788250065201156090101393343e-53
-11.175765754204675667640271052471 1.6403928051497664908129005024136e-55
11.175765754204675667640271052471 1.6403928051497664908129005024136e-55
-11.466412107936477752303287586254 2.3396177274687376887153258928993e-58
11.466412107936477752303287586254 2.3396177274687376887153258928993e-58
-11.765859735997485731595894090073 2.2990511219174683283602888743938e-61
11.765859735997485731595894090073 2.2990511219174683283602888743938e-61
-12.075561545881943887665060352648 1.4805274033206816415825782790264e-64
12.075561545881943887665060352648 1.4805274033206816415825782790264e-64
-12.397421815284704443436635122179 5.854414285848470528665707144226e-68
12.397421815284704443436635122179 5.854414285848470528665707144226e-68
-12.734027506319504984092038444544 1.3022823162971145918338727931375e-71
12.734027506319504984092038444544 1.3022823162971145918338727931375e-71
-13.089061813006202980595667919868 1.4403978976524112353241394113717e-75
13.089061813006202980595667919868 1.4403978976524112353241394113717e-75
-13.468116622389786185777062024815 6.5830036453652140816291578850562e-80
13.468116622389786185777062024815 6.5830036453652140816291578850562e-80
-13.88051689947640226755198787092 9.1706055028516506493177502520434e-85
13.88051689947640226755198787092 9.1706055028516506493177502520434e-85
-14.344362927004781772447138961616 2.1806296158267073081406748667087e-90
14.344362927004781772447138961616 2.1806296158267073081406748667087e-90
-14.907046657816621973047465592758 2.0184534275095374517856866728067e-97
14.907046657816621973047465592758 2.0184534275095374517856866728067e-97
