33
2
0 0.38378526651986380134960854362243
-0.38392601450840908377114548840149 0.33155200075074128228835278976353
0.38392601450840908377114548840149 0.33155200075074128228835278976353
-0.76870137975886859810722456130552 0.21349393115029183648825860519392
0.76870137975886859810722456130552 0.21349393115029183648825860519392
-1.1552002041267896135641248206315 0.10206907999554150079250552092074
1.1552002041267896135641248206315 0.10206907999554150079250552092074
-1.5443482612431218091430428875418 0.035987982318576974448686644843702
1.5443482612431218091430428875418 0.035987982318576974448686644843702
-1.9371545818222066164345222090772 0.0092656899706852333037258107202273
1.9371545818222066164345222090772 0.0092656899706852333037258107202273
-2.3347511515295151770853606977289 0.0017184546377609244568489795875512
2.3347511515295151770853606977289 0.0017184546377609244568489795875512
-2.7384458243513549069488705289912 0.00022544277059632741547955699996301
2.7384458243513549069488705289912 0.00022544277059632741547955699996301
-3.1497966817038253846128143878616 0.00002042368405142377324053298961801
3.1497966817038253846128143878616 0.00002042368405142377324053298961801
-3.5707219802327182856189033065834 1.2376933672012101359367727830143e-6
3.5707219802327182856189033065834 1.2376933672012101359367727830143e-6
-4.00367160995693141451378357174 4.8077456763231909801575826594049e-8
4.00367160995693141451378357174 4.8077456763231909801575826594049e-8
-4.4519111488328271900947387620621 1.128922247108331290858483571646e-9
4.4519111488328271900947387620621 1.128922247108331290858483571646e-9
-4.9200285205950082924113991026478 1.4739809370924886767665554344063e-11
4.9200285205950082924113991026478 1.4739809370924886767665554344063e-11
-5.4149290026141925399270907645383 9.4348141590149750345193158652719e-14
5.4149290026141925399270907645383 9.4348141590149750345193158652719e-14
-5.9480711820871444798136647758431 2.4077856795579944282458770706808e-16
5.9480711820871444798136647758431 2.4077856795579944282458770706808e-16
-6.5416554457380772609582660881143 1.6570947415336905104822604029063e-19
6.5416554457380772609582660881143 1.6570947415336905104822604029063e-19
-7.2538518220152006460797724446492 1.1533162185458845408220889075736e-23
7.2538518220152006460797724446492 1.1533162185458845408220889075736e-23
