78
2
-0.12536401469850445588076629098985 0.24682659213344755111015629077177
0.12536401469850445588076629098985 0.24682659213344755111015629077177
-0.37614226682388565366348246097187 0.2177439564163264554228690284783
0.37614226682388565366348246097187 0.2177439564163264554228690284783
-0.62707144915742814407299759770259 0.16942108833811196324937976431816
0.62707144915742814407299759770259 0.16942108833811196324937976431816
-0.8782530592481949680971122412173 0.11622011916471320510070203308209
0.8782530592481949680971122412173 0.11622011916471320510070203308209
-1.1297899248837725582291984772771 0.070246334697073002543708605636469
1.1297899248837725582291984772771 0.070246334697073002543708605636469
-1.3817867648795250859117786544069 0.037379964305875376935329985018509
1.3817867648795250859117786544069 0.037379964305875376935329985018509
-1.6343507796298868306287415200891 0.017493488621590259140172842681695
1.6343507796298868306287415200891 0.017493488621590259140172842681695
-1.8875922815137989853822822730709 0.007190957220422878828012005864745
1.8875922815137989853822822730709 0.007190957220422878828012005864745
-2.1416253765529732361891276277874 0.0025924825356809329527312692910633
2.1416253765529732361891276277874 0.0025924825356809329527312692910633
-2.3965687104578788303595896449013 0.00081827502694065655927178440579245
2.3965687104578788303595896449013 0.00081827502694065655927178440579245
-2.652546294463292723672109531417 0.00022565979982055703708949686584478
2.652546294463292723672109531417 0.00022565979982055703708949686584478
-2.909688429291070132346437834885 0.000054246298804851799585368645038402
2.909688429291070132346437834885 0.000054246298804851799585368645038402
-3.1681327493707793467365715463202 0.000011336998395832899562550500750473
3.1681327493707793467365715463202 0.000011336998395832899562550500750473
-3.4280254143563187862421776716975 2.0537028582318675593762841179905e-6
3.4280254143563187862421776716975 2.0537028582318675593762841179905e-6
-3.6895224813523546042578670912358 3.2138167253993431100899187454783e-7
3.6895224813523546042578670912358 3.2138167253993431100899187454783e-7
-3.9527914995987950261933996471909 4.3280820924798335123241268482591e-8
3.9527914995987950261933996471909 4.3280820924798335123241268482591e-8
-4.2180133803413133922421291017512 4.9945929385487233126602338383751e-9
4.2180133803413133922421291017512 4.9945929385487233126602338383751e-9
-4.4853846092140871193291811071899 4.9151895982232901524459803777677e-10
4.4853846092140871193291811071899 4.9151895982232901524459803777677e-10
-4.7551198880737861574831522102748 4.1025651516570171312920424491334e-11
4.7551198880737861574831522102748 4.1025651516570171312920424491334e-11
-5.0274553198842962509231948465549 2.8865604962002493439444496795449e-12
5.0274553198842962509231948465549 2.8865604962002493439444496795449e-12
-5.302652286966051493851976728774 1.7001957813551253942695910116028e-13
5.302652286966051493851976728774 1.7001957813551253942695910116028e-13
-5.5810022242153171662977850480611 8.3173189675615869460450449562873e-15
5.5810022242153171662977850480611 8.3173189675615869460450449562873e-15
-5.8628325617022552948347318417376 3.3490712214348587504211011872356e-16
5.8628325617022552948347318417376 3.3490712214348587504211011872356e-16
-6.1485142162283825302706160603991 1.0985973435649898943025941913935e-17
6.1485142162283825302706160603991 1.0985973435649898943025941913935e-17
-6.4384711663544185105961583282148 2.9010288549385137678897372588084e-19
6.4384711663544185105961583282148 2.9010288549385137678897372588084e-19
-6.7331928786770473253657927419503 6.0820538195831027571548958768189e-21
6.7331928786770473253657927419503 6.0820538195831027571548958768189e-21
-7.0332507130647266996786261680038 9.9604705585732540591900515388162e-23
7.0332507130647266996786261680038 9.9604705585732540591900515388162e-23
-7.3393200055543299505213229070082 1.2499248537371916082188185815852e-24
7.3393200055543299505213229070082 1.2499248537371916082188185815852e-24
-7.6522104625334560118140353680019 1.1744629608333272678242475168449e-26
7.6522104625334560118140353680019 1.1744629608333272678242475168449e-26
-7.9729090874349420181235551155597 8.0343028910788623995526663279987e-29
7.9729090874349420181235551155597 8.0343028910788623995526663279987e-29
-8.3026426739573100096099496948345 3.8645811266243405488973500378638e-31
8.3026426739573100096099496948345 3.8645811266243405488973500378638e-31
-8.6429721394539498320345030074162 1.2507839519363927845972210136368e-33
8.6429721394539498320345030074162 1.2507839519363927845972210136368e-33
-8.9959413381560336441049869008465 2.5723712996578304664101789501667e-36
8.9959413381560336441049869008465 2.5723712996578304664101789501667e-36
-9.3643250739262697890852858701441 3.1126000220971813725549543354805e-39
9.3643250739262697890852858701441 3.1126000220971813725549543354805e-39
-9.7520726523771372368945815216256 1.9884044482437266334360964184381e-42
9.7520726523771372368945815216256 1.9884044482437266334360964184381e-42
-10.165179617422121938777196628844 5.7021852730625310542654192497019e-46
10.165179617422121938777196628844 5.7021852730625310542654192497019e-46
-10.613646047709891550590913516164 5.626705361999539523312032886481e-50
10.613646047709891550590913516164 5.626705361999539523312032886481e-50
-11.116891363846698287733442327559 1.152993559639517657771462338175e-54
11.116891363846698287733442327559 1.152993559639517657771462338175e-54
-11.725797919515924973988655426845 1.3633833300019768651269622175467e-60
11.725797919515924973988655426845 1.3633833300019768651269622175467e-60
