14
2
-0.29174551067256207844611307579938 0.53640590971209014979492129677557
0.29174551067256207844611307579938 0.53640590971209014979492129677557
-0.8787137873293994161146793118608 0.27310560906424660335256918702561
0.8787137873293994161146793118608 0.27310560906424660335256918702561
-1.4766827311411408705835065442051 0.06850553422346520553871633123671
1.4766827311411408705835065442051 0.06850553422346520553871633123671
-2.0951832585077168157349727263032 0.0078500547264579443104864433460757
2.0951832585077168157349727263032 0.0078500547264579443104864433460757
-2.7484707249854025686249985241464 0.00035509261355192361048366107669065
2.7484707249854025686249985241464 0.00035509261355192361048366107669065
-3.4626569336022705502089173611504 4.7164843550189167488768895010524e-6
3.4626569336022705502089173611504 4.7164843550189167488768895010524e-6
-4.3044485704736318126212981003689 8.6285911681251579453204178342897e-9
4.3044485704736318126212981003689 8.6285911681251579453204178342897e-9
