54
2
-0.15045704292086297296476969521817 0.29419908452729192520859058034133
0.15045704292086297296476969521817 0.29419908452729192520859058034133
-0.4514962498062427320624829774481 0.24564247050424458727162374184115
0.4514962498062427320624829774481 0.24564247050424458727162374184115
-0.75291217747488709251532173367035 0.17114652799601409275012329611717
0.75291217747488709251532173367035 0.17114652799601409275012329611717
-1.0549605418738989338721953396284 0.099382787160472611675470742800722
1.0549605418738989338721953396284 0.099382787160472611675470742800722
-1.357904066244222484383960420288 0.048010306161295496375008875685493
1.357904066244222484383960420288 0.048010306161295496375008875685493
-1.6620156026589968217141194401224 0.019246441370539510221200859388001
1.6620156026589968217141194401224 0.019246441370539510221200859388001
-1.9675815973920670956539304942167 0.0063820594170464546054767705636201
1.9675815973920670956539304942167 0.0063820594170464546054767705636201
-2.2749060375416975723680242085874 0.0017435254219654910137634258842402
2.2749060375416975723680242085874 0.0017435254219654910137634258842402
-2.5843150518736275218211130312567 0.00039051617266315857198934366017902
2.5843150518736275218211130312567 0.00039051617266315857198934366017902
-2.8961623904571474802577473832311 0.000071294347272484865948819513514579
2.8961623904571474802577473832311 0.000071294347272484865948819513514579
-3.2108360825282938304184649169845 0.000010535444441825743427162187282269
3.2108360825282938304184649169845 0.000010535444441825743427162187282269
-3.5287666814910857611929050551603 1.2498100284112902213207457926274e-6
3.5287666814910857611929050551603 1.2498100284112902213207457926274e-6
-3.8504376683661064748643480606743 1.1786188465819040325975684291832e-7
3.8504376683661064748643480606743 1.1786188465819040325975684291832e-7
-4.1763988304784852127133624394134 8.7334448358337263426357380571195e-9
4.1763988304784852127133624394134 8.7334448358337263426357380571195e-9
-4.5072838118199010675529600462816 5.0147398704734680388651201262819e-10
4.5072838118199010675529600462816 5.0147398704734680388651201262819e-10
-4.8438336345819874707439684275869 2.1943984676810875528469019108459e-11
4.8438336345819874707439684275869 2.1943984676810875528469019108459e-11
-5.1869289795928895505354899085442 7.1713449978551800188972237026938e-13
5.1869289795928895505354899085442 7.1713449978551800188972237026938e-13
-5.5376356924033013317041736892767 1.7073406733468410756906762375699e-14
5.5376356924033013317041736892767 1.7073406733468410756906762375699e-14
-5.897270957641121499900504830838 2.8709892632049633876404378150741e-16
5.897270957641121499900504830838 2.8709892632049633876404378150741e-16
-6.2675031293697518237000693079738 3.2782519697898273343295465099891e-18
6.2675031293697518237000693079738 3.2782519697898273343295465099891e-18
-6.6505091785664929851644858501847 2.4146919999726878900012914474797e-20
6.6505091785664929851644858501847 2.4146919999726878900012914474797e-20
-7.04923709867837791083817707832 1.0706490586422139474676964378217e-22
7.04923709867837791083817707832 1.0706490586422139474676964378217e-22
-7.4678752834836213328884016373489 2.5923371557455913537728744974476e-25
7.4678752834836213328884016373489 2.5923371557455913537728744974476e-25
-7.9127752978124947498279618514948 2.9626275871495619962930077286651e-28
7.9127752978124947498279618514948 2.9626275871495619962930077286651e-28
-8.3945256233272021657549736221662 1.2587808691128592113636115940787e-31
8.3945256233272021657549736221662 1.2587808691128592113636115940787e-31
-8.9336883320961933434765468014504 1.2653200760169131064260935210909e-35
8.9336883320961933434765468014504 1.2653200760169131064260935210909e-35
-9.584165547523469793152468807881 9.61656976982995023690761085346e-41
9.584165547523469793152468807881 9.61656976982995023690761085346e-41
