112
2
-0.10472008864073031366895330464978 0.20715930730796243762297197601038
0.10472008864073031366895330464978 0.20715930730796243762297197601038
-0.31418068683720984058145149325284 0.18979412167575795804815466856045
0.31418068683720984058145149325284 0.18979412167575795804815466856045
-0.52370259959160721706275212280325 0.15929780439003280132993074183194
0.52370259959160721706275212280325 0.15929780439003280132993074183194
-0.73332687636947402525115962019553 0.12246902437683274641957640879177
0.73332687636947402525115962019553 0.12246902437683274641957640879177
-0.94309482762671604022181023421006 0.086226926941764963219353442948296
0.94309482762671604022181023421006 0.086226926941764963219353442948296
-1.1530481319262952402566965139258 0.055582763848207197717210903439223
1.1530481319262952402566965139258 0.055582763848207197717210903439223
-1.363228945824249904628964576408 0.032791967492410541685337953534239
1.363228945824249904628964576408 0.032791967492410541685337953534239
-1.5736800173872916461117114578878 0.01769876302616254017375562271737
1.5736800173872916461117114578878 0.01769876302616254017375562271737
-1.7844448042599628423566932824052 0.0087347828708895039986884763932345
1.7844448042599628423566932824052 0.0087347828708895039986884763932345
-1.9955675972702900980238298538 0.0039395573314086729740316994046816
1.9955675972702900980238298538 0.0039395573314086729740316994046816
-2.2070936506509248281521494110753 0.0016227318637929398342654369590223
2.2070936506509248281521494110753 0.0016227318637929398342654369590223
-2.4190693200603038131086258561105 0.00061000345990479867472567999082171
2.4190693200603038131086258561105 0.00061000345990479867472567999082171
-2.6315422097183796901401333886746 0.00020909754829024927154850389197725
2.6315422097183796901401333886746 0.00020909754829024927154850389197725
-2.8445613301276866334375518285312 0.000065298413383660045380334369869055
2.8445613301276866334375518285312 0.000065298413383660045380334369869055
-3.0581772680375410020314381468088 0.000018559162409889915856079656264711
3.0581772680375410020314381468088 0.000018559162409889915856079656264711
-3.2724423705327615188806393217654 4.7955457442440933608106872604413e-6
3.2724423705327615188806393217654 4.7955457442440933608106872604413e-6
-3.4874109453955424272392806220508 1.1251692413517765927227338178147e-6
3.4874109453955424272392806220508 1.1251692413517765927227338178147e-6
-3.7031394802088755417682107878321 2.3940078640211383615683569487178e-7
3.7031394802088755417682107878321 2.3940078640211383615683569487178e-7
-3.9196868830532363964442937189844 4.6125099246667959686395900932325e-8
3.9196868830532363964442937189844 4.6125099246667959686395900932325e-8
-4.1371147481089604724105373888978 8.0347791732043517499231575514345e-9
4.1371147481089604724105373888978 8.0347791732043517499231575514345e-9
-4.3554876500322482382017946677549 1.263272499494158829826863412013e-9
4.3554876500322482382017946677549 1.263272499494158829826863412013e-9
-4.5748734716450742855003006890107 1.7893870863289448259809307902867e-10
4.5748734716450742855003006890107 1.7893870863289448259809307902867e-10
-4.7953437702964458460042623278254 2.2788951363311508883503730696236e-11
4.7953437702964458460042623278254 2.2788951363311508883503730696236e-11
-5.0169741892502995604335906372332 2.6038192973897955696142583896121e-12
5.0169741892502995604335906372332 2.6038192973897955696142583896121e-12
-5.2398449216799987632081961806562 2.6627832873106255404367430315728e-13
5.2398449216799987632081961806562 2.6627832873106255404367430315728e-13
-5.4640412363607491529488454892554 2.4309836206138846423740068380771e-14
5.4640412363607491529488454892554 2.4309836206138846423740068380771e-14
-5.6896540760274731455681004203305 1.9757601287852913014470704922616e-15
5.6896540760274731455681004203305 1.9757601287852913014470704922616e-15
-5.9167807417097059355677948105439 1.4251779817419321719840359098387e-16
5.9167807417097059355677948105439 1.4251779817419321719840359098387e-16
-6.145525679303549114910065178339 9.093767977051716052321847909694e-18
6.145525679303549114910065178339 9.093767977051716052321847909694e-18
-6.3760013883766681691316749675944 5.1142598161040356830902304100185e-19
6.3760013883766681691316749675944 5.1142598161040356830902304100185e-19
-6.6083294779732271884560426727194 2.5250019651414734193061552997887e-20
6.6083294779732271884560426727194 2.5250019651414734193061552997887e-20
-6.842641900329549597787295117121 1.0896574554297960657244861486557e-21
6.842641900329549597787295117121 1.0896574554297960657244861486557e-21
-7.0790824013949308284365152587863 4.0906197763454014168925120569503e-23
7.0790824013949308284365152587863 4.0906197763454014168925120569503e-23
-7.3178082375274455329992148201219 1.3288244259481852019229214704134e-24
7.3178082375274455329992148201219 1.3288244259481852019229214704134e-24
-7.5589922216241453000074051116893 3.7135654602235300209021690793092e-26
7.5589922216241453000074051116893 3.7135654602235300209021690793092e-26
-7.8028251805712351526926962538541 8.8704657684440988009981257967868e-28
7.8028251805712351526926962538541 8.8704657684440988009981257967868e-28
-8.0495189311868411528568751753536 1.7980362370023622876390798657987e-29
8.0495189311868411528568751753536 1.7980362370023622876390798657987e-29
-8.2993099166213123760777212512541 3.0678714585911399520672497077783e-31
8.2993099166213123760777212512541 3.0678714585911399520672497077783e-31
-8.5524636937560092834680594041631 4.3662939232281991607364787506033e-33
8.5524636937560092834680594041631 4.3662939232281991607364787506033e-33
-8.809280531059465161554495299489 5.1304565438170531904069399610322e-35
8.809280531059465161554495299489 5.1304565438170531904069399610322e-35
-9.0701024758844157518200047565902 4.9189778171569000855696224967654e-37
9.0701024758844157518200047565902 4.9189778171569000855696224967654e-37
-9.3353223967607277604224523118789 3.7968846438903867810181322371831e-39
9.3353223967607277604224523118789 3.7968846438903867810181322371831e-39
-9.6053957268710530062556479388638 2.3230252252301682597850687750991e-41
9.6053957268710530062556479388638 2.3230252252301682597850687750991e-41
-9.8808559752619293764692658748529 1.1062614025677644263265704337195e-43
9.8808559752619293764692658748529 1.1062614025677644263265704337195e-43
-10.162335612194751891580168392999 4.013390202733597353178933417023e-46
10.162335612194751891580168392999 4.013390202733597353178933417023e-46
-10.450594818817531652073591435321 1.0810706995222240146837933175389e-48
10.450594818817531652073591435321 1.0810706995222240146837933175389e-48
-10.746562091821256217878778043336 2.09568991106918630950366929292e-51
10.746562091821256217878778043336 2.09568991106918630950366929292e-51
-11.051393351707577648340768278867 2.8129093907478832421698202738078e-54
11.051393351707577648340768278867 2.8129093907478832421698202738078e-54
-11.366561153620273449477936707539 2.4895722182830364851756573246399e-57
11.366561153620273449477936707539 2.4895722182830364851756573246399e-57
-11.693995391536458665245339767534 1.3635093884812102513287675671381e-60
11.693995391536458665245339767534 1.3635093884812102513287675671381e-60
-12.03631773960681743190699882972 4.2427446781122084742960683306661e-64
12.03631773960681743190699882972 4.2427446781122084742960683306661e-64
-12.397260816155137282696658335916 6.6500528211702104944302933957664e-68
12.397260816155137282696658335916 6.6500528211702104944302933957664e-68
-12.782491733501539465129905849447 4.3835962164608929959910039704514e-72
12.782491733501539465129905849447 4.3835962164608929959910039704514e-72
-13.201461514403193547706450651188 9.0350209598558812472536587518855e-77
13.201461514403193547706450651188 9.0350209598558812472536587518855e-77
-13.67251691131048478302138850908 3.3107952448159648826947003071331e-82
13.67251691131048478302138850908 3.3107952448159648826947003071331e-82
-14.243701683090397953681068024181 5.1213633747655763706031634152754e-89
14.243701683090397953681068024181 5.1213633747655763706031634152754e-89
