109
2
0 0.21228805186235045461729388086702
-0.21229533333143397779253136797899 0.20295366115211404087940526243529
0.21229533333143397779253136797899 0.20295366115211404087940526243529
-0.42463437886846974485224728395483 0.17733517017411178326192536061892
0.42463437886846974485224728395483 0.17733517017411178326192536061892
-0.63706096596817292619056178571298 0.14160263924602945994019924126694
0.63706096596817292619056178571298 0.14160263924602945994019924126694
-0.84961915920820163504305180125683 0.10331081665178682551124674648963
0.84961915920820163504305180125683 0.10331081665178682551124674648963
-1.0623533783056695130443200443471 0.068850165394430553136877367992309
1.0623533783056695130443200443471 0.068850165394430553136877367992309
-1.2753085208470012374474856886009 0.041898884894253131839484050149281
1.2753085208470012374474856886009 0.041898884894253131839484050149281
-1.4885300888347838922616547010727 0.023273293687959910502615334460147
1.4885300888347838922616547010727 0.023273293687959910502615334460147
-1.7020643201191177900032742189946 0.011793861247331697388597432149997
1.7020643201191177900032742189946 0.011793861247331697388597432149997
-1.9159583258608970649502949364494 0.0054493669764638620545507691271357
1.9159583258608970649502949364494 0.0054493669764638620545507691271357
-2.1302602352750179553813776577105 0.0022942465962944270321524397959355
2.1302602352750179553813776577105 0.0022942465962944270321524397959355
-2.3450193490255716325173348845103 0.00087945145983116609055234121953656
2.3450193490255716325173348845103 0.00087945145983116609055234121953656
-2.5602863027962389785763812938045 0.00030668682564469441038572099547274
2.5602863027962389785763812938045 0.00030668682564469441038572099547274
-2.7761132427418982727268888335024 0.000097203453180452856024589778662179
2.7761132427418982727268888335024 0.000097203453180452856024589778662179
-2.9925540147475453098359734620274 0.000027971738168589413870102725222293
2.9925540147475453098359734620274 0.000027971738168589413870102725222293
-3.2096643696850730669384816743545 7.2997812630458158185721655563576e-6
3.2096643696850730669384816743545 7.2997812630458158185721655563576e-6
-3.4275021871760828218585952786874 1.7254610364884848334438502185379e-6
3.4275021871760828218585952786874 1.7254610364884848334438502185379e-6
-3.646127720750731164880362801499 3.6889724023685668135753683411392e-7
3.646127720750731164880362801499 3.6889724023685668135753683411392e-7
-3.8656038677524992738569389188043 7.1228670517261791364289386548117e-8
3.8656038677524992738569389188043 7.1228670517261791364289386548117e-8
-4.0859964678941412448317206865007 1.2400464068693665562385630572045e-8
4.0859964678941412448317206865007 1.2400464068693665562385630572045e-8
-4.3073746350430025846199189105563 1.9430095134453010299764507979301e-9
4.3073746350430025846199189105563 1.9430095134453010299764507979301e-9
-4.5298111276324912029638635341023 2.7347438232977252292941936783037e-10
4.5298111276324912029638635341023 2.7347438232977252292941936783037e-10
-4.7533827640966916579709320465528 3.4501563168365355358699525612255e-11
4.7533827640966916579709320465528 3.4501563168365355358699525612255e-11
-4.9781708909532619000662482021271 3.892558677416694780919625100833e-12
4.9781708909532619000662482021271 3.892558677416694780919625100833e-12
-5.204261912675919546913027065111 3.9175124016391753417081123147009e-13
5.204261912675919546913027065111 3.9175124016391753417081123147009e-13
-5.4317478943805023473217842188704 3.5072844186621581347893190990695e-14
5.4317478943805023473217842188704 3.5072844186621581347893190990695e-14
-5.6607272507011200380287169131514 2.7849389834495979887178186277679e-15
5.6607272507011200380287169131514 2.7849389834495979887178186277679e-15
-5.8913055371925066667954748756067 1.9548969486564051968179557641143e-16
5.8913055371925066667954748756067 1.9548969486564051968179557641143e-16
-6.1235963643451118107142010905614 1.2087664560459021861422298303802e-17
6.1235963643451118107142010905614 1.2087664560459021861422298303802e-17
-6.3577224590892373778896289624294 6.5579821121284701151561843287599e-19
6.3577224590892373778896289624294 6.5579821121284701151561843287599e-19
-6.5938169048330700909787231573926 3.1084252235904914546733256876654e-20
6.5938169048330700909787231573926 3.1084252235904914546733256876654e-20
-6.8320245990954787987005242156718 1.281147309816958390090835691922e-21
6.8320245990954787987005242156718 1.281147309816958390090835691922e-21
-7.0725039783127077890314695227825 4.5675182897647707342971930433878e-23
7.0725039783127077890314695227825 4.5675182897647707342971930433878e-23
-7.3154290733448312742932817581093 1.4004790074896627930511019431463e-24
7.3154290733448312742932817581093 1.4004790074896627930511019431463e-24
-7.560991977911107791339263139762 3.6694695554120300202670413068925e-26
7.560991977911107791339263139762 3.6694695554120300202670413068925e-26
-7.8094058375754947229851919764609 8.1574699196787435416690802018031e-28
7.8094058375754947229851919764609 8.1574699196787435416690802018031e-28
-8.0609085018410502107136717195214 1.5263559111336739503678458249233e-29
8.0609085018410502107136717195214 1.5263559111336739503678458249233e-29
-8.3157670306912535036536970228737 2.3822649787982539335855570627492e-31
8.3157670306912535036536970228737 2.3822649787982539335855570627492e-31
-8.5742833161234957068061583241863 3.0699209573361882108074088226317e-33
8.5742833161234957068061583241863 3.0699209573361882108074088226317e-33
-8.8368011791635289124739567537089 3.2286335472886149668786884462215e-35
8.8368011791635289124739567537089 3.2286335472886149668786884462215e-35
-9.1037154500398185567967559089833 2.7344551836642102847630295850267e-37
9.1037154500398185567967559089833 2.7344551836642102847630295850267e-37
-9.3754837607621949422145535738921 1.8364466079421553260454631715434e-39
9.3754837607621949422145535738921 1.8364466079421553260454631715434e-39
-9.6526421211592031345342239308569 9.6052219657333161035607392901293e-42
9.6526421211592031345342239308569 9.6052219657333161035607392901293e-42
-9.9358258915767607770764719963443 3.8300452415564799729246467563993e-44
9.9358258915767607770764719963443 3.8300452415564799729246467563993e-44
-10.225798652986767686629765930246 1.1349953099138294913143226760524e-46
10.225798652986767686629765930246 1.1349953099138294913143226760524e-46
-10.523492982154454652073969874035 2.4233946264709037722153144346366e-49
10.523492982154454652073969874035 2.4233946264709037722153144346366e-49
-10.830069808875092091558995628032 3.587975876381739055886643574813e-52
10.830069808875092091558995628032 3.587975876381739055886643574813e-52
-11.147008003906419015159349890678 3.5092885496817996066052590410359e-55
11.147008003906419015159349890678 3.5092885496817996066052590410359e-55
-11.47624568030145644560388910222 2.1289805828565573116302018910378e-58
11.47624568030145644560388910222 2.1289805828565573116302018910378e-58
-11.820415634054808796028100253462 7.3601988558206360296890931239702e-62
11.820415634054808796028100253462 7.3601988558206360296890931239702e-62
-12.183266303224141415066004949401 1.2868308966878486396077344682865e-65
12.183266303224141415066004949401 1.2868308966878486396077344682865e-65
-12.570488862595591983716271661852 9.5134149540243436858400048596943e-70
12.570488862595591983716271661852 9.5134149540243436858400048596943e-70
-12.991574644085650941633400112344 2.2164453269063572025547892359359e-74
12.991574644085650941633400112344 2.2164453269063572025547892359359e-74
-13.464949210295045754141414217984 9.2973163909471402763218091733104e-80
13.464949210295045754141414217984 9.2973163909471402763218091733104e-80
-14.038864788757729721873187977497 1.688216737943223805525292412768e-86
14.038864788757729721873187977497 1.688216737943223805525292412768e-86
