43
2
0 0.33680296539275271674035101443682
-0.33687619662553302459285723545713 0.30086599386765978964481167886675
0.33687619662553302459285723545713 0.30086599386765978964481167886675
-0.67419327674231391411566809480853 0.21434349700188368301296925092183
0.67419327674231391411566809480853 0.21434349700188368301296925092183
-1.0123996845633197964032754553292 0.12156737988638807455734971777694
1.0123996845633197964032754553292 0.12156737988638807455734971777694
-1.3519593686708703714719577159412 0.054724809081874854392172490392284
1.3519593686708703714719577159412 0.054724809081874854392172490392284
-1.6933605309399098651652190438884 0.019468160151101705561965765878233
1.6933605309399098651652190438884 0.019468160151101705561965765878233
-2.0371256888641935768503964448587 0.0054414552932418168960105701588069
2.0371256888641935768503964448587 0.0054414552932418168960105701588069
-2.3838237072843598123629002086655 0.0011860700927674240877469670451114
2.3838237072843598123629002086655 0.0011860700927674240877469670451114
-2.7340846945379050389537593487964 0.00019972435671322895564234702373229
2.7340846945379050389537593487964 0.00019972435671322895564234702373229
-3.0886190396004187148858855359351 0.000025680573077056659959395011754725
3.0886190396004187148858855359351 0.000025680573077056659959395011754725
-3.4482424822200031018576225497321 2.4851377424115272375788935577278e-6
3.4482424822200031018576225497321 2.4851377424115272375788935577278e-6
-3.8139101240654274072859802569545 1.7777830445479700960853034446377e-7
3.8139101240654274072859802569545 1.7777830445479700960853034446377e-7
-4.1867640213660029217617999114371 9.1931960675404239441913702098506e-9
4.1867640213660029217617999114371 9.1931960675404239441913702098506e-9
-4.5682020755441553490864193882467 3.340717915317559390208331936606e-10
4.5682020755441553490864193882467 3.340717915317559390208331936606e-10
-4.9599816751949553142070946461446 8.2271061208164924228410438945893e-12
4.9599816751949553142070946461446 8.2271061208164924228410438945893e-12
-5.3643829011515566820529832225243 1.309210416658477750520417730222e-13
5.3643829011515566820529832225243 1.309210416658477750520417730222e-13
-5.784480314077557163997185533028 1.2622032209758185662991498219251e-15
5.784480314077557163997185533028 1.2622032209758185662991498219251e-15
-6.2246289668942206854221888973126 6.7308117032427445638169775808864e-18
6.2246289668942206854221888973126 6.7308117032427445638169775808864e-18
-6.6914198727121077472820058322542 1.7320753790913336853118177853419e-20
6.6914198727121077472820058322542 1.7320753790913336853118177853419e-20
-7.1958276123464342498981301024024 1.7203368260282003711223711446558e-23
7.1958276123464342498981301024024 1.7203368260282003711223711446558e-23
-7.7591530847325340407640464057882 4.3221460599339241002694291279805e-27
7.7591530847325340407640464057882 4.3221460599339241002694291279805e-27
-8.4372386310833762836922228833446 9.4863063412564384378103858855275e-32
8.4372386310833762836922228833446 9.4863063412564384378103858855275e-32
