53
2
0 0.30370259492878002634417364809119
-0.30374624334991530215734997256838 0.27705564403537369561974316603962
0.30374624334991530215734997256838 0.27705564403537369561974316603962
-0.60775496588729694722310198283172 0.2102740062601030157884008609525
0.60775496588729694722310198283172 0.2102740062601030157884008609525
-0.91229161088998862961769380079944 0.13264501499247200889649143199811
0.91229161088998862961769380079944 0.13264501499247200889649143199811
-1.2176276482547365915427953539356 0.069436105549292517375519285480029
1.2176276482547365915427953539356 0.069436105549292517375519285480029
-1.5240438405087579033372401148578 0.030093535038790540811238500377791
1.5240438405087579033372401148578 0.030093535038790540811238500377791
-1.8318338313140425143080136362797 0.010765666029311372241240013483112
1.8318338313140425143080136362797 0.010765666029311372241240013483112
-2.1413081984302372101111217886874 0.0031668653729621100890343109666316
2.1413081984302372101111217886874 0.0031668653729621100890343109666316
-2.4527991478588034830573456208738 0.00076242846753151903430992858438856
2.4527991478588034830573456208738 0.00076242846753151903430992858438856
-2.766666076967538728900943327232 0.00014937604708376960528289103768133
2.766666076967538728900943327232 0.00014937604708376960528289103768133
-3.083302308939135670042693917839 0.000023654729185615274279070460996761
3.083302308939135670042693917839 0.000023654729185615274279070460996761
-3.4031434102599181483919218252056 3.0032131335980188979799514446322e-6
3.4031434102599181483919218252056 3.0032131335980188979799514446322e-6
-3.7266776654942124268440259389477 3.0275650879319485645284381961952e-7
3.7266776654942124268440259389477 3.0275650879319485645284381961952e-7
-4.0544595295034731960504194130932 2.3957838556591825004901130189174e-8
4.0544595295034731960504194130932 2.3957838556591825004901130189174e-8
-4.3871272577720728810207089064532 1.4678463337326444927504375538881e-9
4.3871272577720728810207089064532 1.4678463337326444927504375538881e-9
-4.7254265200961152685340901781407 6.8487736158296734296535507552999e-11
4.7254265200961152685340901781407 6.8487736158296734296535507552999e-11
-5.0702427937817158655809339958557 2.3852254108327115174349441347995e-12
5.0702427937817158655809339958557 2.3852254108327115174349441347995e-12
-5.4226470161614525809787272598075 6.0495805864229387827048317180064e-14
5.4226470161614525809787272598075 6.0495805864229387827048317180064e-14
-5.7839619604859458628502489825529 1.083544564024986725979195048065e-15
5.7839619604859458628502489825529 1.083544564024986725979195048065e-15
-6.1558623601311928747529959276452 1.3179732316466538216566975136093e-17
6.1558623601311928747529959276452 1.3179732316466538216566975136093e-17
-6.540532810875762839031445598846 1.0345305017520349066770611115053e-19
6.540532810875762839031445598846 1.0345305017520349066770611115053e-19
-6.9409309282147529551907855505972 4.8919455331107427293512237681371e-22
6.9409309282147529551907855505972 4.8919455331107427293512237681371e-22
-7.3612580683690459931400755151453 1.2648661239395421483826340475057e-24
7.3612580683690459931400755151453 1.2648661239395421483826340475057e-24
-7.8078847487003961357898105391694 1.5468771288046869767216763838581e-27
7.8078847487003961357898105391694 1.5468771288046869767216763838581e-27
-8.2914303867830105435966327111081 7.0570663748569784205865425733099e-31
8.2914303867830105435966327111081 7.0570663748569784205865425733099e-31
-8.8325166958454148505007212165324 7.6617679179706538130356444391649e-35
8.8325166958454148505007212165324 7.6617679179706538130356444391649e-35
-9.4852029643727302861703787768818 6.3684623398343919042049035504994e-40
9.4852029643727302861703787768818 6.3684623398343919042049035504994e-40
