44
2
-0.035289236964135359058196704631416 0.070549157789354068811338287480300
0.035289236964135359058196704631416 0.070549157789354068811338287480300
-0.10569190170865324711730584891512 0.070197685473558212587142041944399
0.10569190170865324711730584891512 0.070197685473558212587142041944399
-0.17556801477551678574650774938098 0.069496491861572578037084090925011
0.17556801477551678574650774938098 0.069496491861572578037084090925011
-0.24456945692820125150730243474052 0.068449070269366660985458660704350
0.24456945692820125150730243474052 0.068449070269366660985458660704350
-0.31235246650278581223654516357298 0.067060638906293652395704919351719
0.31235246650278581223654516357298 0.067060638906293652395704919351719
-0.37857935201470713251176467277220 0.065338114879181434984240894845622
0.37857935201470713251176467277220 0.065338114879181434984240894845622
-0.44292017452541148383482659364731 0.063290079733203854950138871019715
0.44292017452541148383482659364731 0.063290079733203854950138871019715
-0.50505439138820231798279835229118 0.060926736701561968038557836874374
0.50505439138820231798279835229118 0.060926736701561968038557836874374
-0.56467245318547076842463681938208 0.058259859877595495334210689844277
0.56467245318547076842463681938208 0.058259859877595495334210689844277
-0.62147734590357584780242469912177 0.055302735563728052548746632643153
0.62147734590357584780242469912177 0.055302735563728052548746632643153
-0.67518607066612236533369903856390 0.052070096091704461881231802993199
0.67518607066612236533369903856390 0.052070096091704461881231802993199
-0.72553105366071700260696493671995 0.048578046448352037527639436691293
0.72553105366071700260696493671995 0.048578046448352037527639436691293
-0.77226147924875589901775854923199 0.044843984081970031446243186403051
0.77226147924875589901775854923199 0.044843984081970031446243186403051
-0.81514453964513501048743763575194 0.040886512310346218908447169283068
0.81514453964513501048743763575194 0.040886512310346218908447169283068
-0.85396659500471037872830224129268 0.036725347813808873642909292348702
0.85396659500471037872830224129268 0.036725347813808873642909292348702
-0.88853423828604320233836791019032 0.032381222812069820880846939540112
0.88853423828604320233836791019032 0.032381222812069820880846939540112
-0.91867525998417577432300108669425 0.027875782821281010081114291779387
0.91867525998417577432300108669425 0.027875782821281010081114291779387
-0.94423950911819409920325465302699 0.023231481902019210628958262938731
0.94423950911819409920325465302699 0.023231481902019210628958262938731
-0.96509965042249313939439805058023 0.018471481736814749172042223743400
0.96509965042249313939439805058023 0.018471481736814749172042223743400
-0.98115183307791396666274900535049 0.013619586755579985520205066390061
0.98115183307791396666274900535049 0.013619586755579985520205066390061
-0.99231639213851580848333800361354 0.0087004813675248441225656234243131
0.99231639213851580848333800361354 0.0087004813675248441225656234243131
-0.99854020063677422493605672060665 0.0037454048031127775151737788317615
0.99854020063677422493605672060665 0.0037454048031127775151737788317615
