94
2
-0.016621185281526033776403068422556 0.033239308917815320800705241474046
0.016621185281526033776403068422556 0.033239308917815320800705241474046
-0.049845188003282920429641253038689 0.033202576618606863798766357852122
0.049845188003282920429641253038689 0.033202576618606863798766357852122
-0.083014107499202232824768723107025 0.033129152612546963216005173939686
0.083014107499202232824768723107025 0.033129152612546963216005173939686
-0.11609128925645442150044257023460 0.033019118039491655076670741901824
0.11609128925645442150044257023460 0.033019118039491655076670741901824
-0.14904018014031926152960540744256 0.032872594497129590726147713398168
0.14904018014031926152960540744256 0.032872594497129590726147713398168
-0.18182436878855094598157834225366 0.032689743906606307152528451964961
0.18182436878855094598157834225366 0.032689743906606307152528451964961
-0.21440762584907261054495407459614 0.032470768333587679484508444784101
0.21440762584907261054495407459614 0.032470768333587679484508444784101
-0.24675394401653425155529532137778 0.032215909764960307112818144914739
0.24675394401653425155529532137778 0.032215909764960307112818144914739
-0.27882757782349028604416359489311 0.031925449841415613925840750113180
0.27882757782349028604416359489311 0.031925449841415613925840750113180
-0.31059308314222418645421783927571 0.031599709546213200464773991812514
0.31059308314222418645421783927571 0.031599709546213200464773991812514
-0.34201535635356740583014701299441 0.031239048850467417882191117786170
0.34201535635356740583014701299441 0.031239048850467417882191117786170
-0.37305967313942783980613913540456 0.030843866315349187411106827997892
0.37305967313942783980613913540456 0.030843866315349187411106827997892
-0.40369172685615894504846874833618 0.030414598651642712203281424697861
0.40369172685615894504846874833618 0.030414598651642712203281424697861
-0.43387766644636389339892279280457 0.029951720237143869200087989765408
0.43387766644636389339892279280457 0.029951720237143869200087989765408
-0.46358413384723927898944694044791 0.029455742592433676397191581194976
0.46358413384723927898944694044791 0.029455742592433676397191581194976
-0.49277830085411935404016791533213 0.028927213815606255842275210753159
0.49277830085411935404016791533213 0.028927213815606255842275210753159
-0.52142790539848394097855196824778 0.028366717976576106812729494326586
0.52142790539848394097855196824778 0.028366717976576106812729494326586
-0.54950128720034039975508824011327 0.027774874471634220620651047878233
0.54950128720034039975508824011327 0.027774874471634220620651047878233
-0.57696742275558162059258138870441 0.027152337338966564723882561748402
0.57696742275558162059258138870441 0.027152337338966564723882561748402
-0.60379595961965722272732067494734 0.026499794535891699196693932875881
0.60379595961965722272732067494734 0.026499794535891699196693932875881
-0.62995724994967319012954662548363 0.025817967178616728164402717929830
0.62995724994967319012954662548363 0.025817967178616728164402717929830
-0.65542238326785525543598939300232 0.025107608745352405128580344841857
0.65542238326785525543598939300232 0.025107608745352405128580344841857
-0.68016321841017262103225420143305 0.024369504243668988306346566168485
0.68016321841017262103225420143305 0.024369504243668988306346566168485
-0.70415241462482024144559788433508 0.023604469343014382280507866889050
0.70415241462482024144559788433508 0.023604469343014382280507866889050
-0.72736346178619905939463672078896 0.022813349473355236410012070975246
0.72736346178619905939463672078896 0.022813349473355236410012070975246
-0.74977070969101351721879163082992 0.021997018890940077173397226087643
0.74977070969101351721879163082992 0.021997018890940077173397226087643
-0.77134939640412369938745390875780 0.021156379712221389815045280290546
0.77134939640412369938745390875780 0.021156379712221389815045280290546
-0.79207567562284516570144047045414 0.020292360917011132179888428918420
0.79207567562284516570144047045414 0.020292360917011132179888428918420
-0.81192664302948288314549528955790 0.019405917321982004886051800026087
0.81192664302948288314549528955790 0.019405917321982004886051800026087
-0.83088036160301737797928866644815 0.018498028525665910953809255591495
0.83088036160301737797928866644815 0.018498028525665910953809255591495
-0.84891588586203340015019040313714 0.017569697826143251998725577000193
0.84891588586203340015019040313714 0.017569697826143251998725577000193
-0.86601328501219867327772920120706 0.016621951112665496638328752427813
0.86601328501219867327772920120706 0.016621951112665496638328752427813
-0.88215366497287226077144434718329 0.015655835732515557860022434178431
0.88215366497287226077144434718329 0.015655835732515557860022434178431
-0.89731918925876799257513373657899 0.014672419334499464204264545023850
0.89731918925876799257513373657899 0.014672419334499464204264545023850
-0.91149309869405748595607578693498 0.013672788690606878506440193315997
0.91149309869405748595607578693498 0.013672788690606878506440193315997
-0.92465972993795147468773434770574 0.012658048497638994444825113790019
0.92465972993795147468773434770574 0.012658048497638994444825113790019
-0.93680453280282537821092002472747 0.011629320161122414596074128371220
0.93680453280282537821092002472747 0.011629320161122414596074128371220
-0.94791408634876172290195449761412 0.010587740564954122236724351096211
0.94791408634876172290195449761412 0.010587740564954122236724351096211
-0.95797611374295502398795896421103 0.0095344608328651582500631702099134
0.95797611374295502398795896421103 0.0095344608328651582500631702099134
-0.96697949588134338894463196871004 0.0084706450945346359999096567993524
0.96697949588134338894463196871004 0.0084706450945346359999096567993524
-0.97491428379046504259831532229091 0.0073974692881423562008628784001736
0.97491428379046504259831532229091 0.0073974692881423562008628784001736
-0.98177170988337822972435149541703 0.0063161200910364482231076493010604
0.98177170988337822972435149541703 0.0063161200910364482231076493010604
-0.98754419832047978867884976227356 0.0052277942895077675453055217278160
0.98754419832047978867884976227356 0.0052277942895077675453055217278160
-0.99222537540087665845378622690547 0.0041336998754077764832971397875062
0.99222537540087665845378622690547 0.0041336998754077764832971397875062
-0.99581008420171887942319093432911 0.0030350658910386280273919560714943
0.99581008420171887942319093432911 0.0030350658910386280273919560714943
-0.99829443102168760624354676805811 0.0019332198887254189431176272760075
0.99829443102168760624354676805811 0.0019332198887254189431176272760075
-0.99967622295504979447846436674741 0.00083087161268216249464154632437511
0.99967622295504979447846436674741 0.00083087161268216249464154632437511
