95
2
0 0.032895807318380677932173986329811
-0.032889874530788938676985995672218 0.032878009597631948235576458224321
0.032889874530788938676985995672218 0.032878009597631948235576458224321
-0.065744160039749798572533081868810 0.032824635693699186693088884305060
0.065744160039749798572533081868810 0.032824635693699186693088884305060
-0.098527306014734857520206851656965 0.032735743360683932269196586719436
0.098527306014734857520206851656965 0.032735743360683932269196586719436
-0.13120383892128713614701710651516 0.032611428785982154256706533738329
0.13120383892128713614701710651516 0.032611428785982154256706533738329
-0.16373840058735593495194518844606 0.032451826486203259266859459429820
0.16373840058735593495194518844606 0.032451826486203259266859459429820
-0.19609578646318277849827095466594 0.032257109161614414347348348830240
0.19609578646318277849827095466594 0.032257109161614414347348348830240
-0.22824098371495810363821034100022 0.032027487509267695292957333099138
0.22824098371495810363821034100022 0.032027487509267695292957333099138
-0.26013920911102890946438559794917 0.031763209995012280290979001983538
0.26013920911102890946438559794917 0.031763209995012280290979001983538
-0.29175594665966207348505434345979 0.031464562584638402013217429855682
0.29175594665966207348505434345979 0.031464562584638402013217429855682
-0.32305698495763688927732241608018 0.031131868434443998256822603975147
0.32305698495763688927732241608018 0.031131868434443998256822603975147
-0.35400845420925330582336925658462 0.030765487541558914752957767691112
0.35400845420925330582336925658462 0.030765487541558914752957767691112
-0.38457686287569901084832344655127 0.030365816354405066777243672252985
0.38457686287569901084832344655127 0.030365816354405066777243672252985
-0.41472913391511851597214818753032 0.029933287343714112252400118134642
0.41472913391511851597214818753032 0.029933287343714112252400118134642
-0.44443264057417034046053168069920 0.029468368534566882375151464270803
0.44443264057417034046053168069920 0.029468368534566882375151464270803
-0.47365524169234377757058076694887 0.028971562999961011534841839239246
0.47365524169234377757058076694887 0.028971562999961011534841839239246
-0.50236531648083404332479697274702 0.028443408316454862613118837217597
0.50236531648083404332479697274702 0.028443408316454862613118837217597
-0.53053179873834328925690936745298 0.027884475982476914243093377831629
0.53053179873834328925690936745298 0.027884475982476914243093377831629
-0.55812421046678440394968240724602 0.027295370799930222665783818463382
0.55812421046678440394968240724602 0.027295370799930222665783818463382
-0.58511269485051408929235850359748 0.026676730219761354318968475882196
0.58511269485051408929235850359748 0.026676730219761354318968475882196
-0.61146804856341069607495826858006 0.026029223652202271532900610573098
0.61146804856341069607495826858006 0.026029223652202271532900610573098
-0.63716175336884002717972486051146 0.025353551742432012936599860502255
0.63716175336884002717972486051146 0.025353551742432012936599860502255
-0.66216600697831802626270093605739 0.024650445612442619976129684907602
0.66216600697831802626270093605739 0.024650445612442619976129684907602
-0.68645375313548220924348855485687 0.023920666069930610077075193249665
0.68645375313548220924348855485687 0.023920666069930610077075193249665
-0.70999871089282310580174298268473 0.023165002785071391749200193406347
0.70999871089282310580174298268473 0.023165002785071391749200193406347
-0.73277540304950211834271096929971 0.022384273436069391840419042444435
0.73277540304950211834271096929971 0.022384273436069391840419042444435
-0.75475918371949239225365651532542 0.021579322824411401206768669745624
0.75475918371949239225365651532542 0.021579322824411401206768669745624
-0.77592626500022395622683785059216 0.020751021960784901817908466805242
0.77592626500022395622683785059216 0.020751021960784901817908466805242
-0.79625374271289318866786278875343 0.019900267122657211244871650972869
0.79625374271289318866786278875343 0.019900267122657211244871650972869
-0.81571962118660965386022962089891 0.019027978884545706393070123889313
0.81571962118660965386022962089891 0.019027978884545706393070123889313
-0.83430283705960132220766736594763 0.018135101122045144107597008095463
0.83430283705960132220766736594763 0.018135101122045144107597008095463
-0.85198328207178428084195216864716 0.017222599990716984413339709858706
0.85198328207178428084195216864716 0.017222599990716984413339709858706
-0.86874182482412990474285779352439 0.016291462880991043265915585671327
0.86874182482412990474285779352439 0.016291462880991043265915585671327
-0.88456033148144055748154216575010 0.015342697350288356634592013235637
0.88456033148144055748154216575010 0.015342697350288356634592013235637
-0.89942168539639320374081973877992 0.014377330033659082083575082136842
0.89942168539639320374081973877992 0.014377330033659082083575082136842
-0.91330980563406734739787132729568 0.013396405534368285441365743746243
0.91330980563406734739787132729568 0.013396405534368285441365743746243
-0.92620966437771977563333796940896 0.012400985296116061040181502159170
0.92620966437771977563333796940896 0.012400985296116061040181502159170
-0.93810730319847803713625398072600 0.011392146459085844039242426651433
0.93810730319847803713625398072600 0.011392146459085844039242426651433
-0.94898984817429548204209492213507 0.010370980703116096840839844528017
0.94898984817429548204209492213507 0.010370980703116096840839844528017
-0.95884552384790944942766710114284 0.0093385930838763970867406221199531
0.95884552384790944942766710114284 0.0093385930838763970867406221199531
-0.96766366602219652411560894187490 0.0082961008745309902381460955486089
0.96766366602219652411560894187490 0.0082961008745309902381460955486089
-0.97543473341144091168614237457983 0.0072446324439331996726259038389778
0.97543473341144091168614237457983 0.0072446324439331996726259038389778
-0.98215031822162564610297086953165 0.0061853262610333237693117573229112
0.98215031822162564610297086953165 0.0061853262610333237693117573229112
-0.98780315590608128777160921026726 0.0051193303299277182800324455187986
0.98780315590608128777160921026726 0.0051193303299277182800324455187986
-0.99238713500350140448900739565682 0.0040478033163717599068796916005032
0.99238713500350140448900739565682 0.0040478033163717599068796916005032
-0.99589731118842340206151573545284 0.0029719242408181907184390502410764
0.99589731118842340206151573545284 0.0029719242408181907184390502410764
-0.99832995251674633161518502302173 0.0018929683779229357627786128812976
0.99832995251674633161518502302173 0.0018929683779229357627786128812976
-0.99968296770719201948357349962323 0.00081356424945411650105440403937736
0.99968296770719201948357349962323 0.00081356424945411650105440403937736
