117
2
0 0.026736716693045391213539061058883
-0.026733531283244978018148845911689 0.026727160691358330991610289717648
0.026733531283244978018148845911689 0.026727160691358330991610289717648
-0.053447952840118102969944339070106 0.026698499517141177357262985399228
0.053447952840118102969944339070106 0.026698499517141177357262985399228
-0.080124168604307924579661092268689 0.026650753658043173945673621296165
0.080124168604307924579661092268689 0.026650753658043173945673621296165
-0.10674310981985928673942516888382 0.026583957243873759049878081212552
0.10674310981985928673942516888382 0.026583957243873759049878081212552
-0.13328574867194717609190797190679 0.026498158022205827990427454249884
0.13328574867194717609190797190679 0.026498158022205827990427454249884
-0.15973311188838495151784633538016 0.026393417324244719498422087886301
0.15973311188838495151784633538016 0.026393417324244719498422087886301
-0.18606629430214429839212199262323 0.026269810020987324253171704453719
0.18606629430214429839212199262323 0.026269810020987324253171704453719
-0.21226647236519212178359375084256 0.026127424469702654739611397154775
0.21226647236519212178359375084256 0.026127424469702654739611397154775
-0.23831491760398439333472015945188 0.025966362450772134241206488152620
0.23831491760398439333472015945188 0.025966362450772134241206488152620
-0.26419301000699867252424516051722 0.025786739094934754125245094060186
0.26419301000699867252424516051722 0.025786739094934754125245094060186
-0.28988225133473560462119904980319 0.025588682800989107694698708694795
0.28988225133473560462119904980319 0.025588682800989107694698708694795
-0.31536427834267512021072489603919 0.025372335144011130885757752673158
0.31536427834267512021072489603919 0.025372335144011130885757752673158
-0.34062087590773528516768287655709 0.025137850774153160124707326751278
0.34062087590773528516768287655709 0.025137850774153160124707326751278
-0.36563399004885073098770992678906 0.024885397306096650899222711712618
0.36563399004885073098770992678906 0.024885397306096650899222711712618
-0.39038574083236328426950699662877 0.024615155199237582265098522347395
0.39038574083236328426950699662877 0.024615155199237582265098522347395
-0.41485843515299975692894518985374 0.024327317628690197863775169977633
0.41485843515299975692894518985374 0.024327317628690197863775169977633
-0.43903457938130079675720648591198 0.024022090347201298385539403128077
0.43903457938130079675720648591198 0.024022090347201298385539403128077
-0.46289689186846016790004733121734 0.023699691538073799155346870012758
0.46289689186846016790004733121734 0.023699691538073799155346870012758
-0.48642831529963576483341051075873 0.023360351659204695090345640341690
0.48642831529963576483341051075873 0.023360351659204695090345640341690
-0.50961202888690198902939481305901 0.023004313278348929209822129455757
0.50961202888690198902939481305901 0.023004313278348929209822129455757
-0.53243146039312775791001691339331 0.022631830899726935796119243141378
0.53243146039312775791001691339331 0.022631830899726935796119243141378
-0.55487029797818528972172089737400 0.022243170782099820953235278125819
0.55487029797818528972172089737400 0.022243170782099820953235278125819
-0.57691250185902183029262688719544 0.021838610748442247577437021695638
0.57691250185902183029262688719544 0.021838610748442247577437021695638
-0.59854231577525956889548110126139 0.021418439987349104713688109646320
0.59854231577525956889548110126139 0.021418439987349104713688109646320
-0.61974427825212803745633313150055 0.020982958846317959232840231489385
0.61974427825212803745633313150055 0.020982958846317959232840231489385
-0.64050323365267820340615510245450 0.020532478617055107352883386014197
0.64050323365267820340615510245450 0.020532478617055107352883386014197
-0.66080434301137815168315769919045 0.020067321312958761799013111952085
0.66080434301137815168315769919045 0.020067321312958761799013111952085
-0.68063309464134660320987984283030 0.019587819438938525008879228620052
0.68063309464134660320987984283030 0.019587819438938525008879228620052
-0.69997531450764243110392714172055 0.019094315753735808257120255535504
0.69997531450764243110392714172055 0.019094315753735808257120255535504
-0.71881717635919570654968611437415 0.018587163024915260667054797429738
0.71881717635919570654968611437415 0.018587163024915260667054797429738
-0.73714521161213852891604076948032 0.018066723776702572434688514054518
0.73714521161213852891604076948032 0.018066723776702572434688514054518
-0.75494631897747186756233581469161 0.017533370030849217683741195159548
0.75494631897747186756233581469161 0.017533370030849217683741195159548
-0.77220777382618777054484554799482 0.016987483040709813057313648906601
0.77220777382618777054484554799482 0.016987483040709813057313648906601
-0.78891723728515449487604542608974 0.016429453018722804193508226353446
0.78891723728515449487604542608974 0.016429453018722804193508226353446
-0.80506276505726532171196081374656 0.015859678857490180463418220495970
0.80506276505726532171196081374656 0.015859678857490180463418220495970
-0.82063281595955001059281835084946 0.015278567844656903700411060486872
0.82063281595955001059281835084946 0.015278567844656903700411060486872
-0.83561626017315105108865226107199 0.014686535371795794203010728173229
0.83561626017315105108865226107199 0.014686535371795794203010728173229
-0.85000238719927521778072010737844 0.014084004637508873425479556588498
0.85000238719927521778072010737844 0.014084004637508873425479556588498
-0.86378091351544472211697290484746 0.013471406344961833042861450116361
0.86378091351544472211697290484746 0.013471406344961833042861450116361
-0.87694198992659206620377032049371 0.012849178394074758838986613704452
0.87694198992659206620377032049371 0.012849178394074758838986613704452
-0.88947620860576962751387931622020 0.012217765568600149492053058540038
0.88947620860576962751387931622020 0.012217765568600149492053058540038
-0.90137460981948103598401417319364 0.011577619218329843936652638411357
0.90137460981948103598401417319364 0.011577619218329843936652638411357
-0.91262868833289021982868163928206 0.010929196936687970637741532065328
0.91262868833289021982868163928206 0.010929196936687970637741532065328
-0.92323039949043246386813053176914 0.010272962233991835191412255613288
0.92323039949043246386813053176914 0.010272962233991835191412255613288
-0.93317216496765311704159986965620 0.0096093842067055417652176940239091
0.93317216496765311704159986965620 0.0096093842067055417652176940239091
-0.94244687819045979086799641412451 0.0089389372030904043938110781465931
0.94244687819045979086799641412451 0.0089389372030904043938110781465931
-0.95104790941844672993414291890605 0.0082621004858118273770346439301521
0.95104790941844672993414291890605 0.0082621004858118273770346439301521
-0.95896911048965135923228763999403 0.0075793578923863061170860499987786
0.95896911048965135923228763999403 0.0075793578923863061170860499987786
-0.96620481922529647321872665446453 0.0068911974950691996290601361759371
0.96620481922529647321872665446453 0.0068911974950691996290601361759371
-0.97274986349539622313453419177247 0.0061981112634822835213838436824952
0.97274986349539622313453419177247 0.0061981112634822835213838436824952
-0.97859956495122913931252809139161 0.0055005947376321869034194293018993
0.97859956495122913931252809139161 0.0055005947376321869034194293018993
-0.98374974244337450676139946016416 0.0047991467312230520469596592927727
0.98374974244337450676139946016416 0.0047991467312230520469596592927727
-0.98819671517946472431321978981676 0.0040942691238950557513422948437549
0.98819671517946472431321978981676 0.0040942691238950557513422948437549
-0.99193730578962082059471083306313 0.0033864669428699211764172631237380
0.99193730578962082059471083306313 0.0033864669428699211764172631237380
-0.99496884390334613371613757714243 0.0026762495662545579669254092711411
0.99496884390334613371613757714243 0.0026762495662545579669254092711411
-0.99728917297013835786287401960597 0.0019641375889115190833635874263022
0.99728917297013835786287401960597 0.0019641375889115190833635874263022
-0.99889667815138928152039060940382 0.0012507134262255700350063733644911
0.99889667815138928152039060940382 0.0012507134262255700350063733644911
-0.99979056770707531175105685826252 0.00053745213402738919983020589073523
0.99979056770707531175105685826252 0.00053745213402738919983020589073523
