50
2
-0.031098338327188876112328989665949 0.062176616655347262321033107360613
0.031098338327188876112328989665949 0.062176616655347262321033107360613
-0.093174701560086140854450377639600 0.061936067420683243384087509780831
0.093174701560086140854450377639600 0.061936067420683243384087509780831
-0.15489058999814590207162862094111 0.061455899590316663756406786083915
0.15489058999814590207162862094111 0.061455899590316663756406786083915
-0.21600723687604175684728453261710 0.060737970841770216031750015384811
0.21600723687604175684728453261710 0.060737970841770216031750015384811
-0.27628819377953199032764527852113 0.059785058704265457509576405312585
0.27628819377953199032764527852113 0.059785058704265457509576405312585
-0.33550024541943735683698825729107 0.058600849813222445835122436630848
0.33550024541943735683698825729107 0.058600849813222445835122436630848
-0.39341431189756512739422925382382 0.057189925647728383723029315065993
0.39341431189756512739422925382382 0.057189925647728383723029315065993
-0.44980633497403878914713146777838 0.055557744806212517623567425612269
0.44980633497403878914713146777838 0.055557744806212517623567425612269
-0.50445814490746420165145913184914 0.053710621888996246523458797255665
0.50445814490746420165145913184914 0.053710621888996246523458797255665
-0.55715830451465005431552290962580 0.051655703069581138489905295840095
0.55715830451465005431552290962580 0.051655703069581138489905295840095
-0.60770292718495023918038179639183 0.049400938449466314921243580751433
0.60770292718495023918038179639183 0.049400938449466314921243580751433
-0.65589646568543936078162486400368 0.046955051303948432965633013634988
0.65589646568543936078162486400368 0.046955051303948432965633013634988
-0.70155246870682225108954625788366 0.044327504338803275492022286830394
0.70155246870682225108954625788366 0.044327504338803275492022286830394
-0.74449430222606853826053625268219 0.041528463090147697422411978964067
0.74449430222606853826053625268219 0.041528463090147697422411978964067
-0.78455583290039926390530519634099 0.038568756612587675244770150236386
0.78455583290039926390530519634099 0.038568756612587675244770150236386
-0.82158207085933594835625411087394 0.035459835615146154160734611000976
0.82158207085933594835625411087394 0.035459835615146154160734611000976
-0.85542976942994608461136264393476 0.032213728223578016648165827323004
0.85542976942994608461136264393476 0.032213728223578016648165827323004
-0.88596797952361304863754098246675 0.028842993580535198029906373113232
0.88596797952361304863754098246675 0.028842993580535198029906373113232
-0.91307855665579189308973564277166 0.025360673570012390440194878385443
0.91307855665579189308973564277166 0.025360673570012390440194878385443
-0.93665661894487793378087494727250 0.021780243170124792981592069062690
0.93665661894487793378087494727250 0.021780243170124792981592069062690
-0.95661095524280794299774564415662 0.018115560713489390351259943422355
0.95661095524280794299774564415662 0.018115560713489390351259943422355
-0.97286438510669207371334410460625 0.014380822761485574419378908927324
0.97286438510669207371334410460625 0.014380822761485574419378908927324
-0.98535408404800588230900962563249 0.010590548383650969263569681499241
0.98535408404800588230900962563249 0.010590548383650969263569681499241
-0.99403196943209071258510820042069 0.0067597991957454015027788781779850
0.99403196943209071258510820042069 0.0067597991957454015027788781779850
-0.99886640442007105018545944497422 0.0029086225531551409584007243428555
0.99886640442007105018545944497422 0.0029086225531551409584007243428555
