123
2
0 0.025437788727040262008757578949892
-0.025435045385475839700229556077688 0.025429558879866628268412168654580
0.025435045385475839700229556077688 0.025429558879866628268412168654580
-0.050853632851702284822449261499457 0.025404874663524480520356459152141
0.050853632851702284822449261499457 0.025404874663524480520356459152141
-0.076239315128638859093560748061660 0.025363752050104387585931714321543
0.076239315128638859093560748061660 0.025363752050104387585931714321543
-0.10157566623777228286938401744224 0.025306217648273888436876197299997
0.10157566623777228286938401744224 0.025306217648273888436876197299997
-0.12684629212065793020604923434349 0.025232308686060180740101902672542
0.12684629212065793020604923434349 0.025232308686060180740101902672542
-0.15203484124680719794296713816882 0.025142072986761483913353274406692
0.15203484124680719794296713816882 0.025142072986761483913353274406692
-0.17712501519405688466120621662852 0.025035568938002663682859939390408
0.17712501519405688466120621662852 0.025035568938002663682859939390408
-0.20210057919457448340497630114890 0.024912865453955141281144957847753
0.20210057919457448340497630114890 0.024912865453955141281144957847753
-0.22694537263967552799201154658807 0.024774041930745533627426428124750
0.22694537263967552799201154658807 0.024774041930745533627426428124750
-0.25164331953665578421844513382712 0.024619188195081878236748468231319
0.25164331953665578421844513382712 0.024619188195081878236748468231319
-0.27617843891087212706034282629590 0.024448404446130685360424238348403
0.27617843891087212706034282629590 0.024448404446130685360424238348403
-0.30053485514634137302226331083189 0.024261801190682427136166970642627
0.30053485514634137302226331083189 0.024261801190682427136166970642627
-0.32469680825816612019204447956036 0.024059499171647416503511712568729
0.32469680825816612019204447956036 0.024059499171647416503511712568729
-0.34864866409014076163027462918380 0.023841629289928344518689411604178
0.34864866409014076163027462918380 0.023841629289928344518689411604178
-0.37237492443093925196222066417554 0.023608332519720030703186987210032
0.37237492443093925196222066417554 0.023608332519720030703186987210032
-0.39586023704233889119040189808248 0.023359759817291194424948128025060
0.39586023704233889119040189808248 0.023359759817291194424948128025060
-0.41908940559299130980439786972100 0.023096072023307273309584131619226
0.41908940559299130980439786972100 0.023096072023307273309584131619226
-0.44204739949131295851111324267238 0.022817439758757494609367803675547
0.44204739949131295851111324267238 0.022817439758757494609367803675547
-0.46471936361113268493835638194851 0.022524043314553544651608838010725
0.46471936361113268493835638194851 0.022524043314553544651608838010725
-0.48709062790380337642188270737173 0.022216072534871277314472215643148
0.48709062790380337642188270737173 0.022216072534871277314472215643148
-0.50914671689055811780610668227235 0.021893726694310952350119732275511
0.50914671689055811780610668227235 0.021893726694310952350119732275511
-0.53087335902896880884400041304624 0.021557214368955495755686065416369
0.53087335902896880884400041304624 0.021557214368955495755686065416369
-0.55225649594744665753740925152977 0.021206753301410224805648034939926
0.55225649594744665753740925152977 0.021206753301410224805648034939926
-0.57328229154180936143899443533136 0.020842570259911377400881994570654
0.57328229154180936143899443533136 0.020842570259911377400881994570654
-0.59393714092802905400460040861540 0.020464900891594626746113400635658
0.59393714092802905400460040861540 0.020464900891594626746113400635658
-0.61420767924536817074372240802360 0.020073989570018545837878691527127
0.61420767924536817074372240802360 0.020073989570018545837878691527127
-0.63408079030420722123899773006631 0.019670089237041709775593424527681
0.63408079030420722123899773006631 0.019670089237041709775593424527681
-0.65354361507296897720491285941376 0.019253461239155785639457964896046
0.65354361507296897720491285941376 0.019253461239155785639457964896046
-0.67258355999864774100857320104249 0.018824375158380558015481811222024
0.67258355999864774100857320104249 0.018824375158380558015481811222024
-0.69118830515556007943658709152327 0.018383108637830371961383964656296
0.69118830515556007943658709152327 0.018383108637830371961383964656296
-0.70934581221704462893308051436450 0.017929947202064943589170068306132
0.70934581221704462893308051436450 0.017929947202064943589170068306132
-0.72704433224495323566994917106214 0.017465184072340891534790291939547
0.72704433224495323566994917106214 0.017465184072340891534790291939547
-0.74427241329189372181885698408706 0.016989119976883681545152635180466
0.74427241329189372181885698408706 0.016989119976883681545152635180466
-0.76101890781130590537946534429226 0.016502062956302954053714221484495
0.76101890781130590537946534429226 0.016502062956302954053714221484495
-0.77727297987057708597812467158412 0.016004328164277426291618389637470
0.77727297987057708597812467158412 0.016004328164277426291618389637470
-0.79302411216253099146076842154834 0.015496237663638735484700854883656
0.79302411216253099146076842154834 0.015496237663638735484700854883656
-0.80826211281075512030027883020879 0.014978120217986733529526671424778
0.80826211281075512030027883020879 0.014978120217986733529526671424778
-0.82297712196436549336682133322273 0.014450311078971881727521645304342
0.82297712196436549336682133322273 0.014450311078971881727521645304342
-0.83715961817794505901148652689447 0.013913151769383568535913666946690
0.83715961817794505901148652689447 0.013913151769383568535913666946690
-0.85080042457253244553433341267736 0.013366989862186452979306327403182
0.85080042457253244553433341267736 0.013366989862186452979306327403182
-0.86389071477368158301757648761853 0.012812178755650436862555509384719
0.86389071477368158301757648761853 0.012812178755650436862555509384719
-0.87642201862276023235287704812792 0.012249077444723786436252100799042
0.87642201862276023235287704812792 0.012249077444723786436252100799042
-0.88838622765780723426952956893785 0.011678050288803598587752699134936
0.88838622765780723426952956893785 0.011678050288803598587752699134936
-0.89977560036042535424037272585880 0.011099466776063840353479291998165
0.89977560036042535424037272585880 0.011099466776063840353479291998165
-0.91058276716535080189753052656625 0.010513701284509679017006316165438
0.91058276716535080189753052656625 0.010513701284509679017006316165438
-0.92080073522951521712218968222972 0.0099211328399398136199251065321204
0.92080073522951521712218968222972 0.0099211328399398136199251065321204
-0.93042289295760740470020548482767 0.0093221448710199806151079580846202
0.93042289295760740470020548482767 0.0093221448710199806151079580846202
-0.93944301428136233664013718876128 0.0087171249617086783633472952327662
0.93944301428136233664013718876128 0.0087171249617086783633472952327662
-0.94785526269007758771517253730479 0.0081064646013470079069445885223865
0.94785526269007758771517253730479 0.0081064646013470079069445885223865
-0.95565419501023110323644703683821 0.0074905589328645524812465842848186
0.95565419501023110323644703683821 0.0074905589328645524812465842848186
-0.96283476493265393488864276211395 0.0068698064998456813706659859920984
0.96283476493265393488864276211395 0.0068698064998456813706659859920984
-0.96939232628673602665314088145868 0.0062446089938489432359349787779893
0.96939232628673602665314088145868 0.0062446089938489432359349787779893
-0.97532263606319084343559428918352 0.0056153710049088620431708888701437
0.97532263606319084343559428918352 0.0056153710049088620431708888701437
-0.98062185719148656916515637050858 0.0049824997820882903472591863243824
0.98062185719148656916515637050858 0.0049824997820882903472591863243824
-0.98528656108948341634317346378336 0.0043464050220395135302671783933228
0.98528656108948341634317346378336 0.0043464050220395135302671783933228
-0.98931373003485293947982130612448 0.0037074987385883161426143071109288
0.98931373003485293947982130612448 0.0037074987385883161426143071109288
-0.99270075951082034451503237371252 0.0030661953947557931218204371120807
0.99270075951082034451503237371252 0.0030661953947557931218204371120807
-0.99544546107320127538720888157258 0.0024229130505056383159003236996862
0.99544546107320127538720888157258 0.0024229130505056383159003236996862
-0.99754606821233347008046666962462 0.0017780796365535331618685041363952
0.99754606821233347008046666962462 0.0017780796365535331618685041363952
-0.99900126134760811552776992256774 0.0011321788196965436832637568000805
0.99900126134760811552776992256774 0.0011321788196965436832637568000805
-0.99981042234307911449592980642533 0.00048650211510450741440640854148454
0.99981042234307911449592980642533 0.00048650211510450741440640854148454
