49
2
0 0.063463281404790597718253467879530
-0.063420684982686786028834820878485 0.063335509296491748590836927400091
0.063420684982686786028834820878485 0.063335509296491748590836927400091
-0.12658599726967205106798528857554 0.062952707465195699474399555782891
0.12658599726967205106798528857554 0.062952707465195699474399555782891
-0.18924159246181358648531017385999 0.062316417320057267401076825215950
0.18924159246181358648531017385999 0.062316417320057267401076825215950
-0.25113517861257727350715594282461 0.061429200979192936296826646140301
0.25113517861257727350715594282461 0.061429200979192936296826646140301
-0.31201753211974876220786067650642 0.060294630953152017303106116875542
0.31201753211974876220786067650642 0.060294630953152017303106116875542
-0.37164350126228488886373454094696 0.058917275760027266024527650742493
0.37164350126228488886373454094696 0.058917275760027266024527650742493
-0.42977299334157652465858414180742 0.057302681530187475485164592350817
0.42977299334157652465858414180742 0.057302681530187475485164592350817
-0.48617194145249204217697609605858 0.055457349674803588690431581482698
0.48617194145249204217697609605858 0.055457349674803588690431581482698
-0.54061324699172606655822546722944 0.053388710708258968527942933730176
0.54061324699172606655822546722944 0.053388710708258968527942933730176
-0.59287769410890071245586433679263 0.051105094330144590674622806049319
0.59287769410890071245586433679263 0.051105094330144590674622806049319
-0.64275483241923766405685694858390 0.048615695887828240277651197287869
0.64275483241923766405685694858390 0.048615695887828240277651197287869
-0.69004382442513211350475180727494 0.045930539355595853542499619972128
0.69004382442513211350475180727494 0.045930539355595853542499619972128
-0.73455425423740269621367421285852 0.043060436981259597988345484001038
0.73455425423740269621367421285852 0.043060436981259597988345484001038
-0.77610689434544663501814281224846 0.040016945766373021368605036743103
0.77610689434544663501814281224846 0.040016945766373021368605036743103
-0.81453442735985543153950078776478 0.036812320963000689819467236698882
0.81453442735985543153950078776478 0.036812320963000689819467236698882
-0.84968211984416570103488187224298 0.033459466791622174342487150891689
0.84968211984416570103488187224298 0.033459466791622174342487150891689
-0.88140844557300891003703153581700 0.029971884620583825350690558074147
0.88140844557300891003703153581700 0.029971884620583825350690558074147
-0.90958565582807328521301964035580 0.026363618927066016960945745239742
0.90958565582807328521301964035580 0.026363618927066016960945745239742
-0.93410029475581014905898246063654 0.022649201587446676498770964216043
0.93410029475581014905898246063654 0.022649201587446676498770964216043
-0.95485365867413723355524367966818 0.018843595853089458444450653391107
0.95485365867413723355524367966818 0.018843595853089458444450653391107
-0.97176220090155538013997242150477 0.014962144935624651029584319120202
0.97176220090155538013997242150477 0.014962144935624651029584319120202
-0.98475789591421300435929899536857 0.011020551031593580497508288166833
0.98475789591421300435929899536857 0.011020551031593580497508288166833
-0.99378866194416779076011385925795 0.0070350995900864514734506783113484
0.99378866194416779076011385925795 0.0070350995900864514734506783113484
-0.99882015060663537936183127270411 0.0030272789889229050774806981758271
0.99882015060663537936183127270411 0.0030272789889229050774806981758271
