26
2
-0.059230093429313207093718575198403 0.11832141527926227651637108570047
0.059230093429313207093718575198403 0.11832141527926227651637108570047
-0.17685882035689018396905774841834 0.11666044348529658204466250754036
0.17685882035689018396905774841834 0.11666044348529658204466250754036
-0.29200483948595689514283538207783 0.11336181654631966654944071844260
0.29200483948595689514283538207783 0.11336181654631966654944071844260
-0.40305175512348630648107737709888 0.10847184052857659065657942672800
0.40305175512348630648107737709888 0.10847184052857659065657942672800
-0.50844071482450571769570306472557 0.10205916109442542323841407025343
0.50844071482450571769570306472557 0.10205916109442542323841407025343
-0.60669229301761806323197874691689 0.094213800355914148463664883067303
0.60669229301761806323197874691689 0.094213800355914148463664883067303
-0.69642726041995726486381391372942 0.085045894313485239210447765079982
0.69642726041995726486381391372942 0.085045894313485239210447765079982
-0.77638594882067885619296724724228 0.074684149765659745887075796102848
0.77638594882067885619296724724228 0.074684149765659745887075796102848
-0.84544594278849801879750706146784 0.063274046329574835539453689907045
0.84544594278849801879750706146784 0.063274046329574835539453689907045
-0.90263786198430707421766559923121 0.050975825297147811998319900724073
0.90263786198430707421766559923121 0.050975825297147811998319900724073
-0.94715906666171425013591528351804 0.037962383294362763950303141248850
0.94715906666171425013591528351804 0.037962383294362763950303141248850
-0.97838544595647099110058035431193 0.024417851092631908789615827519788
0.97838544595647099110058035431193 0.024417851092631908789615827519788
-0.99588570114561692900321695932291 0.010551372617343007155651187685252
0.99588570114561692900321695932291 0.010551372617343007155651187685252
