56
2
-0.027797035287275437094061196774921 0.055579746306514395846273426835161
0.027797035287275437094061196774921 0.055579746306514395846273426835161
-0.083305186822435374440287355440662 0.055407952503245123217793391843910
0.083305186822435374440287355440662 0.055407952503245123217793391843910
-0.13855584681037624201288658043849 0.055064895901762425796304597547850
0.13855584681037624201288658043849 0.055064895901762425796304597547850
-0.19337823863527525824018472301268 0.054551636870889421061750654890090
0.19337823863527525824018472301268 0.054551636870889421061750654890090
-0.24760290943433720397296655497053 0.053869761865714485708954410406698
0.24760290943433720397296655497053 0.053869761865714485708954410406698
-0.30106225386722066905309423312523 0.053021378524010763967991558607691
0.30106225386722066905309423312523 0.053021378524010763967991558607691
-0.35359103217495452096970732703323 0.052009109151741399843052264827485
0.35359103217495452096970732703323 0.052009109151741399843052264827485
-0.40502688092709127811886696260292 0.050836082617798480560124018470199
0.40502688092709127811886696260292 0.050836082617798480560124018470199
-0.45521081487845957894883158132461 0.049505924683047578919966046430846
0.45521081487845957894883158132461 0.049505924683047578919966046430846
-0.50398771838438171419522440121864 0.048022746793600258120735505667000
0.50398771838438171419522440121864 0.048022746793600258120735505667000
-0.55120682485553461875436351457632 0.046391133373001896762190191066496
0.55120682485553461875436351457632 0.046391133373001896762190191066496
-0.59672218277066332010413521713841 0.044616127652692283213415192927624
0.59672218277066332010413521713841 0.044616127652692283213415192927624
-0.64039310680700689426793859606281 0.042703216084667086511038572362477
0.64039310680700689426793859606281 0.042703216084667086511038572362477
-0.68208461269447045550156147796984 0.040658311384744517880125022778853
0.68208461269447045550156147796984 0.040658311384744517880125022778853
-0.72166783445018808352259378704755 0.038487734259247662486825591623381
0.72166783445018808352259378704755 0.038487734259247662486825591623381
-0.75902042270512890220241329444589 0.036198193872315186035884468288886
0.75902042270512890220241329444589 0.036198193872315186035884468288886
-0.79402692289386649803000830848600 0.033796767115611761295426631225447
0.79402692289386649803000830848600 0.033796767115611761295426631225447
-0.82657913214288165167212697445685 0.031290876747310447867835477793025
0.82657913214288165167212697445685 0.031290876747310447867835477793025
-0.85657643376274863540299138676687 0.028688268473822741729885884430394
0.85657643376274863540299138676687 0.028688268473822741729885884430394
-0.88392610832782754078901228580929 0.025996987058391952191819432207272
0.88392610832782754078901228580929 0.025996987058391952191819432207272
-0.90854362042065549084610728995724 0.023225351562565316937258157576789
0.90854362042065549084610728995724 0.023225351562565316937258157576789
-0.93035288024749630054727272329160 0.020381929882402572634805983666933
0.93035288024749630054727272329160 0.020381929882402572634805983666933
-0.94928647956196263564673760279493 0.017475512911400946504959368905457
0.94928647956196263564673760279493 0.017475512911400946504959368905457
-0.96528590190549018362619497605510 0.014515089278021471807770740533013
0.96528590190549018362619497605510 0.014515089278021471807770740533013
-0.97830170914025638337699055153819 0.011509824340383382173772759324497
0.97830170914025638337699055153819 0.011509824340383382173772759324497
-0.98829371554016151108992516352349 0.0084690631633078876616271123750082
0.98829371554016151108992516352349 0.0084690631633078876616271123750082
-0.99523122608106974721630876009894 0.0054025222460153377613112609441209
0.99523122608106974721630876009894 0.0054025222460153377613112609441209
-0.99909434380146558435315382509090 0.0023238553757732155011022764433959
0.99909434380146558435315382509090 0.0023238553757732155011022764433959
