22
2
-0.069739273319722221213841796118628 0.13925187285563199337541024834181
0.069739273319722221213841796118628 0.13925187285563199337541024834181
-0.20786042668822128547884653391955 0.13654149834601517135257383123152
0.20786042668822128547884653391955 0.13654149834601517135257383123152
-0.34193582089208422515814742042738 0.13117350478706237073296499253031
0.34193582089208422515814742042738 0.13117350478706237073296499253031
-0.46935583798675702640633071096641 0.12325237681051242428556098615481
0.46935583798675702640633071096641 0.12325237681051242428556098615481
-0.58764040350691159295887692763865 0.11293229608053921839340060742178
0.58764040350691159295887692763865 0.11293229608053921839340060742178
-0.69448726318668278005068983576226 0.10041414444288096493207883783054
0.69448726318668278005068983576226 0.10041414444288096493207883783054
-0.78781680597920816200427795540835 0.085941606217067727414443681372703
0.78781680597920816200427795540835 0.085941606217067727414443681372703
-0.86581257772030013653642563701938 0.069796468424520488094961418930218
0.86581257772030013653642563701938 0.069796468424520488094961418930218
-0.92695677218717400052069293925905 0.052293335152683285940312051273211
0.92695677218717400052069293925905 0.052293335152683285940312051273211
-0.97006049783542872712395098676527 0.033774901584814154793302246865913
0.97006049783542872712395098676527 0.033774901584814154793302246865913
-0.99429458548239929207303142116130 0.014627995298272200684991098047185
0.99429458548239929207303142116130 0.014627995298272200684991098047185
