105
2
0 0.029777795010662342402342594519850
-0.029773394360399196419419658638729 0.029764593450095681010639405564482
0.029773394360399196419419658638729 0.029764593450095681010639405564482
-0.059520389501596252439209401309200 0.029725000473843244879808748713803
0.059520389501596252439209401309200 0.029725000473843244879808748713803
-0.089214609611824395657719876539860 0.029659051187868800667937032711593
0.089214609611824395657719876539860 0.029659051187868800667937032711593
-0.11882972567343290245678266019901 0.029566804067524904162148368624591
0.11882972567343290245678266019901 0.029566804067524904162148368624591
-0.14833947880807680752564260200636 0.029448340905704519455819272997201
0.14833947880807680752564260200636 0.029448340905704519455819272997201
-0.17771770355971614811084521695968 0.029303766740317660761103883075252
0.17771770355971614811084521695968 0.029303766740317660761103883075252
-0.20693835109478039332534303738276 0.029133209761157363439880425499752
0.20693835109478039332534303738276 0.029133209761157363439880425499752
-0.23597551229892715869961655111863 0.028936821196237566535094697495386
0.23597551229892715869961655111863 0.028936821196237566535094697495386
-0.26480344074991599651371570134240 0.028714775177703691710924180212028
0.26480344074991599651371570134240 0.028714775177703691710924180212028
-0.29339657554622790218933327801490 0.028467268587434816978165903920162
0.29339657554622790218933327801490 0.028467268587434816978165903920162
-0.32172956397118908898216957609715 0.028194520882474351898658436823755
0.32172956397118908898216957609715 0.028194520882474351898658436823755
-0.34977728397250344429686443714859 0.027896773900444008251099186625148
0.34977728397250344429686443714859 0.027896773900444008251099186625148
-0.37751486643726176223721392441172 0.027574291645113610657706313216018
0.37751486643726176223721392441172 0.027574291645113610657706313216018
-0.40491771724267720392619760822235 0.027227360052316889834603232162543
0.40491771724267720392619760822235 0.027227360052316889834603232162543
-0.43196153906299530961629397178460 0.026856286736420831545687147427439
0.43196153906299530961629397178460 0.026856286736420831545687147427439
-0.45862235291324309930945738113359 0.026461400717573401841489330107779
0.45862235291324309930945738113359 0.026461400717573401841489330107779
-0.48487651941071516112815207659679 0.026043052129971518850756582221419
0.48487651941071516112815207659679 0.026043052129971518850756582221419
-0.51070075973534493389098196731412 0.025601611911407978688114568666495
0.51070075973534493389098196731412 0.025601611911407978688114568666495
-0.53607217627037642273426734648786 0.025137471474372653773287996814973
0.53607217627037642273426734648786 0.025137471474372653773287996814973
-0.56096827290503511074087008464855 0.024651042358999652361645901015576
0.56096827290503511074087008464855 0.024651042358999652361645901015576
-0.58536697498119659859686865762320 0.024142755868168245358233542686079
0.58536697498119659859686865762320 0.024142755868168245358233542686079
-0.60924664886636725891688659208957 0.023613062685081218405067145173583
0.60924664886636725891688659208957 0.023613062685081218405067145173583
-0.63258612113562266113039453018802 0.023062432473659882881507141427008
0.63258612113562266113039453018802 0.023062432473659882881507141427008
-0.65536469734549642566527793908987 0.022491353462110269636090368462120
0.65536469734549642566527793908987 0.022491353462110269636090368462120
-0.67756218038317421351886441690215 0.021900332010030027250284724083981
0.67756218038317421351886441690215 0.021900332010030027250284724083981
-0.69915888837472445508149890929625 0.021289892159440249383007171400312
0.69915888837472445508149890929625 0.021289892159440249383007171400312
-0.72013567213648887575483483144057 0.020660575170140865839982946749798
0.72013567213648887575483483144057 0.020660575170140865839982946749798
-0.74047393215416159759416516728233 0.020012939039802360786516124345301
0.74047393215416159759416516728233 0.020012939039802360786516124345301
-0.76015563507450531575787077756518 0.019347558009220454239538088278458
0.76015563507450531575787077756518 0.019347558009220454239538088278458
-0.77916332969508653147979122205205 0.018665022053174047547981259155466
0.77916332969508653147979122205205 0.018665022053174047547981259155466
-0.79748016243785890020995167817566 0.017965936357340275527127148868554
0.79748016243785890020995167817566 0.017965936357340275527127148868554
-0.81508989229288436970558958519860 0.017250920781734076623112114128599
0.81508989229288436970558958519860 0.017250920781734076623112114128599
-0.83197690521895608303337667879093 0.016520609311153548175010630282294
0.83197690521895608303337667879093 0.016520609311153548175010630282294
-0.84812622798837549972100746097475 0.015775649493126953936697942288184
0.84812622798837549972100746097475 0.015775649493126953936697942288184
-0.86352354146363995782499643266246 0.015016701863873412940990157233526
0.86352354146363995782499643266246 0.015016701863873412940990157233526
-0.87815519329431819299258590800408 0.014244439362808515914750282065381
0.87815519329431819299258590800408 0.014244439362808515914750282065381
-0.89200821002293445485688027962067 0.013459546736151190027757792254316
0.89200821002293445485688027962067 0.013459546736151190027757792254316
-0.90507030858925508243283245035292 0.012662719930224488685716006860597
0.90507030858925508243283245035292 0.012662719930224488685716006860597
-0.91732990722299079676295956363352 0.011854665475101496517066586622984
0.91732990722299079676295956363352 0.011854665475101496517066586622984
-0.92877613571562563255110208910483 0.011036099859350911882520816827887
0.92877613571562563255110208910483 0.011036099859350911882520816827887
-0.93939884506292572695354236112260 0.010207748896834689231471116957004
0.93939884506292572695354236112260 0.010207748896834689231471116957004
-0.94918861647081154004375281914742 0.0093703470869164893322208657773356
0.94918861647081154004375281914742 0.0093703470869164893322208657773356
-0.95813676971902225825577602670820 0.0085246369703332916749596002103462
0.95813676971902225825577602670820 0.0085246369703332916749596002103462
-0.96623537088015359823890491737878 0.0076713684850931502392413755947942
0.96623537088015359823890491737878 0.0076713684850931502392413755947942
-0.97347723939828017205864971250472 0.0068112983321641933131160393503346
0.97347723939828017205864971250472 0.0068112983321641933131160393503346
-0.97985595454739460889945824818081 0.0059451893759213917432373877462646
0.97985595454739460889945824818081 0.0059451893759213917432373877462646
-0.98536586133415612696841664533358 0.0050738101523605397762061314381650
0.98536586133415612696841664533358 0.0050738101523605397762061314381650
-0.99000207605090279686512459502228 0.0041979347340464447748276654485039
0.99000207605090279686512459502228 0.0041979347340464447748276654485039
-0.99376049222575694400715051595018 0.0033183439844329371411280892718485
0.99376049222575694400715051595018 0.0033183439844329371411280892718485
-0.99663779035718219411259844658649 0.0024358338345316740286763038907062
0.99663779035718219411259844658649 0.0024358338345316740286763038907062
-0.99863147354533303904286662048256 0.0015512778120287095334670131646284
0.99863147354533303904286662048256 0.0015512778120287095334670131646284
-0.99974021732382051993718528386342 0.00066665737132967914674851080031868
0.99974021732382051993718528386342 0.00066665737132967914674851080031868
