79
2
0 0.039516107256271311709156539126926
-0.039505823435974064058994796242794 0.039485257401291164753721667268931
0.039505823435974064058994796242794 0.039485257401291164753721667268931
-0.078949963218954405448085252955528 0.039392756004743003934264202100670
0.078949963218954405448085252955528 0.039392756004743003934264202100670
-0.11827083200766088116691205723352 0.039238747496594643554918862990787
0.11827083200766088116691205723352 0.039238747496594643554918862990787
-0.15740703493386160502822561338054 0.039023472342879796026505019809341
0.15740703493386160502822561338054 0.039023472342879796026505019809341
-0.19629746546318464165919392876054 0.038747266670239967068185330660133
0.19629746546318464165919392876054 0.038747266670239967068185330660133
-0.23488140080573191587724935891907 0.038410561741104177405416593761470
0.23488140080573191587724935891907 0.038410561741104177405416593761470
-0.27309859672752354374253606788872 0.038013883280326049545517506805694
0.27309859672752354374253606788872 0.038013883280326049545517506805694
-0.31088938161473643720887495725131 0.037557850654329770477906992570350
0.31088938161473643720887495725131 0.037557850654329770477906992570350
-0.34819474964386786723913737213171 0.037043175904046784159837855621733
0.34819474964386786723913737213171 0.037043175904046784159837855621733
-0.38495645291235088392224683784747 0.036470662633153427529256485646574
0.38495645291235088392224683784747 0.036470662633153427529256485646574
-0.42111709238577192873214576002631 0.035841204753345752289206925340878
0.42111709238577192873214576002631 0.035841204753345752289206925340878
-0.45662020751968913114870973423195 0.035155785088611131128250698671543
0.45662020751968913114870973423195 0.035155785088611131128250698671543
-0.49141036441611982109586085419665 0.034415473840676600882591503591973
0.49141036441611982109586085419665 0.034415473840676600882591503591973
-0.52543324237705454789626763873535 0.033621426918030930049922683536675
0.52543324237705454789626763873535 0.033621426918030930049922683536675
-0.55863571871985890665585310529239 0.032774884131130817853421503303063
0.55863571871985890665585310529239 0.032774884131130817853421503303063
-0.59096595172213998285328161198869 0.031877167256611170360518963293732
0.59096595172213998285328161198869 0.031877167256611170360518963293732
-0.62237346156657723888290970224057 0.030929677973524835288293896819306
0.62237346156657723888290970224057 0.030929677973524835288293896819306
-0.65280920915934399852489312814725 0.029933895674838362895648733359611
0.65280920915934399852489312814725 0.029933895674838362895648733359611
-0.68222567269907105927762033176002 0.028891375157607266781636524126677
0.68222567269907105927762033176002 0.028891375157607266781636524126677
-0.71057692187682416375820521986244 0.027803744195447058944435639832740
0.71057692187682416375820521986244 0.027803744195447058944435639832740
-0.73781868959127820952532164677899 0.026672700997105556537883425375637
0.73781868959127820952532164677899 0.026672700997105556537883425375637
-0.76390844106717010845832576169870 0.025500011555128773947339507512156
0.76390844106717010845832576169870 0.025500011555128773947339507512156
-0.78880544026919776556502863438137 0.024287506888799492639422275375643
0.78880544026919776556502863438137 0.024287506888799492639422275375643
-0.81247081350780677376480790746381 0.023037080185719026276979193193097
0.81247081350780677376480790746381 0.023037080185719026276979193193097
-0.83486761013777788206731339986896 0.021750683846608079768641969794581
0.83486761013777788206731339986896 0.021750683846608079768641969794581
-0.85596086025521937647327084680030 0.020430326438140859878443379510796
0.85596086025521937647327084680030 0.020430326438140859878443379510796
-0.87571762930352947665951743498135 0.019078069558937488584783969371080
0.87571762930352947665951743498135 0.019078069558937488584783969371080
-0.89410706950423510131042978795433 0.017696024624310417864663025066751
0.89410706950423510131042978795433 0.017696024624310417864663025066751
-0.91110046803458080024500618896833 0.016286349576191682091837256213723
0.91110046803458080024500618896833 0.016286349576191682091837256213723
-0.92667129188090387366452278400680 0.014851245526350069318578950993093
0.92667129188090387366452278400680 0.014851245526350069318578950993093
-0.94079522930657725030001673678369 0.013392953344825676197308942465537
0.94079522930657725030001673678369 0.013392953344825676197308942465537
-0.95345022788926913596327615442341 0.011913750215116998699599873222672
0.95345022788926913596327615442341 0.011913750215116998699599873222672
-0.96461652911486478610744959086483 0.010415946204513382579183469310391
0.96461652911486478610744959086483 0.010415946204513382579183469310391
-0.97427669959780711817883418955449 0.0089018809826524862537397928054810
0.97427669959780711817883418955449 0.0089018809826524862537397928054810
-0.98241565925127893009858137762396 0.0073739211313301768303911836099615
0.98241565925127893009858137762396 0.0073739211313301768303911836099615
-0.98902070768778433787475803755734 0.0058344598687634655892134861516755
0.98902070768778433787475803755734 0.0058344598687634655892134861516755
-0.99408155478554262241115498928175 0.0042859291131265312182188368322851
0.99408155478554262241115498928175 0.0042859291131265312182188368322851
-0.99759039433694143517685417900328 0.0027309070657548559185333900490213
0.99759039433694143517685417900328 0.0027309070657548559185333900490213
-0.99954252847956984432415157595694 0.0011739301299566130212022144710751
0.99954252847956984432415157595694 0.0011739301299566130212022144710751
