66
2
-0.023618133385924570536223321601962 0.047227481262998554845633327738248
0.023618133385924570536223321601962 0.047227481262998554845633327738248
-0.070801698868141591289363675136369 0.047122098287644732185445169644654
0.070801698868141591289363675136369 0.047122098287644732185445169644654
-0.11782727807867599711471430263307 0.046911567487620827746254040952238
0.11782727807867599711471430263307 0.046911567487620827746254040952238
-0.16458993856471460725365051875874 0.046596358639584103625824137822294
0.16458993856471460725365051875874 0.046596358639584103625824137822294
-0.21098533454807899347454114894668 0.046177175097915975471666471573046
0.21098533454807899347454114894668 0.046177175097915975471666471573046
-0.25690993976153022299419957911865 0.045654952225273056120438842210584
0.25690993976153022299419957911865 0.045654952225273056120438842210584
-0.30226127845643610001612891513729 0.045030855305441500215192806837289
0.30226127845643610001612891513729 0.045030855305441500215192806837289
-0.34693815406633754889975473432681 0.044306276943153161904603355108879
0.34693815406633754889975473432681 0.044306276943153161904603355108879
-0.39084087501618294975512214497484 0.043482833956667478647575390017139
0.39084087501618294975512214497484 0.043482833956667478647575390017139
-0.43387147717337066835769563615935 0.042562363770055716318906738770132
0.43387147717337066835769563615935 0.042562363770055716318906738770132
-0.47593394244423684296193001446322 0.041546920313241881317734536687421
0.47593394244423684296193001446322 0.041546920313241881317734536687421
-0.51693441302823151357257540217215 0.040438769438954979125868375932947
0.51693441302823151357257540217215 0.040438769438954979125868375932947
-0.55678140085172306423494781441470 0.039240383866828330187812859489769
0.55678140085172306423494781441470 0.039240383866828330187812859489769
-0.59538599171413845832793436197392 0.037954437665941620949130099398564
0.59538599171413845832793436197392 0.037954437665941620949130099398564
-0.63266204369096316940389462979096 0.036583800288139094413689961490613
0.63266204369096316940389462979096 0.036583800288139094413689961490613
-0.66852637935096759260428715951584 0.035131530165472555900641096260044
0.66852637935096759260428715951584 0.035131530165472555900641096260044
-0.70289897135887418583625924918633 0.033600867886112232670348927197039
0.70289897135887418583625924918633 0.033600867886112232670348927197039
-0.73570312104951279957923699885361 0.031995228964046887271281720949700
0.73570312104951279957923699885361 0.031995228964046887271281720949700
-0.76686562957531962586954296157216 0.030318196218868519193640758581747
0.76686562957531962586954296157216 0.030318196218868519193640758581747
-0.79631696124582457053272975298394 0.028573511782931871182822297391959
0.79631696124582457053272975298394 0.028573511782931871182822297391959
-0.82399139869558761134708196045628 0.026765068754250001908792968307298
0.82399139869558761134708196045628 0.026765068754250001908792968307298
-0.84982718953601621946209828276627 0.024896902514757372637730931850326
0.84982718953601621946209828276627 0.024896902514757372637730931850326
-0.87376668416694473040100522523885 0.022973181735326655918098645439192
0.87376668416694473040100522523885 0.022973181735326655918098645439192
-0.89575646444656393846083634211597 0.020998199091864625777331044433117
0.89575646444656393846083634211597 0.020998199091864625777331044433117
-0.91574746294520701595042923218565 0.018976361722771325934867038381913
0.91574746294520701595042923218565 0.018976361722771325934867038381913
-0.93369507254479249437263165466454 0.016912181472245217180350295101696
0.93369507254479249437263165466454 0.016912181472245217180350295101696
-0.94955924620623533909246677775308 0.014810265002733960173642539782605
0.94955924620623533909246677775308 0.014810265002733960173642539782605
-0.96330458685925737096486116412159 0.012675303981261681876445189049054
0.96330458685925737096486116412159 0.012675303981261681876445189049054
-0.97490042774628595185589815979558 0.010512065987705754657376927824909
0.97490042774628595185589815979558 0.010512065987705754657376927824909
-0.98432090493514013289055311334973 0.0083253887659909014167255456738389
0.98432090493514013289055311334973 0.0083253887659909014167255456738389
-0.99154503038337574553176268749150 0.0061201920184479363655679267599326
0.99154503038337574553176268749150 0.0061201920184479363655679267599326
-0.99655682108955269112216829362717 0.0039016256417442482592284604022347
0.99655682108955269112216829362717 0.0039016256417442482592284604022347
-0.99934620987217788207281698448975 0.0016776537440072385993315729395768
0.99934620987217788207281698448975 0.0016776537440072385993315729395768
