39
2
0 0.079527622139442852417418196605851
-0.079443804608755477581917083192641 0.079276222568368471010155771754508
0.079443804608755477581917083192641 0.079276222568368471010155771754508
-0.15838533999783779992270106136140 0.078523613287371176725063300985523
0.15838533999783779992270106136140 0.078523613287371176725063300985523
-0.23632551246183576733600632733265 0.077274552544682016728511636733117
0.23632551246183576733600632733265 0.077274552544682016728511636733117
-0.31277155924818592253599691178563 0.075536937322836057704784446990809
0.31277155924818592253599691178563 0.075536937322836057704784446990809
-0.38724016397156145585388196563696 0.073321753414268617381153932865048
0.38724016397156145585388196563696 0.073321753414268617381153932865048
-0.45926051230913604866324663310957 0.070643005970608760770114931528131
0.45926051230913604866324663310957 0.070643005970608760770114931528131
-0.52837726866043747389634363580822 0.067517630966231265363021328046449
0.52837726866043747389634363580822 0.067517630966231265363021328046449
-0.59415345495727798869289007461911 0.063965388138682388986706404410064
0.59415345495727798869289007461911 0.063965388138682388986706404410064
-0.65617321343201091073442593497626 0.060008736088596149574941773548819
0.65617321343201091073442593497626 0.060008736088596149574941773548819
-0.71404443589453467913386703615183 0.055672690340916299907391139789681
0.71404443589453467913386703615183 0.055672690340916299907391139789681
-0.76740124293106349983227240422834 0.050984665292129405214021033676581
0.76740124293106349983227240422834 0.050984665292129405214021033676581
-0.81590629743014310435323267840963 0.045974301108916631884176639399233
0.81590629743014310435323267840963 0.045974301108916631884176639399233
-0.85925293799990615391379743912604 0.040673276847933843939056556082261
0.85925293799990615391379743912604 0.040673276847933843939056556082261
-0.89716711929299288784829109086081 0.035115111498131330761065185297233
0.89716711929299288784829109086081 0.035115111498131330761065185297233
-0.92940914848673822969781696435773 0.029334955983903378592155986356251
0.92940914848673822969781696435773 0.029334955983903378592155986356251
-0.95577521232465227711089189719108 0.023369384832178164594712344442925
0.95577521232465227711089189719108 0.023369384832178164594712344442925
-0.97609870933347105384485031988952 0.017256229093724919040805471183355
0.97609870933347105384485031988952 0.017256229093724919040805471183355
-0.99025153685468598363977511724708 0.011034788939164594242676805452177
0.99025153685468598363977511724708 0.011034788939164594242676805452177
-0.99814738306643290600547230285182 0.0047529446916351013707762131549069
0.99814738306643290600547230285182 0.0047529446916351013707762131549069
