119
2
0 0.026289248162839066962595712603904
-0.026286220023594429423722912718926 0.026280163954391310402943803008542
0.026286220023594429423722912718926 0.026280163954391310402943803008542
-0.052554273723030927705192162587532 0.026252917607116149724159970165535
0.052554273723030927705192162587532 0.026252917607116149724159970165535
-0.078786007328841498075525502538591 0.026207527950879161005838378385461
0.078786007328841498075525502538591 0.026207527950879161005838378385461
-0.10496329217226151021154027970652 0.026144026354330133197617145474039
0.10496329217226151021154027970652 0.026144026354330133197617145474039
-0.13106803721389612412267981301565 0.026062456703224304211289712607787
0.13106803721389612412267981301565 0.026062456703224304211289712607787
-0.15708220154638118866163656101277 0.025962875370093069731813092619073
0.15708220154638118866163656101277 0.025962875370093069731813092619073
-0.18298780686239807016125271798247 0.025845351175285125648712498770279
0.18298780686239807016125271798247 0.025845351175285125648712498770279
-0.20876694987942581098636902943042 0.025709965339404969023555306347962
0.20876694987942581098636902943042 0.025709965339404969023555306347962
-0.23440181471264391713918696932477 0.025556811427181627937724243298243
0.23440181471264391713918696932477 0.025556811427181627937724243298243
-0.25987468518743490783265796225580 0.025385995282806413306002304894824
0.25987468518743490783265796225580 0.025385995282806413306002304894824
-0.28516795708297750341738398734711 0.025197634956784381711135687235693
0.28516795708297750341738398734711 0.025197634956784381711135687235693
-0.31026415029846895240817128334832 0.024991860624350063448886989684306
0.31026415029846895240817128334832 0.024991860624350063448886989684306
-0.33514592093356847074950676949348 0.024768814495503840232649226102184
0.33514592093356847074950676949348 0.024768814495503840232649226102184
-0.35979607327471305000177436497781 0.024528650716731148379916497809767
0.35979607327471305000177436497781 0.024528650716731148379916497809767
-0.38419757167902194494303074578136 0.024271535264472431810218388966908
0.38419757167902194494303074578136 0.024271535264472431810218388966908
-0.40833355234757693032388237825850 0.023997645830417470882345435532583
0.40833355234757693032388237825850 0.023997645830417470882345435532583
-0.43218733497994187242179826844443 0.023707171698703364086064106655291
0.43218733497994187242179826844443 0.023707171698703364086064106655291
-0.45574243430186724097374088060922 0.023400313615101036025522334434211
0.45574243430186724097374088060922 0.023400313615101036025522334434211
-0.47898257145821283455192717882744 0.023077283648280683187858973097911
0.47898257145821283455192717882744 0.023077283648280683187858973097911
-0.50189168526321514724673482382722 0.022738305043252044943602610700145
0.50189168526321514724673482382722 0.022738305043252044943602610700145
-0.52445394330032440269138766389755 0.022383612067080797411381145619223
0.52445394330032440269138766389755 0.022383612067080797411381145619223
-0.54665375286394025544190876680873 0.022013449846987708662226013091614
0.54665375286394025544190876680873 0.022013449846987708662226013091614
-0.56847577173548443842530144269439 0.021628074200942461769184055121998
0.56847577173548443842530144269439 0.021628074200942461769184055121998
-0.58990491878636314409615790769505 0.021227751460869244089821400260471
0.58990491878636314409615790769505 0.021227751460869244089821400260471
-0.61092638440049158834892617061853 0.020812758288586313735664817290228
0.61092638440049158834892617061853 0.020812758288586313735664817290228
-0.63152564070917793931054218753671 0.020383381484606784488079095994907
0.63152564070917793931054218753671 0.020383381484606784488079095994907
-0.65168845163129351427178885699385 0.019939917789932815815282862314093
0.65168845163129351427178885699385 0.019939917789932815815282862314093
-0.67140088271179077113433348821725 0.019482673680980252887647564004907
0.67140088271179077113433348821725 0.019482673680980252887647564004907
-0.69064931075177005780915515315656 0.019011965157775530906874571305248
0.69064931075177005780915515315656 0.019011965157775530906874571305248
-0.70942043322344024466970160151850 0.018528117525571337807927346807029
0.70942043322344024466970160151850 0.018528117525571337807927346807029
-0.72770127746346716181875903173248 0.018031465170032119810932788390354
0.72770127746346716181875903173248 0.018031465170032119810932788390354
-0.74547920963835710613702870446819 0.017522351326145017538116360616318
0.74547920963835710613702870446819 0.017522351326145017538116360616318
-0.76274194347568048782116919298836 0.017001127841016241341944228187673
0.76274194347568048782116919298836 0.017001127841016241341944228187673
-0.77947754875510287419747394618433 0.016468154930717242215283327706597
0.77947754875510287419747394618433 0.016468154930717242215283327706597
-0.79567445955335719399728093943796 0.015923800931349324935180342569622
0.79567445955335719399728093943796 0.015923800931349324935180342569622
-0.81132148223746164266576127887644 0.015368442044499609383872178453287
0.81132148223746164266576127887644 0.015368442044499609383872178453287
-0.82640780320066286778039423801333 0.014802462077265518230019324718373
0.82640780320066286778039423801333 0.014802462077265518230019324718373
-0.84092299633576335966005172258530 0.014226252177029327414537238238806
0.84092299633576335966005172258530 0.014226252177029327414537238238806
-0.85485703024067576776694776381674 0.013640210561168882818462218103619
0.85485703024067576776694776381674 0.013640210561168882818462218103619
-0.86820027515123541228255462342466 0.013044742241895570956299628001861
0.86820027515123541228255462342466 0.013044742241895570956299628001861
-0.88094350959649614414157970962165 0.012440258746416395898360642477348
0.88094350959649614414157970962165 0.012440258746416395898360642477348
-0.89307792677193499597279040888076 0.011827177832624201625209942067671
0.89307792677193499597279040888076 0.011827177832624201625209942067671
-0.90459514062619970894882644814442 0.011205923200529858042664293964088
0.90459514062619970894882644814442 0.011205923200529858042664293964088
-0.91548719165725378693293444490358 0.010576924199664789249143708205118
0.91548719165725378693293444490358 0.010576924199664789249143708205118
-0.92574655241401288072504645324275 0.0099406155327057967924401776853596
0.92574655241401288072504645324275 0.0099406155327057967924401776853596
-0.93536613269983679653877672506558 0.0092974369556152003391011767913137
0.93536613269983679653877672506558 0.0092974369556152003391011767913137
-0.94433928447456849468647426222314 0.0086478329746655815114541440918000
0.94433928447456849468647426222314 0.0086478329746655815114541440918000
-0.95265980645224705562718176577533 0.0079922525408685281465553556254643
0.95265980645224705562718176577533 0.0079922525408685281465553556254643
-0.96032194839227776610070375289619 0.0073311487426396689826413575163114
0.96032194839227776610070375289619 0.0073311487426396689826413575163114
-0.96732041508297413900503753558626 0.0066649784982251841202180702995557
0.96732041508297413900503753558626 0.0066649784982251841202180702995557
-0.97365037001861172934387401720730 0.0059942022510566758957624942506093
0.97365037001861172934387401720730 0.0059942022510566758957624942506093
-0.97930743877606581778205197115973 0.0053192836754086555212486220579962
0.97930743877606581778205197115973 0.0053192836754086555212486220579962
-0.98428771210935378340895315475747 0.0046406894115782001807256195017745
0.98428771210935378340895315475747 0.0046406894115782001807256195017745
-0.98858774881465914573585937201645 0.0039588888872488875758425990981455
0.98858774881465914573585937201645 0.0039588888872488875758425990981455
-0.99220457852842745312087512923184 0.0032743544188419284412575341509700
0.99220457852842745312087512923184 0.0032743544188419284412575341509700
-0.99513570504244242669617746247413 0.0025875623974566360985227874864937
0.99513570504244242669617746247413 0.0025875623974566360985227874864937
-0.99737911277760051280248209583833 0.0018989999495570068710840724711079
0.99737911277760051280248209583833 0.0018989999495570068710840724711079
-0.99893329365232440864759992222623 0.0012092138838668839597359178674486
0.99893329365232440864759992222623 0.0012092138838668839597359178674486
-0.99979751905437880403142351867708 0.00051961395684955615014041550250009
0.99979751905437880403142351867708 0.00051961395684955615014041550250009
