87
2
0 0.035903329907265501442083267342139
-0.035895616626800899472717182652824 0.035880191060187015877735207223770
0.035895616626800899472717182652824 0.035880191060187015877735207223770
-0.071744965501499429712830854356574 0.035810804343833741756625599205025
0.071744965501499429712830854356574 0.035810804343833741756625599205025
-0.10750183850894277160576247589996 0.035695259194409433776479430099950
0.10750183850894277160576247589996 0.035695259194409433776479430099950
-0.14312014673100813901239936702074 0.035533704544160593911334757049283
0.14312014673100813901239936702074 0.035533704544160593911334757049283
-0.17855397985304421429822948698419 0.035326348629410213698430530968706
0.17855397985304421429822948698419 0.035326348629410213698430530968706
-0.21375766534010160359376257769493 0.035073458722151536556625347191260
0.21375766534010160359376257769493 0.035073458722151536556625347191260
-0.24868582730667713159953792336032 0.034775360785547829248711224086153
0.24868582730667713159953792336032 0.034775360785547829248711224086153
-0.28329344500409187319445219536523 0.034432439053782243765938192758249
0.28329344500409187319445219536523 0.034432439053782243765938192758249
-0.31753591085011571433134364684928 0.034045135536799373455183636470438
0.31753591085011571433134364684928 0.034045135536799373455183636470438
-0.35136908792604131571569387866765 0.033613949450576935584222257343789
0.35136908792604131571569387866765 0.033613949450576935584222257343789
-0.38474936686709686366381117022235 0.033139436573662023536288836698924
0.38474936686709686366381117022235 0.033139436573662023536288836698924
-0.41763372207286905502991075614465 0.032622208530801443925800340678042
0.41763372207286905502991075614465 0.032622208530801443925800340678042
-0.44997976716528437840157310341058 0.032062932004589667777658181942993
0.44997976716528437840157310341058 0.032062932004589667777658181942993
-0.48174580962266680508946178150304 0.031462327876150763937962223304536
0.48174580962266680508946178150304 0.031462327876150763937962223304536
-0.51289090451945225914090951815374 0.030821170295962234153719042877545
0.51289090451945225914090951815374 0.030821170295962234153719042877545
-0.54337490730229335344261614934950 0.030140285686018824743951159604938
0.54337490730229335344261614934950 0.030140285686018824743951159604938
-0.57315852553453041187421278499211 0.029420551674623048249224770204746
0.57315852553453041187421278499211 0.029420551674623048249224770204746
-0.60220336954233520168795496689114 0.028662895965176218388587283336648
0.60220336954233520168795496689114 0.028662895965176218388587283336648
-0.63047200189725044729369477707581 0.027868295140429205989634359769146
0.63047200189725044729369477707581 0.027868295140429205989634359769146
-0.65792798567134939104295403519677 0.027037773403735807283977294623091
0.65792798567134939104295403519677 0.027037773403735807283977294623091
-0.68453593140282367411986151732876 0.026172401258933558949725519078426
0.68453593140282367411986151732876 0.026172401258933558949725519078426
-0.71026154271147290284196837856321 0.025273294130557073164118610356467
0.71026154271147290284196837856321 0.025273294130557073164118610356467
-0.73507166050531379410203604898501 0.024341610926167632339213805212401
0.73507166050531379410203604898501 0.024341610926167632339213805212401
-0.75893430572134931573542804126891 0.023378552542660172257823951014790
0.75893430572134931573542804126891 0.023378552542660172257823951014790
-0.78181872054543773635467798857177 0.022385360318485478214197499144380
0.78181872054543773635467798857177 0.022385360318485478214197499144380
-0.80369540805817777823532111389631 0.021363314433802531593616152250174
0.80369540805817777823532111389631 0.021363314433802531593616152250174
-0.82453617025578048013343472549463 0.020313732260655569526569795936022
0.82453617025578048013343472549463 0.020313732260655569526569795936022
-0.84431414439703522024055702001989 0.019237966665356558785050667896968
0.84431414439703522024055702001989 0.019237966665356558785050667896968
-0.86300383762970660257019048918060 0.018137404265354252050218043755871
0.86300383762970660257019048918060 0.018137404265354252050218043755871
-0.88058115985204184105771321608066 0.017013463643001534433645345784562
0.88058115985204184105771321608066 0.017013463643001534433645345784562
-0.89702345476756936701732626055871 0.015867593518826319002921742043960
0.89702345476756936701732626055871 0.015867593518826319002921742043960
-0.91230952909412288438298335795824 0.014701270887239842229893921958807
0.91230952909412288438298335795824 0.014701270887239842229893921958807
-0.92641967989123721995146418278272 0.013515999118245658081880686073298
0.92641967989123721995146418278272 0.013515999118245658081880686073298
-0.93933571997420574787798809288601 0.012313306030048036542287003377687
0.93933571997420574787798809288601 0.012313306030048036542287003377687
-0.95104100138931357391911901052328 0.011094741940560719279720844553250
0.95104100138931357391911901052328 0.011094741940560719279720844553250
-0.96152043693607316926422968322487 0.0098618777137018267165841304791520
0.96152043693607316926422968322487 0.0098618777137018267165841304791520
-0.97076051974728427435354730906652 0.0086163028384889518329501035940505
0.97076051974728427435354730906652 0.0086163028384889518329501035940505
-0.97874934100381627242647803756942 0.0073596236488180636607705827219533
0.97874934100381627242647803756942 0.0073596236488180636607705827219533
-0.98547660606842036796380790822651 0.0060934620476348721301022554642332
0.98547660606842036796380790822651 0.0060934620476348721301022554642332
-0.99093365011096457052286782353888 0.0048194562385018858993086985779867
0.99093365011096457052286782353888 0.0048194562385018858993086985779867
-0.99511345813799200594550833041623 0.0035392716553886285401815859779436
0.99511345813799200594550833041623 0.0035392716553886285401815859779436
-0.99801072156298235808167889143185 0.0022546907537528530924812107952447
0.99801072156298235808167889143185 0.0022546907537528530924812107952447
-0.99962235043248427238909618574950 0.00096910973817707533760653484407316
0.99962235043248427238909618574950 0.00096910973817707533760653484407316
