23
2
0 0.13365457218610617535145711054584
-0.13325682429846611093174268224177 0.13246203940469661737164246470332
0.13325682429846611093174268224177 0.13246203940469661737164246470332
-0.26413568097034493053386953828331 0.12890572218808214997859533939979
0.26413568097034493053386953828331 0.12890572218808214997859533939979
-0.39030103803029083142148887288061 0.12304908430672953046757840067201
0.39030103803029083142148887288061 0.12304908430672953046757840067201
-0.50950147784600754968979304786685 0.11499664022241136494164351293396
0.50950147784600754968979304786685 0.11499664022241136494164351293396
-0.61960987576364615638509731164960 0.10489209146454141007408618501474
0.61960987576364615638509731164960 0.10489209146454141007408618501474
-0.71866136313195019446162448374862 0.092915766060035147477018617369765
0.71866136313195019446162448374862 0.092915766060035147477018617369765
-0.80488840161883989215111840699678 0.079281411776718954922892524742043
0.80488840161883989215111840699678 0.079281411776718954922892524742043
-0.87675235827044166737815688593415 0.064232421408525852127169615158911
0.87675235827044166737815688593415 0.064232421408525852127169615158911
-0.93297108682601610234919698903842 0.048037671731084668571641071632034
0.93297108682601610234919698903842 0.048037671731084668571641071632034
-0.97254247121811523195602407682078 0.030988005856979444310694219641885
0.97254247121811523195602407682078 0.030988005856979444310694219641885
-0.99476933499755212352392571544557 0.013411859487141772081309493458615
0.99476933499755212352392571544557 0.013411859487141772081309493458615
