38
2
-0.040785147904578239913316432329785 0.081525029280385786699218769885830
0.040785147904578239913316432329785 0.081525029280385786699218769885830
-0.12208402533786741986961238132941 0.080982493770597100623269469949058
0.12208402533786741986961238132941 0.080982493770597100623269469949058
-0.20257045389211670320397778151461 0.079901033243527821586027683925186
0.20257045389211670320397778151461 0.079901033243527821586027683925186
-0.28170880979016526136011407141870 0.078287844658210948075375403335736
0.28170880979016526136011407141870 0.078287844658210948075375403335736
-0.35897244047943501325671762145653 0.076153663548446396065993541104473
0.35897244047943501325671762145653 0.076153663548446396065993541104473
-0.43384716943237648437325616251784 0.073512692584743457145206444848336
0.43384716943237648437325616251784 0.073512692584743457145206444848336
-0.50583471792793110324053371646765 0.070382507066898954739282967593659
0.50583471792793110324053371646765 0.070382507066898954739282967593659
-0.57445602104780708113292750092447 0.066783937979140411935046151529019
0.57445602104780708113292750092447 0.066783937979140411935046151529019
-0.63925441582968170718034486950026 0.062740933392133054052969671525137
0.63925441582968170718034486950026 0.062740933392133054052969671525137
-0.69979868037918435591282584062742 0.058280399146997206022305868258140
0.69979868037918435591282584062742 0.058280399146997206022305868258140
-0.75568590375397068073773809677939 0.053432019910332319973756990631249
0.75568590375397068073773809677939 0.053432019910332319973756990631249
-0.80654416760531681555156537597970 0.048228061860758683374352179911420
0.80654416760531681555156537597970 0.048228061860758683374352179911420
-0.85203502193236218885964971124728 0.042703158504674434235878434358808
0.85203502193236218885964971124728 0.042703158504674434235878434358808
-0.89185573900463221679493703197392 0.036894081594024738164940162336815
0.89185573900463221679493703197392 0.036894081594024738164940162336815
-0.92574133204858439682510956221305 0.030839500545175054658731086313309
0.92574133204858439682510956221305 0.030839500545175054658731086313309
-0.95346633093352959567054215311744 0.024579739738232375895201205446706
0.95346633093352959567054215311744 0.024579739738232375895201205446706
-0.97484632859015350764088554094639 0.018156577709613236898876125754782
0.97484632859015350764088554094639 0.018156577709613236898876125754782
-0.98973945426638557194442589110568 0.011613444716468674177668301200437
0.98973945426638557194442589110568 0.011613444716468674177668301200437
-0.99804993053568761981284707655158 0.0050028807496393456758995420918994
0.99804993053568761981284707655158 0.0050028807496393456758995420918994
