93
2
0 0.033599441042144139694190835969504
-0.033593119357776561271187737333060 0.033580476702732908204233226941720
0.033593119357776561271187737333060 0.033580476702732908204233226941720
-0.067148317172955104387614339655030 0.033523605092366899732467129146397
0.067148317172955104387614339655030 0.033523605092366899732467129146397
-0.10062771471061727803089094987178 0.033428890410482966294255234166696
0.10062771471061727803089094987178 0.033428890410482966294255234166696
-0.13399351880288074672540300928218 0.033296439575615789345242170357115
0.13399351880288074672540300928218 0.033296439575615789345242170357115
-0.16720806451166345666639961140843 0.033126402104703225972939640139176
0.16720806451166345666639961140843 0.033126402104703225972939640139176
-0.20023385764669609657234017541934 0.032918969944304591132477179091709
0.20023385764669609657234017541934 0.032918969944304591132477179091709
-0.23303361709078644364325064871384 0.032674377253922415754863987714537
0.23303361709078644364325064871384 0.032674377253922415754863987714537
-0.26557031688455688101347578446467 0.032392900141672292706303432758523
0.26557031688455688101347578446467 0.032392900141672292706303432758523
-0.29780722802314790901802746164269 0.032074856352599219581715913649056
0.29780722802314790901802746164269 0.032074856352599219581715913649056
-0.32970795991770564279237028035858 0.031720604909992308832587556157163
0.32970795991770564279237028035858 0.031720604909992308832587556157163
-0.36123650147484972774462940066003 0.031330545710102801925914986162673
0.36123650147484972774462940066003 0.031330545710102801925914986162673
-0.39235726174774938729864733241456 0.030905119070722935908768079501882
0.39235726174774938729864733241456 0.030905119070722935908768079501882
-0.42303511011291896020712882432028 0.030444805234135309496475881667881
0.42303511011291896020712882432028 0.030444805234135309496475881667881
-0.45323541592737974592926546421411 0.029950123824993924165877638763971
0.45323541592737974592926546421411 0.029950123824993924165877638763971
-0.48292408762142165744698436265583 0.029421633263748977485515750658354
0.48292408762142165744698436265583 0.029421633263748977485515750658354
-0.51206761118283542735516671124370 0.028859930136277706362906772857596
0.51206761118283542735516671124370 0.028859930136277706362906772857596
-0.54063308798917321727079674798477 0.028265648520433064357428881580324
0.54063308798917321727079674798477 0.028265648520433064357428881580324
-0.56858827194533168333192568793052 0.027639459270270719713116170329369
0.56858827194533168333192568793052 0.027639459270270719713116170329369
-0.59590160588453604434129825363339 0.026982069258762733048787724981165
0.59590160588453604434129825363339 0.026982069258762733048787724981165
-0.62254225719163563272426153238066 0.026294220579853274752298035985245
0.62254225719163563272426153238066 0.026294220579853274752298035985245
-0.64848015260849989338339855637908 0.025576689710757838922175711773051
0.64848015260849989338339855637908 0.025576689710757838922175711773051
-0.67368601218222791557145489132310 0.024830286635452581891835285024249
0.67368601218222791557145489132310 0.024830286635452581891835285024249
-0.69813138231785340914599077556043 0.024055853930344656153065418645904
0.69813138231785340914599077556043 0.024055853930344656153065418645904
-0.72178866789823965090821772870776 0.023254265813157751689919975088665
0.72178866789823965090821772870776 0.023254265813157751689919975088665
-0.74463116343491446018521622950090 0.022426427156109571889106757713651
0.74463116343491446018521622950090 0.022426427156109571889106757713651
-0.76663308321469295939604126505961 0.021573272464499818015057553109437
0.76663308321469295939604126505961 0.021573272464499818015057553109437
-0.78776959040807520119953203010017 0.020695764821868734488589357788067
0.78776959040807520119953203010017 0.020695764821868734488589357788067
-0.80801682510658657864611646937901 0.019794894802927928668055443305344
0.80801682510658657864611646937901 0.019794894802927928668055443305344
-0.82735193125745191635147663298301 0.018871679355508034614430014442209
0.82735193125745191635147663298301 0.018871679355508034614430014442209
-0.84575308246526130294651973757142 0.017927160652813713178853219067570
0.84575308246526130294651973757142 0.017927160652813713178853219067570
-0.86319950663160171512453365064605 0.016962404917329010901227040865566
0.86319950663160171512453365064605 0.016962404917329010901227040865566
-0.87967150940500296214006754158019 0.015978501217782116788317429988826
0.87967150940500296214006754158019 0.015978501217782116788317429988826
-0.89515049641499902748575976505347 0.014976560240671880953918871892361
0.89515049641499902748575976505347 0.014976560240671880953918871892361
-0.90961899426567644569993852251705 0.013957713038007970724070298087466
0.90961899426567644569993852251705 0.013957713038007970724070298087466
-0.92306067026585348438924971636512 0.012923109753185350456026926882709
0.92306067026585348438924971636512 0.012923109753185350456026926882709
-0.93546035087518925136748484851328 0.011873918327447125098613777601761
0.93546035087518925136748484851328 0.011873918327447125098613777601761
-0.94680403884847545445215471857791 0.010811323190542489382026108287679
0.94680403884847545445215471857791 0.010811323190542489382026108287679
-0.95707892906512335223064428331028 0.0097365239418876878269467273656835
0.95707892906512335223064428331028 0.0097365239418876878269467273656835
-0.96627342304005912562151133125823 0.0086507340354286483141405810557890
0.96627342304005912562151133125823 0.0086507340354286483141405810557890
-0.97437714213341045697573210923689 0.0075551795007698207516188851913753
0.97437714213341045697573210923689 0.0075551795007698207516188851913753
-0.98138093953350160676786615945472 0.0064510977943112758890580219803542
0.98138093953350160676786615945472 0.0064510977943112758890580219803542
-0.98727691126857226593169632300071 0.0053397370981692146137584004358634
0.98727691126857226593169632300071 0.0053397370981692146137584004358634
-0.99205840719206274116122158405763 0.0042223573824066079986333340174434
0.99205840719206274116122158405763 0.0042223573824066079986333340174434
-0.99572004624895017938026460412219 0.0031002404030993167754647445832585
0.99572004624895017938026460412219 0.0031002404030993167754647445832585
-0.99825776417141277575249319629368 0.0019747687686868083889396715346418
0.99825776417141277575249319629368 0.0019747687686868083889396715346418
-0.99966926065716868832682085774519 0.00084873716806791100487963367576982
0.99966926065716868832682085774519 0.00084873716806791100487963367576982
