28
2
-0.055079289884034270426516527341880 0.11004701301647519628237626560182
0.055079289884034270426516527341880 0.11004701301647519628237626560182
-0.16456928213338077128147177789117 0.10871119225829413525357151930367
0.16456928213338077128147177789117 0.10871119225829413525357151930367
-0.27206162763517807767682635612577 0.10605576592284641791041643699681
0.27206162763517807767682635612577 0.10605576592284641791041643699681
-0.37625151608907871022135720955609 0.10211296757806076981421663850571
0.37625151608907871022135720955609 0.10211296757806076981421663850571
-0.47587422495511826103441184766743 0.096930657997929915850489006095441
0.47587422495511826103441184766743 0.096930657997929915850489006095441
-0.56972047181140171930800328335643 0.090571744393032840942186031336784
0.56972047181140171930800328335643 0.090571744393032840942186031336784
-0.65665109403886496121989817650674 0.083113417228901218390396498244332
0.65665109403886496121989817650674 0.083113417228901218390396498244332
-0.73561087801363177202814451029253 0.074646214234568779023931887173022
0.73561087801363177202814451029253 0.074646214234568779023931887173022
-0.80564137091717917144788595542528 0.065272923966999595793397566775505
0.80564137091717917144788595542528 0.065272923966999595793397566775505
-0.86589252257439504894225456737969 0.055107345675716745431482918226946
0.86589252257439504894225456737969 0.055107345675716745431482918226946
-0.91563302639213207386968942332993 0.044272934759004227839587877653207
0.91563302639213207386968942332993 0.044272934759004227839587877653207
-0.95425928062893819725410183970522 0.032901427782304379977630819170532
0.95425928062893819725410183970522 0.032901427782304379977630819170532
-0.98130316537087275369455994580783 0.021132112592771259751500380993265
0.98130316537087275369455994580783 0.021132112592771259751500380993265
-0.99644249757395444995043639048331 0.0091242825930945177388161539229517
0.99644249757395444995043639048331 0.0091242825930945177388161539229517
