41
2
0 0.075695535647298372318779961076360
-0.075623258989162996923766193651200 0.075478747092715824027247062674617
0.075623258989162996923766193651200 0.075478747092715824027247062674617
-0.15081335486399216357437796788458 0.074829623176221551891305072633505
0.15081335486399216357437796788458 0.074829623176221551891305072633505
-0.22513960563342277560578625665547 0.073751882027223469939280818324849
0.22513960563342277560578625665547 0.073751882027223469939280818324849
-0.29817627734182486592298288047892 0.072251696861023073396346398348787
0.29817627734182486592298288047892 0.072251696861023073396346398348787
-0.36950502264048144142836691329994 0.070337660620817497481658989969881
0.36950502264048144142836691329994 0.070337660620817497481658989969881
-0.43871727705140708851711985672804 0.068020736760876766735533239726249
0.43871727705140708851711985672804 0.068020736760876766735533239726249
-0.50541659919940603270833607020269 0.065314196453527410436163712653796
0.50541659919940603270833607020269 0.065314196453527410436163712653796
-0.56922094161021586965474721528298 0.062233542580966316471573417083346
0.56922094161021586965474721528298 0.062233542580966316471573417083346
-0.62976483907219632048864909169510 0.058796420949871944991185853380734
0.62976483907219632048864909169510 0.058796420949871944991185853380734
-0.68670150203495128958460385652913 0.055022519242578741880146810171422
0.68670150203495128958460385652913 0.055022519242578741880146810171422
-0.73970480306992618106016874446856 0.050933454294617494781170357115689
0.73970480306992618106016874446856 0.050933454294617494781170357115689
-0.78847114504740937273622178146677 0.046552648369014342060756586864611
0.78847114504740937273622178146677 0.046552648369014342060756586864611
-0.83272120040136133124427277904854 0.041905195195909689429340274311049
0.83272120040136133124427277904854 0.041905195195909689429340274311049
-0.87220151169244140883367057423433 0.037017716703507988435261251580161
0.87220151169244140883367057423433 0.037017716703507988435261251580161
-0.90668594475810117295834041323072 0.031918211731699281787066946857146
0.90668594475810117295834041323072 0.031918211731699281787066946857146
-0.93597698749785382568231827528477 0.026635899207110445467548575258713
0.93597698749785382568231827528477 0.026635899207110445467548575258713
-0.95990689173034622609944169606869 0.021201063368779553075697033493377
0.95990689173034622609944169606869 0.021201063368779553075697033493377
-0.97833867356108338446917070667397 0.015644938407818588530826844479534
0.97833867356108338446917070667397 0.015644938407818588530826844479534
-0.99116710969901630825015889457317 0.0099999387739059453384962966296988
0.99116710969901630825015889457317 0.0099999387739059453384962966296988
-0.99832158857477144151918850808838 0.0043061403581648876840044779046545
0.99832158857477144151918850808838 0.0043061403581648876840044779046545
