40
2
-0.038772417506050821933193444024623 0.077505947978424811263723962958326
0.038772417506050821933193444024623 0.077505947978424811263723962958326
-0.11608407067525520848345128440802 0.077039818164247965588307534283810
0.11608407067525520848345128440802 0.077039818164247965588307534283810
-0.19269758070137109971551685206515 0.076110361900626242371558075922495
0.19269758070137109971551685206515 0.076110361900626242371558075922495
-0.26815218500725368114118434480860 0.074723169057968264200189336261325
0.26815218500725368114118434480860 0.074723169057968264200189336261325
-0.34199409082575847300749248117919 0.072886582395804059060510683442518
0.34199409082575847300749248117919 0.072886582395804059060510683442518
-0.41377920437160500152487974580371 0.070611647391286779695483630855287
0.41377920437160500152487974580371 0.070611647391286779695483630855287
-0.48307580168617871290856657424482 0.067912045815233903825690108231924
0.48307580168617871290856657424482 0.067912045815233903825690108231924
-0.54946712509512820207593130552952 0.064804013456601038074554529566753
0.54946712509512820207593130552952 0.064804013456601038074554529566753
-0.61255388966798023795261245023069 0.061306242492928939166537996408399
0.61255388966798023795261245023069 0.061306242492928939166537996408399
-0.67195668461417954837935451496149 0.057439769099391551366617730910426
0.67195668461417954837935451496149 0.057439769099391551366617730910426
-0.72731825518992710328099645175493 0.053227846983936824354996479772261
0.72731825518992710328099645175493 0.053227846983936824354996479772261
-0.77830565142651938769497154550649 0.048695807635072232061434160448146
0.77830565142651938769497154550649 0.048695807635072232061434160448146
-0.82461223083331166319632023066610 0.043870908185673271991674686041715
0.82461223083331166319632023066610 0.043870908185673271991674686041715
-0.86595950321225950382078180835462 0.038782167974472017639972031290446
0.86595950321225950382078180835462 0.038782167974472017639972031290446
-0.90209880696887429672825333086849 0.033460195282547847392678183086411
0.90209880696887429672825333086849 0.033460195282547847392678183086411
-0.93281280827867653336085216684521 0.027937006980023401098489157507721
0.93281280827867653336085216684521 0.027937006980023401098489157507721
-0.95791681921379165580454099945276 0.022245849194166957261504324184209
0.95791681921379165580454099945276 0.022245849194166957261504324184209
-0.97725994998377426266337028371290 0.016421058381907888712863484882364
0.97725994998377426266337028371290 0.016421058381907888712863484882364
-0.99072623869945700645305435222137 0.010498284531152813614742171067280
0.99072623869945700645305435222137 0.010498284531152813614742171067280
-0.99823770971055920034962270242059 0.0045212770985331912584717328781853
0.99823770971055920034962270242059 0.0045212770985331912584717328781853
