99
2
0 0.031573396892175653051374169317068
-0.031568151209772265203458126467261 0.031557660367911228858092088230615
0.031568151209772265203458126467261 0.031557660367911228858092088230615
-0.063104834600026240206507928375040 0.031510466481628347713237949139954
0.063104834600026240206507928375040 0.031510466481628347713237949139954
-0.094578613719052031876438550482139 0.031431862277221546161521275186841
0.094578613719052031876438550482139 0.031431862277221546161521275186841
-0.12595811481948846171824075295537 0.031321926109075180128174692800965
0.12595811481948846171824075295537 0.031321926109075180128174692800965
-0.15721205813235839438379943440428 0.031180767563958158370334414131539
0.15721205813235839438379943440428 0.031180767563958158370334414131539
-0.18830928904742447642163494693076 0.031008527351785595358334918659034
0.18830928904742447642163494693076 0.031008527351785595358334918659034
-0.21921880916878407038944383010552 0.030805377165356279499179244270294
0.21921880916878407038944383010552 0.030805377165356279499179244270294
-0.24990980721474653935883439469510 0.030571519509205779992182099419164
0.24990980721474653935883439469510 0.030571519509205779992182099419164
-0.28035168973119126717766484428932 0.030307187497745803979612705638474
0.28035168973119126717766484428932 0.030307187497745803979612705638474
-0.31051411158779073632399121638181 0.030012644622891034471902825694197
0.31051411158779073632399121638181 0.030012644622891034471902825694197
-0.34036700622669944304139098992376 0.029688184491405098448017635606840
0.34036700622669944304139098992376 0.029688184491405098448017635606840
-0.36988061563355619372866692566131 0.029334130532227503476433308997182
0.36988061563355619372866692566131 0.029334130532227503476433308997182
-0.39902552000092415237931779061379 0.028950835674073310403738564576387
0.39902552000092415237931779061379 0.028950835674073310403738564576387
-0.42777266705459962175516760323551 0.028538681993626949726636932104398
0.42777266705459962175516760323551 0.028538681993626949726636932104398
-0.45609340101355663729296055135534 0.028098080334680911265934250529455
0.45609340101355663729296055135534 0.028098080334680911265934250529455
-0.48395949115465970017725671977816 0.027629469898599012322076108141121
0.48395949115465970017725671977816 0.027629469898599012322076108141121
-0.51134315995367101421913681575619 0.027133317806512550926393265876717
0.51134315995367101421913681575619 0.027133317806512550926393265876717
-0.53821711077450103254486897591561 0.026610118633685851301792173644569
0.53821711077450103254486897591561 0.026610118633685851301792173644569
-0.56455455507910155074309440449759 0.026060393916515482540928675691501
0.56455455507910155074309440449759 0.026060393916515482540928675691501
-0.59032923913087856421665001280694 0.025484691632654754650582349242766
0.59032923913087856421665001280694 0.025484691632654754650582349242766
-0.61551547016500717705070718174261 0.024883585654781946445987283031510
0.61551547016500717705070718174261 0.024883585654781946445987283031510
-0.64008814199956252510282042642855 0.024257675178557078231640402699074
0.64008814199956252510282042642855 0.024257675178557078231640402699074
-0.66402276006193845755834232300493 0.023607584125337894046617912889276
0.66402276006193845755834232300493 0.023607584125337894046617912889276
-0.68729546580560909750062620748237 0.022933960520251055284083246902868
0.68729546580560909750062620748237 0.022933960520251055284083246902868
-0.70988306049289685820650324439764 0.022237475846239371584355774080088
0.70988306049289685820650324439764 0.022237475846239371584355774080088
-0.73176302832004352218081842831250 0.021518824374730223818246660098463
0.73176302832004352218081842831250 0.021518824374730223818246660098463
-0.75291355886153811825450814738546 0.020778722473594211207425229907089
0.75291355886153811825450814738546 0.020778722473594211207425229907089
-0.77331356881133614519843738741200 0.020017907893086566207947679293068
0.77331356881133614519843738741200 0.020017907893086566207947679293068
-0.79294272299930889390849950277448 0.019237139030487184798673823111073
0.79294272299930889390849950277448 0.019237139030487184798673823111073
-0.81178145466198913468301238292526 0.018437194174178499270985451903983
0.81178145466198913468301238292526 0.018437194174178499270985451903983
-0.82981098494743056502904961716662 0.017618870727924380506757254420763
0.82981098494743056502904961716662 0.017618870727924380506757254420763
-0.84701334163477414729913996896787 0.016782984416138707089502681024737
0.84701334163477414729913996896787 0.016782984416138707089502681024737
-0.86337137704991704443489837795977 0.015930368470960849711037784413245
0.86337137704991704443489837795977 0.015930368470960849711037784413245
-0.87886878515951385027007723316236 0.015061872801990233312952973965146
0.87886878515951385027007723316236 0.015061872801990233312952973965146
-0.89349011782641421500224471277759 0.014178363149579446066142955159093
0.89349011782641421500224471277759 0.014178363149579446066142955159093
-0.90722080021057356823788037524124 0.013280720222657283479953915067274
0.90722080021057356823788037524124 0.013280720222657283479953915067274
-0.92004714530050021871513028187223 0.012369838822175162103433415889385
0.92004714530050021871513028187223 0.012369838822175162103433415889385
-0.93195636756149696436165035764234 0.011446626951498253761132546662799
0.93195636756149696436165035764234 0.011446626951498253761132546662799
-0.94293659568847941029465948998326 0.010512004915524745405748984186863
0.94293659568847941029465948998326 0.010512004915524745405748984186863
-0.95297688445337350257566803566399 0.0095669044113261363568988663415860
0.95297688445337350257566803566399 0.0095669044113261363568988663415860
-0.96206722564090194273907132859960 0.0086122676154788889917328440468880
0.96206722564090194273907132859960 0.0086122676154788889917328440468880
-0.97019855807429021548072988788822 0.0076490462793352579353904672907548
0.97019855807429021548072988788822 0.0076490462793352579353904672907548
-0.97736277675070594456979403088333 0.0066782008605750981651840628893001
0.97736277675070594456979403088333 0.0066782008605750981651840628893001
-0.98355274115628001296556220205441 0.0057006997733959268751523934781500
0.98355274115628001296556220205441 0.0057006997733959268751523934781500
-0.98876228298987361251034185482308 0.0047175190375208300796874553644174
0.98876228298987361251034185482308 0.0047175190375208300796874553644174
-0.99298621413311227732963421029170 0.0037296434872430347491988242152108
0.99298621413311227732963421029170 0.0037296434872430347491988242152108
-0.99622033867308860856289526193808 0.0027380758736268780913246762814611
0.99622033867308860856289526193808 0.0027380758736268780913246762814611
-0.99846149383584133897288127399305 0.0017439069582192449386366231999098
0.99846149383584133897288127399305 0.0017439069582192449386366231999098
-0.99970794395216935586358384942040 0.00074947364673740536337524994597773
0.99970794395216935586358384942040 0.00074947364673740536337524994597773
