113
2
0 0.027678961863281493405065430217630
-0.027675427672973444221506678294065 0.027668359563126232163025585530390
0.027675427672973444221506678294065 0.027668359563126232163025585530390
-0.055329653453147422463923960137766 0.027636560784986184508441877565638
0.055329653453147422463923960137766 0.027636560784986184508441877565638
-0.082941491690299742676005853641066 0.027583589889616122926755525041146
0.082941491690299742676005853641066 0.027583589889616122926755525041146
-0.11048978920691947826481692220852 0.027509487457537316191087997310386
0.11048978920691947826481692220852 0.027509487457537316191087997310386
-0.13795344150346392773812970564126 0.027414310257949182375286053171882
0.13795344150346392773812970564126 0.027414310257949182375286053171882
-0.16531140892632385148745767044456 0.027298131205238952078197088785498
0.16531140892632385148745767044456 0.027298131205238952078197088785498
-0.19254273278611086429071802655419 0.027161039303122660244579724609137
0.19254273278611086429071802655419 0.027161039303122660244579724609137
-0.21962655141391892083726459229235 0.027003139576460260791894330651909
0.21962655141391892083726459229235 0.027003139576460260791894330651909
-0.24654211614325935036065892822558 0.026824552990797101340644748219975
0.24654211614325935036065892822558 0.026824552990797101340644748219975
-0.27326880720542583895914575469794 0.026625416359693398481172975529825
0.27326880720542583895914575469794 0.026625416359693398481172975529825
-0.29978614952611208084243523948249 0.026405882239912710008716432138412
0.29978614952611208084243523948249 0.026405882239912710008716432138412
-0.32607382841118047185521649593692 0.026166118814549702279592668570257
0.32607382841118047185521649593692 0.026166118814549702279592668570257
-0.35211170510956514236430050816943 0.025906309764186751192025099476914
0.35211170510956514236430050816943 0.025906309764186751192025099476914
-0.37787983224138675706411891471990 0.025626654126178087239787083946856
0.37787983224138675706411891471990 0.025626654126178087239787083946856
-0.40335846907945977455775258230809 0.025327366142169291655794159083822
0.40335846907945977455775258230809 0.025327366142169291655794159083822
-0.42852809667248518087834808799970 0.025008675093968964962261932042717
0.42852809667248518087834808799970 0.025008675093968964962261932042717
-0.45336943279834300274841496212571 0.024670825127898314468182276755353
0.45336943279834300274841496212571 0.024670825127898314468182276755353
-0.47786344673602907589572207960969 0.024314075067753236700062935991638
0.47786344673602907589572207960969 0.024314075067753236700062935991638
-0.50199137384491949207287425540429 0.023938698216522197834925190137595
0.50199137384491949207287425540429 0.023938698216522197834925190137595
-0.52573472994019376996816530934850 0.023544982147011833486057785425685
0.52573472994019376996816530934850 0.023544982147011833486057785425685
-0.54907532545340397799806636815885 0.023133228481540692407561583413519
0.54907532545340397799806636815885 0.023133228481540692407561583413519
-0.57199527936734166292705096104590 0.022703752660869930786512294806507
0.57199527936734166292705096104590 0.022703752660869930786512294806507
-0.59447703291452738334474994214509 0.022256883702548019012245251008218
0.59447703291452738334474994214509 0.022256883702548019012245251008218
-0.61650336302882878162360063297017 0.021792963948854645744323306350869
0.61650336302882878162360063297017 0.021792963948854645744323306350869
-0.63805739553990231728685220591159 0.021312348804536989825086748535833
0.63805739553990231728685220591159 0.021312348804536989825086748535833
-0.65912261810035088933990477875490 0.020815406464539374852166067478553
0.65912261810035088933990477875490 0.020815406464539374852166067478553
-0.67968289283569445185991638543593 0.020302517631935020743676605342856
0.67968289283569445185991638543593 0.020302517631935020743676605342856
-0.69972246870746323014838562105110 0.019774075226276159471376457409023
0.69972246870746323014838562105110 0.019774075226276159471376457409023
-0.71922599357994312720434676439317 0.019230484082586188416090792561559
0.71922599357994312720434676439317 0.019230484082586188416090792561559
-0.73817852598133022688690389952416 0.018672160641224797698815635468751
0.73817852598133022688690389952416 0.018672160641224797698815635468751
-0.75656554655028581099710476887153 0.018099532628864135277817588214438
0.75656554655028581099710476887153 0.018099532628864135277817588214438
-0.77437296915912488406396467637858 0.017513038730821080930611008662139
0.77437296915912488406396467637858 0.017513038730821080930611008662139
-0.79158715170511973414358947234793 0.016913128254997614719277525234307
0.79158715170511973414358947234793 0.016913128254997614719277525234307
-0.80819490656165547888011182762249 0.016300260787688133860224793337290
0.80819490656165547888011182762249 0.016300260787688133860224793337290
-0.82418351068123684335465590653030 0.015674905841519473134172352500467
0.82418351068123684335465590653030 0.015674905841519473134172352500467
-0.83954071534261468387347880104317 0.015037542495796452141028176602511
0.83954071534261468387347880104317 0.015037542495796452141028176602511
-0.85425475553457728123520178403593 0.014388659029533237516831900565714
0.85425475553457728123520178403593 0.014388659029533237516831900565714
-0.86831435896923575608746921492768 0.013728752547459069595148693680447
0.86831435896923575608746921492768 0.013728752547459069595148693680447
-0.88170875471792622516778142789769 0.013058328599296671698139713691540
0.88170875471792622516778142789769 0.013058328599296671698139713691540
-0.89442768146315560954462039342020 0.012377900792624230926448081908887
0.89442768146315560954462039342020 0.012377900792624230926448081908887
-0.90646139536033721021737501804515 0.011687990399649637304660285197276
0.90646139536033721021737501804515 0.011687990399649637304660285197276
-0.91780067750340359300580406006751 0.010989125958253383682038390321179
0.91780067750340359300580406006751 0.010989125958253383682038390321179
-0.92843684098876203749346193098690 0.010281842867703562677367578806149
0.92843684098876203749346193098690 0.010281842867703562677367578806149
-0.93836173757249970712692946483487 0.0095666829795323665996990987429112
0.93836173757249970712692946483487 0.0095666829795323665996990987429112
-0.94756776391630930911256275971926 0.0088441941842312498569467753687607
0.94756776391630930911256275971926 0.0088441941842312498569467753687607
-0.95604786741841543683313239230143 0.0081149299947700341624170094805154
0.95604786741841543683313239230143 0.0081149299947700341624170094805154
-0.96379555162711952991012802104042 0.0073794491287145189025443313182843
0.96379555162711952991012802104042 0.0073794491287145189025443313182843
-0.97080488123713232622019680853807 0.0066383150925381315281428458467139
0.97080488123713232622019680853807 0.0066383150925381315281428458467139
-0.97707048667441564035090874561710 0.0058920957763881519813626651914451
0.97707048667441564035090874561710 0.0058920957763881519813626651914451
-0.98258756828891981158441809748791 0.0051413630806987910437092234224603
0.98258756828891981158441809748791 0.0051413630806987910437092234224603
-0.98735190021266432229573416774049 0.0043866926375502421140542823573704
0.98735190021266432229573416774049 0.0043866926375502421140542823573704
-0.99135983406264958005313219364691 0.0036286638416975181030699260682346
0.99135983406264958005313219364691 0.0036286638416975181030699260682346
-0.99460830313521823047859343630210 0.0028678610832792145737608744418291
0.99460830313521823047859343630210 0.0028678610832792145737608744418291
-0.99709483001970533815760404081301 0.0021048810488895136217190034042305
0.99709483001970533815760404081301 0.0021048810488895136217190034042305
-0.99881755673734567648043533765100 0.0013403868974682916309144197141027
0.99881755673734567648043533765100 0.0013403868974682916309144197141027
-0.99977554649980711556601020457758 0.00057599861480422582901452845125879
0.99977554649980711556601020457758 0.00057599861480422582901452845125879
