34
2
-0.045509821953102542749075670851930 0.090956740330259873615337603948578
0.045509821953102542749075670851930 0.090956740330259873615337603948578
-0.13615235725918297589442882433112 0.090203044370640729573942242017494
0.13615235725918297589442882433112 0.090203044370640729573942242017494
-0.22566669161644948386864118093435 0.088701897835693869287076457364881
0.22566669161644948386864118093435 0.088701897835693869287076457364881
-0.31331108133946324745831676565098 0.086465739747035749784246856280748
0.31331108133946324745831676565098 0.086465739747035749784246856280748
-0.39835927775864594063149475293235 0.083513099699845655187020228046149
0.39835927775864594063149475293235 0.083513099699845655187020228046149
-0.48010654519032703419410268050740 0.079868444339771844738818832806438
0.48010654519032703419410268050740 0.079868444339771844738818832806438
-0.55787550066974664273645988621627 0.075561974660031931270833974228436
0.55787550066974664273645988621627 0.075561974660031931270833974228436
-0.63102172708052854531777575551901 0.070629375814255724999038796567685
0.63102172708052854531777575551901 0.070629375814255724999038796567685
-0.69893911321626290793300010657578 0.065111521554076411378544430064894
0.69893911321626290793300010657578 0.065111521554076411378544430064894
-0.76106487662987301418740896897874 0.059054135827524493193960972350526
0.76106487662987301418740896897874 0.059054135827524493193960972350526
-0.81688422790093366459157890658697 0.052507414572678106168245974842468
0.81688422790093366459157890658697 0.052507414572678106168245974842468
-0.86593463833456446926357209067130 0.045525611523353272453822563395271
0.86593463833456446926357209067130 0.045525611523353272453822563395271
-0.90780967771832446880089988901929 0.038166593796387516321765920289977
0.90780967771832446880089988901929 0.038166593796387516321765920289977
-0.94216239740510709163167602546057 0.030491380638446131809442387681318
0.94216239740510709163167602546057 0.030491380638446131809442387681318
-0.96870826253334428176464657305599 0.022563721985494970084094088714954
0.96870826253334428176464657305599 0.022563721985494970084094088714954
-0.98722781640630948504975043109968 0.014450162748595035415202210328747
0.98722781640630948504975043109968 0.014450162748595035415202210328747
-0.99757175379084191924337243745463 0.0062291405559086847186064610714378
0.99757175379084191924337243745463 0.0062291405559086847186064610714378
