112
2
-0.013962042448558683275143721332138 0.027922270225496082396341299219283
0.013962042448558683275143721332138 0.027922270225496082396341299219283
-0.041875240164992552336389064997184 0.027900497279155473642143408046278
0.041875240164992552336389064997184 0.027900497279155473642143408046278
-0.069755784828872187577706347623609 0.027856968364363379146348969830698
0.069755784828872187577706347623609 0.027856968364363379146348969830698
-0.097581936030195779184779783412189 0.027791717423659206498301754711453
0.097581936030195779184779783412189 0.027791717423659206498301754711453
-0.12533199577334872553724674014197 0.027704795337765294488470154946156
0.12533199577334872553724674014197 0.027704795337765294488470154946156
-0.15298432539654847415630898571338 0.027596269885911683745698165683474
0.15298432539654847415630898571338 0.027596269885911683745698165683474
-0.18051736244502265770328586581624 0.027466225692983949724207897871185
0.18051736244502265770328586581624 0.027466225692983949724207897871185
-0.20790963748476333913446567089172 0.027314764163535311670304350915222
0.20790963748476333913446567089172 0.027314764163535311670304350915222
-0.23513979084374651835612171161672 0.027142003402714474402485480837516
0.23513979084374651835612171161672 0.027142003402714474402485480837516
-0.26218658926756261479889192174311 0.026948078124170862882897344910581
0.26218658926756261479889192174311 0.026948078124170862882897344910581
-0.28902894247647038221264803019133 0.026733139545009064707880740699700
0.28902894247647038221264803019133 0.026733139545009064707880740699700
-0.31564591961096358172718187357782 0.026497355267874394908769727497885
0.31564591961096358172718187357782 0.026497355267874394908769727497885
-0.34201676555302667701906093553713 0.026240909150261532990221955341556
0.34201676555302667701906093553713 0.026240909150261532990221955341556
-0.36812091711035275364763764172989 0.025964001161148146161080712084963
0.36812091711035275364763764172989 0.025964001161148146161080712084963
-0.39393801905090372790297982310478 0.025666847225065297520405022733851
0.39393801905090372790297982310478 0.025666847225065297520405022733851
-0.41944793997530961580246297036044 0.025349679053726235917480603558815
0.41944793997530961580246297036044 0.025349679053726235917480603558815
-0.44463078801473008955193835567250 0.025012743965344867770958321946858
0.44463078801473008955193835567250 0.025012743965344867770958321946858
-0.46946692634193765873711549143878 0.024656304691784812878634869966867
0.46946692634193765873711549143878 0.024656304691784812878634869966867
-0.49393698848352747124814681316519 0.024280639173689438872915522183483
0.49393698848352747124814681316519 0.024280639173689438872915522183483
-0.51802189342131382175307647616350 0.023886040343752645326441158061826
0.51802189342131382175307647616350 0.023886040343752645326441158061826
-0.54170286047113786364913426862602 0.023472815898299421620420349151783
0.54170286047113786364913426862602 0.023472815898299421620420349151783
-0.56496142392748461720251539882847 0.023041288057354325815499787510321
0.56496142392748461720251539882847 0.023041288057354325815499787510321
-0.58777944746249001880420539261278 0.022591793313385018461441427993421
0.58777944746249001880420539261278 0.022591793313385018461441427993421
-0.61013913826811032441813008616577 0.022124682168916829474185997121208
0.61013913826811032441813008616577 0.022124682168916829474185997121208
-0.63202306093042651904101820441478 0.021640318863223032327918965366950
0.63202306093042651904101820441478 0.021640318863223032327918965366950
-0.65341415102526534275152728549439 0.021139081088304042978862565007008
0.65341415102526534275152728549439 0.021139081088304042978862565007008
-0.67429572842453596770254512499214 0.020621359694377147255903278942427
0.67429572842453596770254512499214 0.020621359694377147255903278942427
-0.69465151030290709096756354992142 0.020087558385106587428799118834923
0.69465151030290709096756354992142 0.020087558385106587428799118834923
-0.71446562383468308573095456482805 0.019538093402811905885811466305790
0.71446562383468308573095456482805 0.019538093402811905885811466305790
-0.73372261857097971920157624410512 0.018973393203900354045195699461622
0.73372261857097971920157624410512 0.018973393203900354045195699461622
-0.75240747848754964608216874562632 0.018393898124776935344730103692365
0.75240747848754964608216874562632 0.018393898124776935344730103692365
-0.77050563369386527875255509400442 0.017800060038493277536480930910516
0.77050563369386527875255509400442 0.017800060038493277536480930910516
-0.78800297179433159755028775772828 0.017192342002404048826455432309859
0.78800297179433159755028775772828 0.017192342002404048826455432309859
-0.80488584889277391102823501361047 0.016571217897107091698939625527896
0.80488584889277391102823501361047 0.016571217897107091698939625527896
-0.82114110023162548331725480220536 0.015937172056950927559037327674715
0.82114110023162548331725480220536 0.015937172056950927559037327674715
-0.83675605045752739570431221765380 0.015290698892400920628871536984103
0.83675605045752739570431221765380 0.015290698892400920628871536984103
-0.85171852350534826437296255755200 0.014632302504563414206378199029199
0.85171852350534826437296255755200 0.014632302504563414206378199029199
-0.86601685209293506961878620690494 0.013962496292175973077264701557800
0.86601685209293506961878620690494 0.013962496292175973077264701557800
-0.87963988681921948616413042821307 0.013281802551382205638924895761685
0.87963988681921948616413042821307 0.013281802551382205638924895761685
-0.89257700485862885042019635468950 0.012590752068622815527793804282152
0.89257700485862885042019635468950 0.012590752068622815527793804282152
-0.90481811824509119811549852750622 0.011889883706993013501998875813907
0.90481811824509119811549852750622 0.011889883706993013501998875813907
-0.91635368173928707948137918304398 0.011179743986444979672546245742748
0.91635368173928707948137918304398 0.011179743986444979672546245742748
-0.92717470027320140778788624460134 0.010460886658262272224854568948371
0.92717470027320140778788624460134 0.010460886658262272224854568948371
-0.93727273596649480520138486258335 0.0097338722743208989288211786333948
0.93727273596649480520138486258335 0.0097338722743208989288211786333948
-0.94663991470980430744728301333455 0.0089992677518228150324440935253936
0.94663991470980430744728301333455 0.0089992677518228150324440935253936
-0.95526893231092417771475325317813 0.0082576459345422289979027942307225
0.95526893231092417771475325317813 0.0082576459345422289979027942307225
-0.96315306020119649355093699730005 0.0075095851524083796730923222043277
0.96315306020119649355093699730005 0.0075095851524083796730923222043277
-0.97028615070205519878524587245803 0.0067556687831021833925574526272510
0.97028615070205519878524587245803 0.0067556687831021833925574526272510
-0.97666264185733720544205540168544 0.0059964848240926794369972106663215
0.97666264185733720544205540168544 0.0059964848240926794369972106663215
-0.98227756185090063956892412161447 0.0052326254969056536730303115331755
0.98227756185090063956892412161447 0.0052326254969056536730303115331755
-0.98712653306784933987468824805041 0.0044646869476650487471404823739242
0.98712653306784933987468824805041 0.0044646869476650487471404823739242
-0.99120577598190088980691798589682 0.0036932692626873776124511049169730
0.99120577598190088980691798589682 0.0036932692626873776124511049169730
-0.99451211352692603410994892180245 0.0029189777070867291244996181779913
0.99451211352692603410994892180245 0.0029189777070867291244996181779913
-0.99704297893266322986752656837684 0.0021424301399977385719957988172429
0.99704297893266322986752656837684 0.0021424301399977385719957988172429
-0.99879644647165493357222116743698 0.0013643121415755367741571774107231
0.99879644647165493357222116743698 0.0013643121415755367741571774107231
-0.99977153865977162169348653399594 0.00058628325012403364460808990413901
0.99977153865977162169348653399594 0.00058628325012403364460808990413901
