121
2
0 0.025856510726376788761790742537820
-0.025853629672777886331934362814913 0.025847867758199127823556380014929
0.025853629672777886331934362814913 0.025847867758199127823556380014929
-0.051689975335280534641733840949034 0.025821944631777624402865789237678
0.051689975335280534641733840949034 0.025821944631777624402865789237678
-0.077491764532168017799154053349231 0.025778758677583859083329683092143
0.077491764532168017799154053349231 0.025778758677583859083329683092143
-0.10324174791024617611135731021440 0.025718338766863523336814032306423
0.10324174791024617611135731021440 0.025718338766863523336814032306423
-0.12892271075023252958858671142518 0.025640725292335042276129530854779
0.12892271075023252958858671142518 0.025640725292335042276129530854779
-0.15451748447536828137302754342333 0.025545970141185714308356246947914
0.15451748447536828137302754342333 0.025545970141185714308356246947914
-0.18000895812918252721780973798991 0.025434136660383421006914660181040
0.18000895812918252721780973798991 0.025434136660383421006914660181040
-0.20538008981473540907639183100582 0.025305299614327097935258524188886
0.20538008981473540907639183100582 0.025305299614327097935258524188886
-0.23061391808769270399269193308893 0.025159545134864279083186548124596
0.23061391808769270399269193308893 0.025159545134864279083186548124596
-0.25569357329561520537228182535045 0.024996970663709130599597873365357
0.25569357329561520537228182535045 0.024996970663709130599597873365357
-0.28060228885588221175577795979231 0.024817684887299470218249816910332
0.28060228885588221175577795979231 0.024817684887299470218249816910332
-0.30532341246470946440152606485902 0.024621807664136323787444102657743
0.30532341246470946440152606485902 0.024621807664136323787444102657743
-0.32984041722976794193121196782928 0.024409469944654596261615720608545
0.32984041722976794193121196782928 0.024409469944654596261615720608545
-0.35413691271896099725648856440538 0.024180813683678428045826821080129
0.35413691271896099725648856440538 0.024180813683678428045826821080129
-0.37819665591797337491016292592878 0.023935991745519765381875469156524
0.37819665591797337491016292592878 0.023935991745519765381875469156524
-0.40200356208926663836782709113043 0.023675167801783592234644969286076
0.40200356208926663836782709113043 0.023675167801783592234644969286076
-0.42554171552526142630445064864613 0.023398516221948147619635476965179
0.42554171552526142630445064864613 0.023398516221948147619635476965179
-0.44879538018851770008311579154037 0.023106221956793283284579956640454
0.44879538018851770008311579154037 0.023106221956793283284579956640454
-0.47174901023179969501538501284658 0.022798480414754898939121421431249
0.47174901023179969501538501284658 0.022798480414754898939121421431249
-0.49438726039099259480350899049811 0.022475497331288122684691839839718
0.49438726039099259480350899049811 0.022475497331288122684691839839718
-0.51669499624392295870798198802412 0.022137488631326579856307548069250
0.51669499624392295870798198802412 0.022137488631326579856307548069250
-0.53865730432822458797058998005115 0.021784680284929711139733958243531
0.53865730432822458797058998005115 0.021784680284929711139733958243531
-0.56025950211148576248316944245882 0.021417308156214657641855362567592
0.56025950211148576248316944245882 0.021417308156214657641855362567592
-0.58148714780701254836348500242620 0.021035617845673723737286135998513
0.58148714780701254836348500242620 0.021035617845673723737286135998513
-0.60232605002864610694660690048322 0.020639864525982855280916475825649
0.60232605002864610694660690048322 0.020639864525982855280916475825649
-0.62276227727817955805343838152350 0.020230312771410928612124697925511
0.62276227727817955805343838152350 0.020230312771410928612124697925511
-0.64278216725903189513463296551196 0.019807236380943932336789995047507
0.64278216725903189513463296551196 0.019807236380943932336789995047507
-0.66237233600995264467247980968320 0.019370918195242337092275579208153
0.66237233600995264467247980968320 0.019370918195242337092275579208153
-0.68151968685265133283624399517412 0.018921649907554086698143850336212
0.68151968685265133283624399517412 0.018921649907554086698143850336212
-0.70021141914737029318481040362701 0.018459731868709706135862786888103
0.70021141914737029318481040362701 0.018459731868709706135862786888103
-0.71843503685054784378339738833199 0.017985472886330007333199972227803
0.71843503685054784378339738833199 0.017985472886330007333199972227803
-0.73617835686885130422554305650028 0.017499190018380783555600803153438
0.73617835686885130422554305650028 0.017499190018380783555600803153438
-0.75342951720399563811074476587946 0.017001208361212719856121401383733
0.75342951720399563811074476587946 0.017001208361212719856121401383733
-0.77017698488290362365513629694759 0.016491860832228515666381434026017
0.77017698488290362365513629694759 0.016491860832228515666381434026017
-0.78640956366790731048729803619408 0.015971487947322925460888386348234
0.78640956366790731048729803619408 0.015971487947322925460888386348234
-0.80211640154183806269007987874934 0.015440437593245090167693903475417
0.80211640154183806269007987874934 0.015440437593245090167693903475417
-0.81728699796300368560291184032454 0.014899064795036181633923104645195
0.81728699796300368560291184032454 0.014899064795036181633923104645195
-0.83191121088520598935955752382809 0.014347731478699057888666504117563
0.83191121088520598935955752382809 0.014347731478699057888666504117563
-0.84597926353811071393997146494249 0.013786806229260399257039454829260
0.84597926353811071393997146494249 0.013786806229260399257039454829260
-0.85948175096344417989593893465336 0.013216664044389783591429300258115
0.85948175096344417989593893465336 0.013216664044389783591429300258115
-0.87240964630265764391861742101831 0.012637686083744565407142343801226
0.87240964630265764391861742101831 0.012637686083744565407142343801226
-0.88475430683187170650693271375829 0.012050259414214599423298959561718
0.88475430683187170650693271375829 0.012050259414214599423298959561718
-0.89650747974009029029977653801772 0.011454776751247416016063347257665
0.89650747974009029029977653801772 0.011454776751247416016063347257665
-0.90766130764685858193934631498513 0.010851636196443545922231282914235
0.90766130764685858193934631498513 0.010851636196443545922231282914235
-0.91820833385573537709221357760382 0.010241240971625422329547159238034
0.91820833385573537709221357760382 0.010241240971625422329547159238034
-0.92814150734016394706579838842226 0.0096239991496057548048574877032849
0.92814150734016394706579838842226 0.0096239991496057548048574877032849
-0.93745418745856921093297861830238 0.0090003233819206764452562496992201
0.93745418745856921093297861830238 0.0090003233819206764452562496992201
-0.94614014839580708214541812479296 0.0083706306238664336961123815929177
0.94614014839580708214541812479296 0.0083706306238664336961123815929177
-0.95419358332849464229123705949892 0.0077353418573233101087108057862979
0.95419358332849464229123705949892 0.0077353418573233101087108057862979
-0.96160910831236566117953630945210 0.0070948818121528804229051969010918
0.96160910831236566117953630945210 0.0070948818121528804229051969010918
-0.96838176589087154641874723667433 0.0064496786876247086821622229440264
0.96838176589087154641874723667433 0.0064496786876247086821622229440264
-0.97450702842638081136858222288171 0.0058001638769164628768029674756176
0.97450702842638081136858222288171 0.0058001638769164628768029674756176
-0.97998080116008169587207095201564 0.0051467717018011931341083425567094
0.97998080116008169587207095201564 0.0051467717018011931341083425567094
-0.98479942501852155377179793487002 0.0044899391760938505977666907791387
0.98479942501852155377179793487002 0.0044899391760938505977666907791387
-0.98895967921783423958584468292463 0.0038301058526489334620880904690218
0.98895967921783423958584468292463 0.0038301058526489334620880904690218
-0.99245878382310762083454240189744 0.0031677139413639288817385273219166
0.99245878382310762083454240189744 0.0031677139413639288817385273219166
-0.99529440282788451785956577204910 0.0025032094764987508718518889158565
0.99529440282788451785956577204910 0.0025032094764987508718518889158565
-0.99746465030938901793641629368420 0.0018370487801022518950045284635947
0.99746465030938901793641629368420 0.0018370487801022518950045284635947
-0.99896811633275009779764429563243 0.0011697458310437232180685131838990
0.99896811633275009779764429563243 0.0011697458310437232180685131838990
-0.99980412997606875066226148364289 0.00050264932339376616745212470112544
0.99980412997606875066226148364289 0.00050264932339376616745212470112544
