116
2
-0.013482697570296680167366406683306 0.026963761040330408905425074600678
0.013482697570296680167366406683306 0.026963761040330408905425074600678
-0.040438288822272181703401669988999 0.026944154451324075069270377207974
0.040438288822272181703401669988999 0.026944154451324075069270377207974
-0.067364475537251983856455855315488 0.026904955530163145761244470278965
0.067364475537251983856455855315488 0.026904955530163145761244470278965
-0.094241678448248160088773100600298 0.026846192780184292002792230056201
0.094241678448248160088773100600298 0.026846192780184292002792230056201
-0.12105035390664735336125654744358 0.026767908930483044396204538548707
0.12105035390664735336125654744358 0.026767908930483044396204538548707
-0.14777100809329569086939799186717 0.026670160904843523879629564245409
0.14777100809329569086939799186717 0.026670160904843523879629564245409
-0.17438421119335043222668470148798 0.026553019780346569430159863416975
0.17438421119335043222668470148798 0.026553019780346569430159863416975
-0.20087061152459117272434063925757 0.026416570735686361339235143543605
0.20087061152459117272434063925757 0.026416570735686361339235143543605
-0.22721094960891726579333670554918 0.026260912989233122334001504490367
0.22721094960891726579333670554918 0.026260912989233122334001504490367
-0.25338607217679944174790878691034 0.026086159726886935177702420433932
0.25338607217679944174790878691034 0.026086159726886935177702420433932
-0.27937694609450235330243402220102 0.025892438019775139041797402382195
0.27937694609450235330243402220102 0.025892438019775139041797402382195
-0.30516467220395093683163675385956 0.025679888731853152519201567986325
0.30516467220395093683163675385956 0.025679888731853152519201567986325
-0.33073049906517700112622797705133 0.025448666417475913290365475436368
0.33073049906517700112622797705133 0.025448666417475913290365475436368
-0.35605583659135329638727347113209 0.025198939209014417847311499047249
0.35605583659135329638727347113209 0.025198939209014417847311499047249
-0.38112226956650042401410459511199 0.024930888694599084053195994477239
0.38112226956650042401410459511199 0.024930888694599084053195994477239
-0.40591157103603726573553129642266 0.024644709786078839443255362267471
0.40591157103603726573553129642266 0.024644709786078839443255362267471
-0.43040571556043807697967778881632 0.024340610577291953889786190008791
0.43040571556043807697967778881632 0.024340610577291953889786190008791
-0.45458689232235893710512716338214 0.024018812192751681455942918106600
0.45458689232235893710512716338214 0.024018812192751681455942918106600
-0.47843751807770280618941364144921 0.023679548626856747921595032573615
0.47843751807770280618941364144921 0.023679548626856747921595032573615
-0.50194024994120592746751842003226 0.023323066573743612636795904212707
0.50194024994120592746751842003226 0.023323066573743612636795904212707
-0.52507799799724865431741818685448 0.022949625247904241204527338212765
0.52507799799724865431741818685448 0.022949625247904241204527338212765
-0.54783393772672088420603726141202 0.022559496195699844297610830965878
0.54783393772672088420603726141202 0.022559496195699844297610830965878
-0.57019152224090605789770894638535 0.022152963097907663110028916597808
0.57019152224090605789770894638535 0.022152963097907663110028916597808
-0.59213449431348803467563606853077 0.021730321563444409156329053409733
0.59213449431348803467563606853077 0.021730321563444409156329053409733
-0.61364689820193198326570734172045 0.021291878914416391236664583364217
0.61364689820193198326570734172045 0.021291878914416391236664583364217
-0.63471309124964362953980136209254 0.020837953962652681578065898725949
0.63471309124964362953980136209254 0.020837953962652681578065898725949
-0.65531775526047066827943782729963 0.020368876777883883086760565755287
0.65531775526047066827943782729963 0.020368876777883883086760565755287
-0.67544590763727576660045924767946 0.019884988447735157561124220294867
0.67544590763727576660045924767946 0.019884988447735157561124220294867
-0.69508291227648224804807267444782 0.019386640829708158759407124143205
0.69508291227648224804807267444782 0.019386640829708158759407124143205
-0.71421449021067113458084544795256 0.018874196295332383811984179979097
0.71421449021067113458084544795256 0.018874196295332383811984179979097
-0.73282672999149162469405010108673 0.018348027466672212942308874200723
0.73282672999149162469405010108673 0.018348027466672212942308874200723
-0.75090609780533618848019191395267 0.017808516945381555032979077494202
0.75090609780533618848019191395267 0.017808516945381555032979077494202
-0.76843944731442615946861194397387 0.017256057034503563929608790605131
0.76843944731442615946861194397387 0.017256057034503563929608790605131
-0.78541402921615390553955267104979 0.016691049453218353232762806660097
0.78541402921615390553955267104979 0.016691049453218353232762806660097
-0.80181750051373329488707063582453 0.016113905044747042676296052723211
0.80181750051373329488707063582453 0.016113905044747042676296052723211
-0.81763793349142120115858344417586 0.015525043477625862433812782278021
0.81763793349142120115858344417586 0.015525043477625862433812782278021
-0.83286382438778923719748217074398 0.014924892940569498920160855484759
0.83286382438778923719748217074398 0.014924892940569498920160855484759
-0.84748410176074689176662154671883 0.014313889831148515133547692751838
0.84748410176074689176662154671883 0.014313889831148515133547692751838
-0.86148813453824506013873446805012 0.013692478438511739321198753439804
0.86148813453824506013873446805012 0.013692478438511739321198753439804
-0.87486573974882319130463638269463 0.013061110620391368285292657567395
0.87486573974882319130463638269463 0.013061110620391368285292657567395
-0.88760718992640501860003484519666 0.012420245474636851551011506060991
0.88760718992640501860003484519666 0.012420245474636851551011506060991
-0.89970322018399911671917461501369 0.011770349005534639609959880225371
0.89970322018399911671917461501369 0.011770349005534639609959880225371
-0.91114503495122506258785310161257 0.011111893785186896404418400348681
0.91114503495122506258785310161257 0.011111893785186896404418400348681
-0.92192431437087074798252599943162 0.010445358610247745748043537860852
0.92192431437087074798252599943162 0.010445358610247745748043537860852
-0.93203322035000478665146124884720 0.0097712281543594671200606343977300
0.93203322035000478665146124884720 0.0097712281543594671200606343977300
-0.94146440226154650304122330741859 0.0090899926167118990173912348106960
0.94146440226154650304122330741859 0.0090899926167118990173912348106960
-0.95021100229268932004828557822559 0.0084021473673068182711770690800363
0.95021100229268932004828557822559 0.0084021473673068182711770690800363
-0.95826666043729931517630152172041 0.0077081925898388133600275223430130
0.95826666043729931517630152172041 0.0077081925898388133600275223430130
-0.96562551913063747359928568538894 0.0070086329238337113709737939266640
0.96562551913063747359928568538894 0.0070086329238337113709737939266640
-0.97228222752713183490496838720532 0.0063039771094134252757652747139117
0.97228222752713183490496838720532 0.0063039771094134252757652747139117
-0.97823194542715223098381749021370 0.0055947376424833742643549060521575
0.97823194542715223098381749021370 0.0055947376424833742643549060521575
-0.98347034687166544682405770593861 0.0048814304606022544319420991152211
0.98347034687166544682405770593861 0.0048814304606022544319420991152211
-0.98799362345972960891704074399944 0.0041645747191901008710850393034339
0.98799362345972960891704074399944 0.0041645747191901008710850393034339
-0.99179848755957694616952763383463 0.0034446928620258853084365050870358
0.99179848755957694616952763383463 0.0034446928620258853084365050870358
-0.99488217602736944850588038250988 0.0027223118326486457738818367694305
0.99488217602736944850588038250988 0.0027223118326486457738818367694305
-0.99724245721290897742096996750395 0.0019979700458763015665883953691864
0.99724245721290897742096996750395 0.0019979700458763015665883953691864
-0.99887765938717020462835050543307 0.0012722688512552659084534907716708
0.99887765938717020462835050543307 0.0012722688512552659084534907716708
-0.99978695702237201756216069918813 0.00054671766447135804104528578855906
0.99978695702237201756216069918813 0.00054671766447135804104528578855906
