98
2
-0.015946289478309399287563567415447 0.031889875352876467277945010554278
0.015946289478309399287563567415447 0.031889875352876467277945010554278
-0.047822648462549322962767688127250 0.031857438158124010713099188842049
0.047822648462549322962767688127250 0.031857438158124010713099188842049
-0.079650364028005988212933627785257 0.031792596762528630198317838385512
0.079650364028005988212933627785257 0.031792596762528630198317838385512
-0.11139706220655361799820808825673 0.031695417120349251609074079347756
0.11139706220655361799820808825673 0.031695417120349251609074079347756
-0.14303045143794287516602998562552 0.031565998079108052901450907541654
0.14303045143794287516602998562552 0.031565998079108052901450907541654
-0.17451835541557656787496740249522 0.031404471279046561517488612064590
0.17451835541557656787496740249522 0.031404471279046561517488612064590
-0.20582874581505377030766454799645 0.031211001019226264416840627335098
0.20582874581505377030766454799645 0.031211001019226264416840627335098
-0.23692977487219215099222778022778 0.030985784090409934631042865569021
0.23692977487219215099222778022778 0.030985784090409934631042865569021
-0.26778980777739141373274692887775 0.030729049574893669920013606082796
0.26778980777739141373274692887775 0.030729049574893669920013606082796
-0.29837745485338757715882810396494 0.030441058613493258394907649467472
0.29837745485338757715882810396494 0.030441058613493258394907649467472
-0.32866160348366815881760888993299 0.030122104139921898848530981485693
0.32866160348366815881760888993299 0.030122104139921898848530981485693
-0.35861144975907196524841670670905 0.029772510582829476266175715925518
0.35861144975907196524841670670905 0.029772510582829476266175715925518
-0.38819652981038386372030425860145 0.029392633535806492167763161544596
0.38819652981038386372030425860145 0.029392633535806492167763161544596
-0.41738675079505433418147037204997 0.028982859395688342047449061743400
0.41738675079505433418147037204997 0.028982859395688342047449061743400
-0.44615242150652544859705695327323 0.028543604969527885703490390527092
0.44615242150652544859705695327323 0.028543604969527885703490390527092
-0.47446428257502884412702255346639 0.028075317050636138753245698411937
0.47446428257502884412702255346639 0.028075317050636138753245698411937
-0.50229353622913685982346242443755 0.027578471964122393900099947260329
0.50229353622913685982346242443755 0.027578471964122393900099947260329
-0.52961187558779487624843565846384 0.027053575082396128277675915062240
0.52961187558779487624843565846384 0.027053575082396128277675915062240
-0.55639151345304058645739753283828 0.026501160311123639352487513082038
0.55639151345304058645739753283828 0.026501160311123639352487513082038
-0.58260521057412395965329615950879 0.025921789546162448918468180344083
0.58260521057412395965329615950879 0.025921789546162448918468180344083
-0.60822630335427953351441693312074 0.025316052102026097343146602977050
0.60822630335427953351441693312074 0.025316052102026097343146602977050
-0.63322873097196986188195641461418 0.024684564112460996181979616262330
0.63322873097196986188195641461418 0.024684564112460996181979616262330
-0.65758706188901490516030519608608 0.024027967903745498803241226659242
0.65758706188901490516030519608608 0.024027967903745498803241226659242
-0.68127651971864632079603878274629 0.023346931341349274712682940528167
0.68127651971864632079603878274629 0.023346931341349274712682940528167
-0.70427300842717742365697674852132 0.022642147150618433111263042729891
0.70427300842717742365697674852132 0.022642147150618433111263042729891
-0.72655313684365848091256983724219 0.021914332212178650419019122463752
0.72655313684365848091256983724219 0.021914332212178650419019122463752
-0.74809424245259245064056664920919 0.021164226832774856911280158471122
0.74809424245259245064056664920919 0.021164226832774856911280158471122
-0.76887441444551779711659624205656 0.020392593992291914579483780525865
0.76887441444551779711659624205656 0.020392593992291914579483780525865
-0.78887251600802226670096673333604 0.019600218567726330773237264589351
0.78887251600802226670096673333604 0.019600218567726330773237264589351
-0.80806820581953435129490725173563 0.018787906534904686561486966165212
0.80806820581953435129490725173563 0.018787906534904686561486966165212
-0.82644195874404785510778528296338 0.017956484148770628122442804471702
0.82644195874404785510778528296338 0.017956484148770628122442804471702
-0.84397508569077046728595623947230 0.017106797103089900262354408928455
0.84397508569077046728595623947230 0.017106797103089900262354408928455
-0.86064975262455175315900723441227 0.016239709670453695652726504931672
0.86064975262455175315900723441227 0.016239709670453695652726504931672
-0.87644899870684410511291508504674 0.015356103823497755768498006283914
0.87644899870684410511291508504674 0.015356103823497755768498006283914
-0.89135675354889106643195699685875 0.014456878338304401977568910801799
0.89135675354889106643195699685875 0.014456878338304401977568910801799
-0.90535785355983913595333302622075 0.013542947881029465143647606240975
0.90535785355983913595333302622075 0.013542947881029465143647606240975
-0.91843805737356811719721365048939 0.012615242078921952857781432458836
0.91843805737356811719721365048939 0.012615242078921952857781432458836
-0.93058406033930704212449517004260 0.011674704577138124287428767280658
0.93058406033930704212449517004260 0.011674704577138124287428767280658
-0.94178350806271182109879624633044 0.010722292083224317120244047700920
0.94178350806271182109879624633044 0.010722292083224317120244047700920
-0.95202500898640150130877219198879 0.0097589734021740968353478749292888
0.95202500898640150130877219198879 0.0097589734021740968353478749292888
-0.96129814600289105771041760009194 0.0087857284673922632026993887100431
0.96129814600289105771041760009194 0.0087857284673922632026993887100431
-0.96959348710079447231986401731849 0.0078035473791007548909799801038395
0.96959348710079447231986401731849 0.0078035473791007548909799801038395
-0.97690259506388608249906943187512 0.0068134294791652159987720957092954
0.97690259506388608249906943187512 0.0068134294791652159987720957092954
-0.98321803629372299128533775926418 0.0058163825464396391127631667394440
0.98321803629372299128533775926418 0.0058163825464396391127631667394440
-0.98853338898915816837217299093568 0.0048134223985867709184778146773680
0.98853338898915816837217299093568 0.0048134223985867709184778146773680
-0.99284325153690673013188004739772 0.0038055740853523595655151190498104
0.99284325153690673013188004739772 0.0038055740853523595655151190498104
-0.99614325499685929606297970911181 0.0027938811357221308706297171788295
0.99614325499685929606297970911181 0.0027938811357221308706297171788295
-0.99843010504723045377869320077012 0.0017794770410145287416954358084921
0.99843010504723045377869320077012 0.0017794770410145287416954358084921
-0.99970198412549090363729490369971 0.00076476698227431345803924604552311
0.99970198412549090363729490369971 0.00076476698227431345803924604552311
