64
2
-0.024350292663424432508955842853716 0.048690957009139720383365390734750
0.024350292663424432508955842853716 0.048690957009139720383365390734750
-0.072993121787799039449542941940337 0.048575467441503426934799066783978
0.072993121787799039449542941940337 0.048575467441503426934799066783978
-0.12146281929612055447037646349225 0.048344762234802957169769527158018
0.12146281929612055447037646349225 0.048344762234802957169769527158018
-0.16964442042399281803731362974827 0.047999388596458307728126179871346
0.16964442042399281803731362974827 0.047999388596458307728126179871346
-0.21742364374000708414964874898882 0.047540165714830308662282206944223
0.21742364374000708414964874898882 0.047540165714830308662282206944223
-0.26468716220876741637396417251002 0.046968182816210017325326285754581
0.26468716220876741637396417251002 0.046968182816210017325326285754581
-0.31132287199021095615751269856016 0.046284796581314417295953249232261
0.31132287199021095615751269856016 0.046284796581314417295953249232261
-0.35722015833766811595044261504620 0.045491627927418144479770996971269
0.35722015833766811595044261504620 0.045491627927418144479770996971269
-0.40227015796399160369576677126016 0.044590558163756563060134710030945
0.40227015796399160369576677126016 0.044590558163756563060134710030945
-0.44636601725346408798494771475892 0.043583724529323453376827860973737
0.44636601725346408798494771475892 0.043583724529323453376827860973737
-0.48940314570705295747852630702192 0.042473515123653589007339767908817
0.48940314570705295747852630702192 0.042473515123653589007339767908817
-0.53127946401989454565801390354446 0.041262563242623528610156297473638
0.53127946401989454565801390354446 0.041262563242623528610156297473638
-0.57189564620263403428387811665919 0.039953741132720341386656926128336
0.57189564620263403428387811665919 0.039953741132720341386656926128336
-0.61115535517239325024885297101855 0.038550153178615629128962496946809
0.61115535517239325024885297101855 0.038550153178615629128962496946809
-0.64896547125465733985776123199340 0.037055128540240046040415101809583
0.64896547125465733985776123199340 0.037055128540240046040415101809583
-0.68523631305423324256355837103138 0.035472213256882383810693146715246
0.68523631305423324256355837103138 0.035472213256882383810693146715246
-0.71988185017161082684894021783195 0.033805161837141609391565482110725
0.71988185017161082684894021783195 0.033805161837141609391565482110725
-0.75281990726053189661186377488569 0.032057928354851553585467504347899
0.75281990726053189661186377488569 0.032057928354851553585467504347899
-0.78397235894334140761022052521377 0.030234657072402478867974059819549
0.78397235894334140761022052521377 0.030234657072402478867974059819549
-0.81326531512279755974192333808630 0.028339672614259483227511305200237
0.81326531512279755974192333808630 0.028339672614259483227511305200237
-0.84062929625258036275169154469587 0.026377469715054658671691792625225
0.84062929625258036275169154469587 0.026377469715054658671691792625225
-0.86599939815409281976078338507016 0.024352702568710873338177550409069
0.86599939815409281976078338507016 0.024352702568710873338177550409069
-0.88931544599511410585340403827285 0.022270173808383254159298330384155
0.88931544599511410585340403827285 0.022270173808383254159298330384155
-0.91052213707850280575638066800833 0.020134823153530209372340316728544
0.91052213707850280575638066800833 0.020134823153530209372340316728544
-0.92956917213193957582149015455923 0.017951715775697343085045302001119
0.92956917213193957582149015455923 0.017951715775697343085045302001119
-0.94641137485840281606248149134726 0.015726030476024719321965995297540
0.94641137485840281606248149134726 0.015726030476024719321965995297540
-0.96100879965205371891861412189716 0.013463047896718642598060766685956
0.96100879965205371891861412189716 0.013463047896718642598060766685956
-0.97332682778991096374185350735227 0.011168139460131128818590493019208
0.97332682778991096374185350735227 0.011168139460131128818590493019208
-0.98333625388462595693129930215683 0.0088467598263639477230309146597306
0.98333625388462595693129930215683 0.0088467598263639477230309146597306
-0.99101337147674432073938238344330 0.0065044579689783628561173603999813
0.99101337147674432073938238344330 0.0065044579689783628561173603999813
-0.99634011677195527934692450067640 0.0041470332605624676352875357285514
0.99634011677195527934692450067640 0.0041470332605624676352875357285514
-0.99930504173577213945690562434564 0.0017832807216964329472960791449719
0.99930504173577213945690562434564 0.0017832807216964329472960791449719
