91
2
0 0.034333833361708963163404600697099
-0.034327088034825330846991415813777 0.034313598176231398572420195945117
0.034327088034825330846991415813777 0.034313598176231398572420195945117
-0.068613713649625415750365222813811 0.034252916471651060067192246449993
0.068613713649625415750365222813811 0.034252916471651060067192246449993
-0.10281946211870772192062484146570 0.034151859775410126185674500633299
0.10281946211870772192062484146570 0.034151859775410126185674500633299
-0.13690401404882641602062180771536 0.034010547206229078665488665531002
0.13690401404882641602062180771536 0.034010547206229078665488665531002
-0.17082719290492516721835560023173 0.033829145333697935793656199565298
0.17082719290492516721835560023173 0.033829145333697935793656199565298
-0.20454901236748877365685106061925 0.033607867981935753109824247290513
0.20454901236748877365685106061925 0.033607867981935753109824247290513
-0.23802972346568211899255049597316 0.033346975977549838636978352226690
0.23802972346568211899255049597316 0.033346975977549838636978352226690
-0.27122986143071926939008513195201 0.033046776842191791200169050323848
0.27122986143071926939008513195201 0.033046776842191791200169050323848
-0.30411029221423531846259631278090 0.032707624430072782948420426024819
0.30411029221423531846259631278090 0.032707624430072782948420426024819
-0.33663225861682849101294244082962 0.032329918510865394484093895189589
0.33663225861682849101294244082962 0.032329918510865394484093895189589
-0.36875742597239956286238846332090 0.031914104298483697288598766384774
0.36875742597239956286238846332090 0.031914104298483697288598766384774
-0.40044792733443930503032520640642 0.031460671926297088545190334543421
0.40044792733443930503032520640642 0.031460671926297088545190334543421
-0.43166640811100180318617276308698 0.030970155869396544215618836513785
0.43166640811100180318617276308698 0.030970155869396544215618836513785
-0.46237607009575145163824651607415 0.030443134314594394903447172029274
0.46237607009575145163824651607415 0.030443134314594394903447172029274
-0.49254071484318341756182175560197 0.029880228478900374932771204100718
0.49254071484318341756182175560197 0.029880228478900374932771204100718
-0.52212478633689058847325704970005 0.029282101877277479718263998080779
0.52212478633689058847325704970005 0.029282101877277479718263998080779
-0.55109341290058355984220784511474 0.028649459540541024396496267311387
0.55109341290058355984220784511474 0.028649459540541024396496267311387
-0.57941244830246313232579196007696 0.027983047184323166381185883187077
0.57941244830246313232579196007696 0.027983047184323166381185883187077
-0.60704851200449605277823559498323 0.027283650330082980278989837582960
0.60704851200449605277823559498323 0.027283650330082980278989837582960
-0.63396902850915328149880369773199 0.026552093379198908103079215132723
0.63396902850915328149880369773199 0.026552093379198908103079215132723
-0.66014226575723479019026455244019 0.025789238641236016188790009031170
0.66014226575723479019026455244019 0.025789238641236016188790009031170
-0.68553737253152465514634420294115 0.024995985317534957432561496790716
0.68553737253152465514634420294115 0.024995985317534957432561496790716
-0.71012441482219387174314549579575 0.024173268441322879422217858314720
0.71012441482219387174314549579575 0.024173268441322879422217858314720
-0.73387441111109478225446780131377 0.023322057775598802835995997589507
0.73387441111109478225446780131377 0.023322057775598802835995997589507
-0.75675936653336928859260673165297 0.022443356670097373373321222029221
0.75675936653336928859260673165297 0.022443356670097373373321222029221
-0.77875230587612234469465291071603 0.021538200878685666296224340346889
0.77875230587612234469465291071603 0.021538200878685666296224340346889
-0.79982730537529224065049025181448 0.020607657338598460740458973659126
0.79982730537529224065049025181448 0.020607657338598460740458973659126
-0.81995952327328033397631816418684 0.019652822912969146604741664799972
0.81995952327328033397631816418684 0.019652822912969146604741664799972
-0.83912522910138703179611846145673 0.018674823098168125421785619394193
0.83912522910138703179611846145673 0.018674823098168125421785619394193
-0.85730183165264257907818441015891 0.017674810697521905060372045433455
0.85730183165264257907818441015891 0.017674810697521905060372045433455
-0.87446790561223038589360464369370 0.016653964463061240172258023580361
0.87446790561223038589360464369370 0.016653964463061240172258023580361
-0.89060321681439740379149866598568 0.015613487707050059750950593324281
0.89060321681439740379149866598568 0.015613487707050059750950593324281
-0.90568874609657186500258053275193 0.014554606885208696084841070476255
0.90568874609657186500258053275193 0.014554606885208696084841070476255
-0.91970671172345048814133060478946 0.013478570153830979194318622312248
0.91970671172345048814133060478946 0.013478570153830979194318622312248
-0.93264059035626440661221448785351 0.012386645903556743054535060422605
0.93264059035626440661221448785351 0.012386645903556743054535060422605
-0.94447513654571866806279148128266 0.011280121273769682983408717998063
0.94447513654571866806279148128266 0.011280121273769682983408717998063
-0.95519640073227636387402189727221 0.010160300654415476728892193494355
0.95519640073227636387402189727221 0.010160300654415476728892193494355
-0.96479174574727607577649510370279 0.0090285041892344877489133819327914
0.96479174574727607577649510370279 0.0090285041892344877489133819327914
-0.97324986183069073432246752375461 0.0078860663146289015996306108892406
0.97324986183069073432246752375461 0.0078860663146289015996306108892406
-0.98056078024121343903686279995775 0.0067343344322688846652611335459073
0.98056078024121343903686279995775 0.0067343344322688846652611335459073
-0.98671588572346978690793638593742 0.0055746680474797889978318064868009
0.98671588572346978690793638593742 0.0055746680474797889978318064868009
-0.99170792881727710156762025503224 0.0044084397473026768190629983385415
0.99170792881727710156762025503224 0.0044084397473026768190629983385415
-0.99553104250535245368938311820649 0.0032370455079721049770994568971199
0.99553104250535245368938311820649 0.0032370455079721049770994568971199
-0.99818079259053475467322014002021 0.0020619871220322296606820795195726
0.99818079259053475467322014002021 0.0020619871220322296606820795195726
-0.99965464507657613038298922751560 0.00088624124066941417658342899727266
0.99965464507657613038298922751560 0.00088624124066941417658342899727266
