88
2
-0.017747895902112098288902091357952 0.035492064301714545296067452959020
0.017747895902112098288902091357952 0.035492064301714545296067452959020
-0.053221325509403576521964201416398 0.035447344604470769706143152618009
0.053221325509403576521964201416398 0.035447344604470769706143152618009
-0.088627696702076058804613540428470 0.035357961556423843793669027143253
0.088627696702076058804613540428470 0.035357961556423843793669027143253
-0.12392239775547906164762190975254 0.035224027779459108532878671852411
0.12392239775547906164762190975254 0.035224027779459108532878671852411
-0.15906095764839421594409106273074 0.035045712029004261396586209701769
0.15906095764839421594409106273074 0.035045712029004261396586209701769
-0.19399910209614678857796005770480 0.034823238981399354993129046318654
0.19399910209614678857796005770480 0.034823238981399354993129046318654
-0.22869280933583131389640110427209 0.034556888950807084134865313978957
0.22869280933583131389640110427209 0.034556888950807084134865313978957
-0.26309836559336260022849801034711 0.034246997536020078737369597588598
0.26309836559336260022849801034711 0.034246997536020078737369597588598
-0.29717242016246430558754227016797 0.033893955197610259239892537505480
0.29717242016246430558754227016797 0.033893955197610259239892537505480
-0.33087204002619627510912557764702 0.033498206765953092528065162150265
0.33087204002619627510912557764702 0.033498206765953092528065162150265
-0.36415476395219828781530114261605 0.033060250880746700145280746761033
0.36415476395219828781530114261605 0.033060250880746700145280746761033
-0.39697865599349105024598380382069 0.032580639362732108686239429754717
0.39697865599349105024598380382069 0.032580639362732108686239429754717
-0.42930235832742437021102458547877 0.032059976518406388069266964176938
0.42930235832742437021102458547877 0.032059976518406388069266964176938
-0.46108514336619651061275127730494 0.031498918378604892320041751642794
0.46108514336619651061275127730494 0.031498918378604892320041751642794
-0.49228696507328672288588748848229 0.030898171871912197633702879563457
0.49228696507328672288588748848229 0.030898171871912197633702879563457
-0.52286850942114375372704517907619 0.030258493933943525335137432460407
0.52286850942114375372704517907619 0.030258493933943525335137432460407
-0.55279124392655547279717582224020 0.029580690553619349113352395601888
0.55279124392655547279717582224020 0.029580690553619349113352395601888
-0.58201746620128735758075832354593 0.028865615757635429246476985454493
0.58201746620128735758075832354593 0.028865615757635429246476985454493
-0.61051035145681898623958727103162 0.028114170534408613491578939824033
0.61051035145681898623958727103162 0.028114170534408613491578939824033
-0.63823399890332645028354074028934 0.027327301698855330835623808797941
0.63823399890332645028354074028934 0.027327301698855330835623808797941
-0.66515347698445317222199367005362 0.026506000699434737721408901893669
0.66515347698445317222199367005362 0.026506000699434737721408901893669
-0.69123486739088043802034307344604 0.025651302368961947884779355024076
0.69123486739088043802034307344604 0.025651302368961947884779355024076
-0.71644530779725048565994188980267 0.024764283620768733025321495325141
0.71644530779725048565994188980267 0.024764283620768733025321495325141
-0.74075303326860777358176743391469 0.023846062091859661263578619663002
0.74075303326860777358176743391469 0.023846062091859661263578619663002
-0.76412741628420684196759738977275 0.022897794734781142327247795096509
0.76412741628420684196759738977275 0.022897794734781142327247795096509
-0.78653900532828715747997897338147 0.021920676359989853595634388068952
0.78653900532828715747997897338147 0.021920676359989853595634388068952
-0.80795956199923649182453312613441 0.020915938130576624232254279401903
0.80795956199923649182453312613441 0.020915938130576624232254279401903
-0.82836209659045624485083819009367 0.019884846011274113243600999308091
0.82836209659045624485083819009367 0.019884846011274113243600999308091
-0.84772090209820908719701451834274 0.018828699173755451394710039432121
0.84772090209820908719701451834274 0.018828699173755451394710039432121
-0.86601158661378133402291327455950 0.017748828360324074556495065150893
0.86601158661378133402291327455950 0.017748828360324074556495065150893
-0.88321110405945058162372196540783 0.016646594208217656045112823334410
0.88321110405945058162372196540783 0.016646594208217656045112823334410
-0.89929778323005705484467290649855 0.015523385536933553840164816347540
0.89929778323005705484467290649855 0.015523385536933553840164816347540
-0.91425135510452719133997809584605 0.014380617601299944235934592121622
0.91425135510452719133997809584605 0.014380617601299944235934592121622
-0.92805297839469205558050338049710 0.013219730313627911708181334950899
0.92805297839469205558050338049710 0.013219730313627911708181334950899
-0.94068526330264354526200513147671 0.012042186439581212309739552941804
0.94068526330264354526200513147671 0.012042186439581212309739552941804
-0.95213229346380211252203323967970 0.010849469775429271259401843642930
0.95213229346380211252203323967970 0.010849469775429271259401843642930
-0.96237964606377068298988783711699 0.0096430833220532044007701902656244
0.96237964606377068298988783711699 0.0096430833220532044007701902656244
-0.97141441014132227648036751086615 0.0084245474927024730150985812762045
0.97141441014132227648036751086615 0.0084245474927024730150985812762045
-0.97922520315429670377689231289390 0.0071953984597963720597599583216808
0.97922520315429670377689231289390 0.0071953984597963720597599583216808
-0.98580218608776355228393575184143 0.0059571869961380465831293849318472
0.98580218608776355228393575184143 0.0059571869961380465831293849318472
-0.99113707815401555511161219899927 0.0047114792795986617430218146891003
0.99113707815401555511161219899927 0.0047114792795986617430218146891003
-0.99522317588798887078110117968614 0.0034598676678627964239753661453720
0.99522317588798887078110117968614 0.0034598676678627964239753661453720
-0.99805540805324967760600244727587 0.0022040585631436966285400504486357
0.99805540805324967760600244727587 0.0022040585631436966285400504486357
-0.99963083605627065578132330521431 0.00094733559816192726677124636385457
0.99963083605627065578132330521431 0.00094733559816192726677124636385457
