51
2
0 0.060998924841205880159797643098356
-0.060961100150578724734194706843205 0.060885464844856343881198614222696
0.060961100150578724734194706843205 0.060885464844856343881198614222696
-0.12169542101888876696382042096318 0.060545506934737795138125251467754
0.12169542101888876696382042096318 0.060545506934737795138125251467754
-0.18197702695707754532399870116921 0.059980315777503252090063987996517
0.18197702695707754532399870116921 0.059980315777503252090063987996517
-0.24158166644779870384673311486926 0.059191993922961543783539007749155
0.24158166644779870384673311486926 0.059191993922961543783539007749155
-0.30028760633533193953024564964442 0.058183473982592140598437877661776
0.30028760633533193953024564964442 0.058183473982592140598437877661776
-0.35787645668840950977520108851967 0.056958507720258662100077726734277
0.35787645668840950977520108851967 0.056958507720258662100077726734277
-0.41413398322630387793687180974466 0.055521652095738693016737059093624
0.41413398322630387793687180974466 0.055521652095738693016737059093624
-0.46885090428604106361045725881162 0.053878252313045561434099301696972
0.46885090428604106361045725881162 0.053878252313045561434099301696972
-0.52182366936618584251408778482682 0.052034421936697087564136447468662
0.52182366936618584251408778482682 0.052034421936697087564136447468662
-0.57285521635130383652239470259019 0.049997020150057409779548855362006
0.57285521635130383652239470259019 0.049997020150057409779548855362006
-0.62175570460072327375504274540332 0.047773626240623101999995353707354
0.62175570460072327375504274540332 0.047773626240623101999995353707354
-0.66834322117537008686446041940399 0.045372511407650068748166814988438
0.66834322117537008686446041940399 0.045372511407650068748166814988438
-0.71244445757703664458052485540015 0.042802607997880086653609514244286
0.71244445757703664458052485540015 0.042802607997880086653609514244286
-0.75389535448537552576396002545247 0.040073476285496453186809115921396
0.75389535448537552576396002545247 0.040073476285496453186809115921396
-0.79254171209938120523441087837588 0.037195268923260292842908275811871
0.79254171209938120523441087837588 0.037195268923260292842908275811871
-0.82823976382306483285481842401656 0.034178693204188336236209338594768
0.82823976382306483285481842401656 0.034178693204188336236209338594768
-0.86085671118229237147349574371611 0.031034971290160008454425502956547
0.86085671118229237147349574371611 0.031034971290160008454425502956547
-0.89027121802952730327779537073673 0.027775798594162477195995665632209
0.89027121802952730327779537073673 0.027775798594162477195995665632209
-0.91637386230978023082357129425148 0.024413300573781434273141565416898
0.91637386230978023082357129425148 0.024413300573781434273141565416898
-0.93906754400296238343536780639091 0.020959988401703210579792618401514
0.93906754400296238343536780639091 0.020959988401703210579792618401514
-0.95826784861390819455770703831632 0.017428714723401052259503646433292
0.95826784861390819455770703831632 0.017428714723401052259503646433292
-0.97390336801932386723175548639419 0.013832634006477822296688453021856
0.97390336801932386723175548639419 0.013832634006477822296688453021856
-0.98591599173590299658388570755831 0.010185191297821729939237591786607
0.98591599173590299658388570755831 0.010185191297821729939237591786607
-0.99426126043675257462108489794926 0.0065003377832526002921093751985375
0.99426126043675257462108489794926 0.0065003377832526002921093751985375
-0.99890999084890349516899587727339 0.0027968071710898955755442168818090
0.99890999084890349516899587727339 0.0027968071710898955755442168818090
