69
2
0 0.045201602377079954242289211875536
-0.045186210615101723531632403458113 0.045155430236145460516517053219964
0.045186210615101723531632403458113 0.045155430236145460516517053219964
-0.090280108392828742562119667064008 0.045017008140399802198716192716044
0.090280108392828742562119667064008 0.045017008140399802198716192716044
-0.13518956908568299215847160396992 0.044786618878312557542135278224806
0.13518956908568299215847160396992 0.044786618878312557542135278224806
-0.17982284524064316435971321810624 0.044464733122047138096231097341919
0.17982284524064316435971321810624 0.044464733122047138096231097341919
-0.22408875363399901328146411508342 0.044052008465909284380985917322007
0.22408875363399901328146411508342 0.044052008465909284380985917322007
-0.26789686155350342858159859662544 0.043549288082926741033575777062069
0.26789686155350342858159859662544 0.043549288082926741033575777062069
-0.31115767154728118658590533032272 0.042957599002305213878419902225278
0.31115767154728118658590533032272 0.042957599002305213878419902225278
-0.35378280426206631796012709345287 0.042278150011280512851582686257676
0.35378280426206631796012709345287 0.042278150011280512851582686257676
-0.39568517899724444735175610459438 0.041512329185654502082874061668412
0.39568517899724444735175610459438 0.041512329185654502082874061668412
-0.43677919160584442086987689338592 0.040661701054061600537526020309039
0.43677919160584442086987689338592 0.040661701054061600537526020309039
-0.47698088937904571034144087665506 0.039728003401761641206458546910073
0.47698088937904571034144087665506 0.039728003401761641206458546910073
-0.51620814255693370917182072045027 0.038713143720492513932739446149230
0.51620814255693370917182072045027 0.038713143720492513932739446149230
-0.55438081211513201453797299121813 0.037619195311640906508158366573555
0.55438081211513201453797299121813 0.037619195311640906508158366573555
-0.59142091348455582556930950442202 0.036448393050700514056643508468622
0.59142091348455582556930950442202 0.036448393050700514056643508468622
-0.62725277586984940176745755866728 0.035203128821683486147754363507787
0.62725277586984940176745755866728 0.035203128821683486147754363507787
-0.66180319684107824402422623161481 0.033885946630832289497809820752437
0.66180319684107824402422623161481 0.033885946630832289497809820752437
-0.69500159188292846092974385228660 0.032499537409646111244733895007203
0.69500159188292846092974385228660 0.032499537409646111244733895007203
-0.72678013859600808865716012995203 0.031046733517890539032685717200153
0.72678013859600808865716012995203 0.031046733517890539032685717200153
-0.75707391525583785159472319443276 0.029530502957906711779811061173625
0.75707391525583785159472319443276 0.029530502957906711779811061173625
-0.78582103344675976033536904908055 0.027953943312187705990861706104602
0.78582103344675976033536904908055 0.027953943312187705990861706104602
-0.81296276450029561385648008097595 0.026320275416869483791760731018019
0.81296276450029561385648008097595 0.026320275416869483791760731018019
-0.83844365948050421326161647298509 0.024632836784542455364335897590141
0.83844365948050421326161647298509 0.024632836784542455364335897590141
-0.86221166247274408385717202282894 0.022895074790740785655521450480679
0.86221166247274408385717202282894 0.022895074790740785655521450480679
-0.88421821694725243666281885756387 0.021110539639871894627890176502082
0.88421821694725243666281885756387 0.021110539639871894627890176502082
-0.90441836498582714006652483323659 0.019282877128849402789244378049102
0.90441836498582714006652483323659 0.019282877128849402789244378049102
-0.92277083918044499718881778453971 0.017415821231969829132073787308551
0.92277083918044499718881778453971 0.017415821231969829132073787308551
-0.93923814704160847296683580015658 0.015513186543406164739769108723671
0.93923814704160847296683580015658 0.015513186543406164739769108723671
-0.95378664780518189753393983763110 0.013578860649075670999811867628780
0.95378664780518189753393983763110 0.013578860649075670999811867628780
-0.96638662164286056685579981167080 0.011616796610671965548739872945452
0.96638662164286056685579981167080 0.011616796610671965548739872945452
-0.97701233162209426338946609102153 0.0096310061504155755886602970047088
0.97701233162209426338946609102153 0.0096310061504155755886602970047088
-0.98564208002263759323713935262112 0.0076255559312015106114582696166110
0.98564208002263759323713935262112 0.0076255559312015106114582696166110
-0.99225826671685311870043391321947 0.0056045799278705948285359919336904
0.99225826671685311870043391321947 0.0056045799278705948285359919336904
-0.99684750048519510045949701495365 0.0035724167393973726097037452285014
0.99684750048519510045949701495365 0.0035724167393973726097037452285014
-0.99940142754324478820806096764612 0.0015359769527920840751294018377418
0.99940142754324478820806096764612 0.0015359769527920840751294018377418
