76
2
-0.020531403993998635501746758209958 0.041057036916229422593259713879165
0.020531403993998635501746758209958 0.041057036916229422593259713879165
-0.061559591390611208428667745308829 0.040987805464793951541308403154628
0.061559591390611208428667745308829 0.040987805464793951541308403154628
-0.10248397539122701830005093725381 0.040849459301828492280391796242207
0.10248397539122701830005093725381 0.040849459301828492280391796242207
-0.14323554822726752144550809194234 0.040642231710294738777454968858980
0.14323554822726752144550809194234 0.040642231710294738777454968858980
-0.18374559352891447741924443113518 0.040366472122844023154095622847066
0.18374559352891447741924443113518 0.040366472122844023154095622847066
-0.22394580219647413376263759732708 0.040022645532596826116461731721144
0.22394580219647413376263759732708 0.040022645532596826116461731721144
-0.26376838758499427647940548331937 0.039611331709062058423146714848299
0.26376838758499427647940548331937 0.039611331709062058423146714848299
-0.30314619980790777809941517758109 0.039133224220518440767507499457912
0.30314619980790777809941517758109 0.039133224220518440767507499457912
-0.34201283896696202393120120897423 0.038589129264506738342921198336456
0.34201283896696202393120120897423 0.038589129264506738342921198336456
-0.38030276711750444346750447580471 0.037979964308405283195235332209698
0.38030276711750444346750447580471 0.037979964308405283195235332209698
-0.41795141878032729879565950367890 0.037306756542381609827567163361712
0.41795141878032729879565950367890 0.037306756542381609827567163361712
-0.45489530981372633943384070178031 0.036570641147329617007244049599084
0.45489530981372633943384070178031 0.036570641147329617007244049599084
-0.49107214446219386486174524506663 0.035772859380713947527779379358824
0.49107214446219386486174524506663 0.035772859380713947527779379358824
-0.52642092040124259095530746894104 0.034914756483550767444125402107398
0.52642092040124259095530746894104 0.034914756483550767444125402107398
-0.56088203160123747899916166563056 0.033997779412056380846742474758257
0.56088203160123747899916166563056 0.033997779412056380846742474758257
-0.59439736883679291815150629034908 0.033023474397791741006541532695597
0.59439736883679291815150629034908 0.033023474397791741006541532695597
-0.62691041767226655914545211589609 0.031993484340421600068535178861414
0.62691041767226655914545211589609 0.031993484340421600068535178861414
-0.65836635375814263027523266020809 0.030909546037491595389936915255547
0.65836635375814263027523266020809 0.030909546037491595389936915255547
-0.68871213527764059699652467527584 0.029773487255905040956707354664436
0.68871213527764059699652467527584 0.029773487255905040956707354664436
-0.71789659238770363937300550908998 0.028587223650054003773975053178569
0.71789659238770363937300550908998 0.028587223650054003773975053178569
-0.74587051350361044314863876205360 0.027352755531827521674152447861561
0.74587051350361044314863876205360 0.027352755531827521674152447861561
-0.77258672828180976129767346798690 0.026072164497985983524274540963906
0.77258672828180976129767346798690 0.026072164497985983524274540963906
-0.79800018716120016975281046750238 0.024747609920659671643264463344592
0.79800018716120016975281046750238 0.024747609920659671643264463344592
-0.82206803732897461347777071026123 0.023381325307011186622479704520648
0.82206803732897461347777071026123 0.023381325307011186622479704520648
-0.84474969498334239401089028554186 0.021975614534416249168013054802253
0.84474969498334239401089028554186 0.021975614534416249168013054802253
-0.86600691377198195522786773605917 0.020532847967908021092975051820207
0.86600691377198195522786773605917 0.020532847967908021092975051820207
-0.88580384929208278721491020253635 0.019055458467190582806802261170351
0.88580384929208278721491020253635 0.019055458467190582806802261170351
-0.90410711954556682854442593070429 0.017545937291474230954199690482744
0.90410711954556682854442593070429 0.017545937291474230954199690482744
-0.92088586125215011849158142507100 0.016006829912248570888510227311294
0.92088586125215011849158142507100 0.016006829912248570888510227311294
-0.93611178193481079626322299892118 0.014440731748276679939889781724254
0.93611178193481079626322299892118 0.014440731748276679939889781724254
-0.94975920771089638508489543696869 0.012850283847510144944925366815821
0.94975920771089638508489543696869 0.012850283847510144944925366815821
-0.96180512675876782716803211615235 0.011238168569667687239674909531297
0.96180512675876782716803211615235 0.011238168569667687239674909531297
-0.97222922852037690447808018959468 0.0096071054147137540824043426600493
0.97222922852037690447808018959468 0.0096071054147137540824043426600493
-0.98101393897565589525183811383297 0.0079598474772397346211188086293474
0.98101393897565589525183811383297 0.0079598474772397346211188086293474
-0.98814445335983743849864475822423 0.0062991804973284458665734202403159
0.98814445335983743849864475822423 0.0062991804973284458665734202403159
-0.99360877272352698461619143192880 0.0046279352280374213261286143763917
0.99360877272352698461619143192880 0.0046279352280374213261286143763917
-0.99739778635535543669143438083420 0.0029491029536424749003933689517090
0.99739778635535543669143438083420 0.0029491029536424749003933689517090
-0.99950594836215307810620174953376 0.0012677916340853596632824593968666
0.99950594836215307810620174953376 0.0012677916340853596632824593968666
