108
2
-0.014476726065891941190919792830399 0.028951429273574458966578570202823
0.014476726065891941190919792830399 0.028951429273574458966578570202823
-0.043418042065937607893212760825610 0.028927158705900969275064095529645
0.043418042065937607893212760825610 0.028927158705900969275064095529645
-0.072322959844733272055699431928118 0.028878637917061654128085503162301
0.072322959844733272055699431928118 0.028878637917061654128085503162301
-0.10116724782613204685634810670042 0.028805907583014966890816883543662
0.10116724782613204685634810670042 0.028805907583014966890816883543662
-0.12992672526117225093503430971340 0.028709028675070699364265608825411
0.12992672526117225093503430971340 0.028709028675070699364265608825411
-0.15857728249928829183606995358749 0.028588082408776542577069784872810
0.15857728249928829183606995358749 0.028588082408776542577069784872810
-0.18709490119991837697873035327144 0.028443170175833509756530866791921
0.18709490119991837697873035327144 0.028443170175833509756530866791921
-0.21545567446756526972348989286826 0.028274413459097299931403554578560
0.21545567446756526972348989286826 0.028274413459097299931403554578560
-0.24363582689343048102543987653795 0.028081953730736860610699472556541
0.24363582689343048102543987653795 0.028081953730736860610699472556541
-0.27161173448682061125599054845008 0.027865952333635528351049624231721
0.27161173448682061125599054845008 0.027865952333635528351049624231721
-0.29935994447961696650110957635801 0.027626590346134174970870344092956
0.29935994447961696650110957635801 0.027626590346134174970870344092956
-0.32685719498720599171566281771805 0.027364068430229752964001093563707
0.32685719498720599171566281771805 0.027364068430229752964001093563707
-0.35408043450938840054775081475674 0.027078606663356504664119686400783
0.35408043450938840054775081475674 0.027078606663356504664119686400783
-0.38100684125491903786690828351528 0.026770444353890864368810989008261
0.38100684125491903786690828351528 0.026770444353890864368810989008261
-0.40761384227347737396958888598822 0.026439839840534729519580484657649
0.40761384227347737396958888598822 0.026439839840534729519580484657649
-0.43387913237902997566550565867429 0.026087070275745294858177464153129
0.43387913237902997566550565867429 0.026087070275745294858177464153129
-0.45978069284872119432457431957357 0.025712431393393021106720953629510
0.45978069284872119432457431957357 0.025712431393393021106720953629510
-0.48529680988161650880000992889115 0.025316237260842536204749192071999
0.48529680988161650880000992889115 0.025316237260842536204749192071999
-0.51040609280182430541748334301256 0.024898820015664331762869927591146
0.51040609280182430541748334301256 0.024898820015664331762869927591146
-0.53508749199073620082836178571323 0.024460529587198009720046977901628
0.53508749199073620082836178571323 0.024460529587198009720046977901628
-0.55932031653335313908854852647329 0.024001733403200544126157595643073
0.55932031653335313908854852647329 0.024001733403200544126157595643073
-0.58308425156390423458363258242930 0.023522816081825540863510476635920
0.58308425156390423458363258242930 0.023522816081825540863510476635920
-0.60635937529621749074439098836583 0.023024179109191794904428874886973
0.60635937529621749074439098836583 0.023024179109191794904428874886973
-0.62912617572456589556041408003132 0.022506240502811552099915149967145
0.62912617572456589556041408003132 0.022506240502811552099915149967145
-0.65136556698098876562036071023450 0.021969434461160773326811659116904
0.65136556698098876562036071023450 0.021969434461160773326811659116904
-0.67305890533537636125641539661995 0.021414210999685367472934362688783
0.67305890533537636125641539661995 0.021414210999685367472934362688783
-0.69418800482490550227476623543349 0.020841035573548802886523115776334
0.69418800482490550227476623543349 0.020841035573548802886523115776334
-0.71473515249972495091202724702290 0.020250388687437724662934476915011
0.71473515249972495091202724702290 0.020250388687437724662934476915011
-0.73468312327211147280848923626486 0.019642765492753202844119160922078
0.73468312327211147280848923626486 0.019642765492753202844119160922078
-0.75401519435665052382241733630611 0.019018675372526027832890894426602
0.75401519435665052382241733630611 0.019018675372526027832890894426602
-0.77271515928933924591620500334587 0.018378641514405080747500922310343
0.77271515928933924591620500334587 0.018378641514405080747500922310343
-0.79076734151386373108044858359670 0.017723200472078286081161528812835
0.79076734151386373108044858359670 0.017723200472078286081161528812835
-0.80815660752366723451911325489231 0.017052901715496085395831179999132
0.80815660752366723451911325489231 0.017052901715496085395831179999132
-0.82486837954880120424343862246398 0.016368307170277897666385515731841
0.82486837954880120424343862246398 0.016368307170277897666385515731841
-0.84088864777693685223214850516969 0.015669990746692902830188701281438
0.84088864777693685223214850516969 0.015669990746692902830188701281438
-0.85620398209831206345934091201139 0.014958537858618134979837358501872
0.85620398209831206345934091201139 0.014958537858618134979837358501872
-0.87080154336479785212558922877286 0.014234544932890075638888334323862
0.87080154336479785212558922877286 0.014234544932890075638888334323862
-0.88466909415369251873021525512058 0.013498618909482109866175676976696
0.88466909415369251873021525512058 0.013498618909482109866175676976696
-0.89779500902729429026897269461885 0.012751376732962000121752271377620
0.89779500902729429026897269461885 0.012751376732962000121752271377620
-0.91016828427977243706467684658243 0.011993444835716075071411957688035
0.91016828427977243706467684658243 0.011993444835716075071411957688035
-0.92177854716336793982101732173656 0.011225458613480407794648512137695
0.92177854716336793982101732173656 0.011225458613480407794648512137695
-0.93261606458653815779424119264123 0.010448061893815335254959541158994
0.93261606458653815779424119264123 0.010448061893815335254959541158994
-0.94267175127737845886751708569778 0.0096619063983451348286381034887992
0.94267175127737845886751708569778 0.0096619063983451348286381034887992
-0.95193717740664311017840749475894 0.0088676511999674012197279074547698
0.95193717740664311017840749475894 0.0088676511999674012197279074547698
-0.96040457566625692595267814947975 0.0080659621770801555492844382321658
0.96040457566625692595267814947975 0.0080659621770801555492844382321658
-0.96806684780210757118412525934439 0.0072575114688689495020879914824115
0.96806684780210757118412525934439 0.0072575114688689495020879914824115
-0.97491757060609340755854650923313 0.0064429769408025396017749374267412
0.97491757060609340755854650923313 0.0064429769408025396017749374267412
-0.98095100138746454223703325732820 0.0056230416838569983699598469017619
0.98095100138746454223703325732820 0.0056230416838569983699598469017619
-0.98616208298525584443670681984995 0.0047983936164099499007110031594307
0.98616208298525584443670681984995 0.0047983936164099499007110031594307
-0.99054644851727088172999430056608 0.0039697254241071436315171128931227
0.99054644851727088172999430056608 0.0039697254241071436315171128931227
-0.99410042657236608563997434009297 0.0031377358139347461965486482456424
0.99410042657236608563997434009297 0.0031377358139347461965486482456424
-0.99682105004922036102380458894784 0.0023031374081837722563928744717590
0.99682105004922036102380458894784 0.0023031374081837722563928744717590
-0.99870608954847982541561204318038 0.0014667159325723224971053824844761
0.99870608954847982541561204318038 0.0014667159325723224971053824844761
-0.99975438389943976757152636892255 0.00063030442612345398577340911357001
0.99975438389943976757152636892255 0.00063030442612345398577340911357001
