55
2
0 0.056602976444560425440105761981244
-0.056572753818336776327337610893108 0.056512318249772001400658367635189
0.056572753818336776327337610893108 0.056512318249772001400658367635189
-0.11296428805932926658843792388871 0.056240634071084368028279088090198
0.11296428805932926658843792388871 0.056240634071084368028279088090198
-0.16899396364687320828284249351170 0.055788794195284087102936007109920
0.16899396364687320828284249351170 0.055788794195284087102936007109920
-0.22448230064784548340018906240293 0.055158246002508687596651139560667
0.22448230064784548340018906240293 0.055158246002508687596651139560667
-0.27925155320080653854986245117567 0.054351009329911102070322118153772
0.27925155320080653854986245117567 0.054351009329911102070322118153772
-0.33312627889002388518947149023296 0.053369670001605472723570515636098
0.33312627889002388518947149023296 0.053369670001605472723570515636098
-0.38593390074097942975584854391259 0.052217371545632084564393563281295
0.38593390074097942975584854391259 0.052217371545632084564393563281295
-0.43750526003717459180848102429747 0.050897805124493979224775274288083
0.43750526003717459180848102429747 0.050897805124493979224775274288083
-0.48767515818747409720826367353936 0.049415197711551739480758539016039
0.48767515818747409720826367353936 0.049415197711551739480758539016039
-0.53628288590834329672059957284360 0.047774298551200695550036714716056
0.53628288590834329672059957284360 0.047774298551200695550036714716056
-0.58317273802603210297430481558769 0.045980363946283838103904860872075
0.58317273802603210297430481558769 0.045980363946283838103904860872075
-0.62819451224992814009063621503298 0.044039140421606589895168085653293
0.62819451224992814009063621503298 0.044039140421606589895168085653293
-0.67120399031982639579632672800602 0.041956846317718762395207316692144
0.67120399031982639579632672800602 0.041956846317718762395207316692144
-0.71206339998663783890935019212117 0.039740151874337179609463831903400
0.71206339998663783890935019212117 0.039740151874337179609463831903400
-0.75064185634802190867498768270731 0.037396157867965545282915598582458
0.75064185634802190867498768270731 0.037396157867965545282915598582458
-0.78681578112762236589763625093804 0.034932372873589887407268226802706
0.78681578112762236589763625093804 0.034932372873589887407268226802706
-0.82046929855932091245424128503472 0.032356689226185831684705591875777
0.82046929855932091245424128503472 0.032356689226185831684705591875777
-0.85149460661715447146024532096701 0.029677357765161041221296506186885
0.85149460661715447146024532096701 0.029677357765161041221296506186885
-0.87979232241989550606759090682409 0.026902961456396270667120028653779
0.87979232241989550606759090682409 0.026902961456396270667120028653779
-0.90527180074400002578191142462962 0.024042388009725622007791572928603
0.90527180074400002578191142462962 0.024042388009725622007791572928603
-0.92785142472079169681627126923259 0.021104801668016454120209305623698
0.92785142472079169681627126923259 0.021104801668016454120209305623698
-0.94745886804121074185997984764529 0.018099614520729062407968202643412
0.94745886804121074185997984764529 0.018099614520729062407968202643412
-0.96403132859313519877853663137737 0.015036458333511788213150898901937
0.96403132859313519877853663137737 0.015036458333511788213150898901937
-0.97751573550398920885921660634073 0.011925160719848612170752553157590
0.97751573550398920885921660634073 0.011925160719848612170752553157590
-0.98786894119888919852238568447347 0.0087757461070585281773896006833178
0.98786894119888919852238568447347 0.0087757461070585281773896006833178
-0.99505797784741187504318911650620 0.0055986322665607673540834168718599
0.99505797784741187504318911650620 0.0055986322665607673540834168718599
-0.99906141956481854147943183951938 0.0024083236199797888191701934891253
0.99906141956481854147943183951938 0.0024083236199797888191701934891253
