17
2
0 0.17944647035620652545826564426189
-0.17848418149584785585067749365407 0.17656270536699264632527099011320
0.17848418149584785585067749365407 0.17656270536699264632527099011320
-0.35123176345387631529718551709535 0.16800410215645004450997066378832
0.35123176345387631529718551709535 0.16800410215645004450997066378832
-0.51269053708647696788624656862955 0.15404576107681028808143159480196
0.51269053708647696788624656862955 0.15404576107681028808143159480196
-0.65767115921669076585030221664300 0.13513636846852547328631998170235
0.65767115921669076585030221664300 0.13513636846852547328631998170235
-0.78151400389680140692523005552048 0.11188384719340397109478838562636
0.78151400389680140692523005552048 0.11188384719340397109478838562636
-0.88023915372698590212295569448816 0.085036148317179180883535370191062
0.88023915372698590212295569448816 0.085036148317179180883535370191062
-0.95067552176876776122271695789580 0.055459529373987201129440165358245
0.95067552176876776122271695789580 0.055459529373987201129440165358245
-0.99057547531441733567543401994067 0.024148302868547931960110026287565
0.99057547531441733567543401994067 0.024148302868547931960110026287565
