37
2
0 0.083768360993138904797017366369459
-0.083670408954769901943048331736399 0.083474573625862787252253009484519
0.083670408954769901943048331736399 0.083474573625862787252253009484519
-0.16675393023985197696867173041182 0.082595272236437250891230301152838
0.16675393023985197696867173041182 0.082595272236437250891230301152838
-0.24866779279136575880556775148772 0.081136624508465030509877601799792
0.24866779279136575880556775148772 0.081136624508465030509877601799792
-0.32883742988370699949847180133994 0.079108861837529380767212187396645
0.32883742988370699949847180133994 0.079108861837529380767212187396645
-0.40670050931832611010093159161397 0.076526207570529237885887991206623
0.40670050931832611010093159161397 0.076526207570529237885887991206623
-0.48171087780320555414719286888264 0.073406777248488172724626631519795
0.48171087780320555414719286888264 0.073406777248488172724626631519795
-0.55334239186158178123509835822926 0.069772451555700344885081356793019
0.55334239186158178123509835822926 0.069772451555700344885081356793019
-0.62109260840892448314815259159506 0.065648722872751249484023766297971
0.62109260840892448314815259159506 0.065648722872751249484023766297971
-0.68448630913095935744552321243115 0.061064516523225986130988104500497
0.68448630913095935744552321243115 0.061064516523225986130988104500497
-0.74307883398196526254704741747381 0.056051987998274917808539239664253
0.74307883398196526254704741747381 0.056051987998274917808539239664253
-0.79645920050990229339304633550032 0.050646297654824601603875863086716
0.79645920050990229339304633550032 0.050646297654824601603875863086716
-0.84425298734055596798745627617486 0.044885364662437166657410304110196
0.84425298734055596798745627617486 0.044885364662437166657410304110196
-0.88612496215548607894614950901689 0.038809602501934544488962370328476
0.88612496215548607894614950901689 0.038809602501934544488962370328476
-0.92178143741246374266814368670071 0.032461639847521481067234253501459
0.92178143741246374266814368670071 0.032461639847521481067234253501459
-0.95097234326209482132857609681633 0.025886036990558933522759481362487
0.95097234326209482132857609681633 0.025886036990558933522759481362487
-0.97349303005648574432889047566576 0.019129044489083966043501947940106
0.97349303005648574432889047566576 0.019129044489083966043501947940106
-0.98918596321431918668409906058427 0.012238780100307556526304852436347
0.98918596321431918668409906058427 0.012238780100307556526304852436347
-0.99794458247791364894080307431736 0.0052730572794979393517220542335304
0.99794458247791364894080307431736 0.0052730572794979393517220542335304
