107
2
0 0.029223801619338115052207301251204
-0.029219642036950105552302105987702 0.029211323227423562813973707683540
0.029219642036950105552302105987702 0.029211323227423562813973707683540
-0.058414330842305819826451864148322 0.029173898708080667047174127488624
0.058414330842305819826451864148322 0.029173898708080667047174127488624
-0.087559134494240709055145244316126 0.029111560021411276529854221317703
0.087559134494240709055145244316126 0.029111560021411276529854221317703
-0.11662916367226597706413234423148 0.029024360403924797560329068037600
0.11662916367226597706413234423148 0.029024360403924797560329068037600
-0.14559959291241913206230233460687 0.028912374323074876437497217968639
0.14559959291241913206230233460687 0.028912374323074876437497217968639
-0.17444568180791997415481946635723 0.028775697413665121038695471941468
0.17444568180791997415481946635723 0.028775697413665121038695471941468
-0.20314279613718880929589577666002 0.028614446396178171972532410416456
0.20314279613718880929589577666002 0.028614446396178171972532410416456
-0.23166642890118382921756325824874 0.028428758977097871654664196610480
0.23166642890118382921756325824874 0.028428758977097871654664196610480
-0.25999222125209203992918657884420 0.028218793731309658073631867391271
0.25999222125209203992918657884420 0.028218793731309658073631867391271
-0.28809598329550090767592742202809 0.027984729966679615888281041326329
0.28809598329550090767592742202809 0.027984729966679615888281041326329
-0.31595371474828594171112479400441 0.027726767570927837807149388136872
0.31595371474828594171112479400441 0.027726767570927837807149388136872
-0.34354162543457265583754865314378 0.027445126840926871010463224846966
0.34354162543457265583754865314378 0.027445126840926871010463224846966
-0.37083615560226964048324597292889 0.027140048294571033858131368284559
0.37083615560226964048324597292889 0.027140048294571033858131368284559
-0.39781399604282271640750557735391 0.026811792465377274576025229574074
0.39781399604282271640750557735391 0.026811792465377274576025229574074
-0.42445210799700819965322410647903 0.026460639679992993465300339024703
0.42445210799700819965322410647903 0.026460639679992993465300339024703
-0.45072774282976604226514669956127 0.026086889818800851041926946631296
0.45072774282976604226514669956127 0.026086889818800851041926946631296
-0.47661846145727086947408491203838 0.025690862059825024192408261052654
0.47661846145727086947408491203838 0.025690862059825024192408261052654
-0.50210215350965054432286832818236 0.025272894606157638973121725401993
0.50210215350965054432286832818236 0.025272894606157638973121725401993
-0.52715705621298767608538412081900 0.024833344397138190423332422915620
0.52715705621298767608538412081900 0.024833344397138190423332422915620
-0.55176177297447925882392872881144 0.024372586803532645407942445341949
0.55176177297447925882392872881144 0.024372586803532645407942445341949
-0.57589529165488317948484026240029 0.023891015306972603221502934050146
0.57589529165488317948484026240029 0.023891015306972603221502934050146
-0.59953700251264745894602100845313 0.023389041163928350243333126014028
0.59953700251264745894602100845313 0.023389041163928350243333126014028
-0.62266671580439856246164581163567 0.022867093054502879925933838827941
0.62266671580439856246164581163567 0.022867093054502879925933838827941
-0.64526467902675870718359185846000 0.022325616716346949548553697189454
0.64526467902675870718359185846000 0.022325616716346949548553697189454
-0.66731159378476856553997990392191 0.021765074564008003808272865848666
0.66731159378476856553997990392191 0.021765074564008003808272865848666
-0.68878863227251087031490485563503 0.021185945294038308135320568364043
0.68878863227251087031490485563503 0.021185945294038308135320568364043
-0.70967745335186192371446981053702 0.020588723476199900802103411545289
0.70967745335186192371446981053702 0.020588723476199900802103411545289
-0.72996021821564165362186657551777 0.019973919131115997009339507300036
0.72996021821564165362186657551777 0.019973919131115997009339507300036
-0.74961960562178840917526837499183 0.019342057294730273125023904062800
0.74961960562178840917526837499183 0.019342057294730273125023904062800
-0.76863882668555192738723863839415 0.018693677569947051440711344836656
0.76863882668555192738723863839415 0.018693677569947051440711344836656
-0.78700163921707665170667017663059 0.018029333665836843278467794548486
0.78700163921707665170667017663059 0.018029333665836843278467794548486
-0.80469236159213772576445471116811 0.017349592924803075291363242639406
0.80469236159213772576445471116811 0.017349592924803075291363242639406
-0.82169588614419351682997078187438 0.016655035838117266047621994166508
0.82169588614419351682997078187438 0.016655035838117266047621994166508
-0.83799769206633163359713971502184 0.015946255550241689885338264384505
0.83799769206633163359713971502184 0.015946255550241689885338264384505
-0.85358385781211061977278295636845 0.015223857352371104852670578100364
0.85358385781211061977278295636845 0.015223857352371104852670578100364
-0.86844107298473795447973859166826 0.014488458165639220258759828356121
0.86844107298473795447973859166826 0.014488458165639220258759828356121
-0.88255664970447887838172053858241 0.013740686014452676883714558646131
0.88255664970447887838172053858241 0.013740686014452676883714558646131
-0.89591853344466409608360994758897 0.012981179490438109711585371441785
0.89591853344466409608360994758897 0.012981179490438109711585371441785
-0.90851531332716560067120253570677 0.012210587207521584591880743835045
0.90851531332716560067120253570677 0.012210587207521584591880743835045
-0.92033623186875427066552158833938 0.011429567248714823129922320660440
0.92033623186875427066552158833938 0.011429567248714823129922320660440
-0.93137119417037147313744692665248 0.010638786605281020060460629382970
0.93137119417037147313744692665248 0.010638786605281020060460629382970
-0.94161077654210365140228464279319 0.0098389206091424766542782838309802
0.94161077654210365140228464279319 0.0098389206091424766542782838309802
-0.95104623455768198511340419734652 0.0090306523597826152941047540684540
0.95104623455768198511340419734652 0.0090306523597826152941047540684540
-0.95966951053395346446724357434003 0.0082146721477546263201677490490984
0.95966951053395346446724357434003 0.0082146721477546263201677490490984
-0.96747324043374843981442772900565 0.0073916768789409068285969832749965
0.96747324043374843981442772900565 0.0073916768789409068285969832749965
-0.97445076019689683232256521894037 0.0065623695089095812430846450009753
0.97445076019689683232256521894037 0.0065623695089095812430846450009753
-0.98059611151951640052764369322049 0.0057274585113546517000144663833580
0.98059611151951640052764369322049 0.0057274585113546517000144663833580
-0.98590404714426536213675857257591 0.0048876574508774717182000936510314
0.98590404714426536213675857257591 0.0048876574508774717182000936510314
-0.99037003586043770729057402007923 0.0040436848998376095571734116037579
0.99037003586043770729057402007923 0.0040436848998376095571734116037579
-0.99399026793365456589727488049286 0.0031962656937818433663612042901903
0.99399026793365456589727488049286 0.0031962656937818433663612042901903
-0.99676166422803146738979877080505 0.0023461389507116919144433779215374
0.99676166422803146738979877080505 0.0023461389507116919144433779215374
-0.99868191031834436811635519414663 0.0014941183431408715665023468268158
0.99868191031834436811635519414663 0.0014941183431408715665023468268158
-0.99974979326816497765239947542740 0.00064208449479288528665382787958911
0.99974979326816497765239947542740 0.00064208449479288528665382787958911
