92
2
-0.016980517692728234384056534225146 0.033957770828102347967002593682368
0.016980517692728234384056534225146 0.033957770828102347967002593682368
-0.050921967993347923430376219889433 0.033918604423722549495027231437448
0.050921967993347923430376219889433 0.033918604423722549495027231437448
-0.084804685628614012678252330269733 0.033840316788933601891418399263765
0.084804685628614012678252330269733 0.033840316788933601891418399263765
-0.11858959075942592947054888672287 0.033722998219573871693800734914513
0.11858959075942592947054888672287 0.033722998219573871693800734914513
-0.15223771636222699643854073027791 0.033566784029203676310075522554003
0.15223771636222699643854073027791 0.033566784029203676310075522554003
-0.18571025317301245070239138471774 0.033371854393036810307801123761752
0.18571025317301245070239138471774 0.033371854393036810307801123761752
-0.21896859444938015245302694925791 0.033138434140129381822620520781322
0.21896859444938015245302694925791 0.033138434140129381822620520781322
-0.25197438049899618044459728619303 0.032866792494065660326468017230023
0.25197438049899618044459728619303 0.032866792494065660326468017230023
-0.28468954292311694309388475871553 0.032557242762440045243161895589240
0.28468954292311694309388475871553 0.032557242762440045243161895589240
-0.31707634852413810714850946171143 0.032210141975493329535744438113240
0.31707634852413810714850946171143 0.032210141975493329535744438113240
-0.34909744282652818379475247232698 0.031825890474320085825972537634399
0.34909744282652818379475247232698 0.031825890474320085825972537634399
-0.38071589316095056990309491745746 0.031404931449122177916140332745221
0.38071589316095056990309491745746 0.031404931449122177916140332745221
-0.41189523126188170860294560284553 0.030947750428041031668040970016608
0.41189523126188170860294560284553 0.030947750428041031668040970016608
-0.44259949532959423168083254099263 0.030454874717158320980635415926111
0.44259949532959423168083254099263 0.030454874717158320980635415926111
-0.47279327150799183509643011115016 0.029926872792311073307867661472982
0.47279327150799183509643011115016 0.029926872792311073307867661472982
-0.50244173473045651388860082991250 0.029364353643422812612746620479259
0.50244173473045651388860082991250 0.029364353643422812612746620479259
-0.53151068888659787843175978008055 0.028767966072107175822379503473288
0.53151068888659787843175978008055 0.028767966072107175822379503473288
-0.55996660626357776623410504868107 0.028138397943354404514451318802127
0.55996660626357776623410504868107 0.028138397943354404514451318802127
-0.58777666621652037269353167603895 0.027476375392164173395179277564541
0.58777666621652037269353167603895 0.027476375392164173395179277564541
-0.61490879302340772014911775436432 0.026782661986040323300488160249579
0.61490879302340772014911775436432 0.026782661986040323300488160249579
-0.64133169288080149284138776712085 0.026058057844314179222457693410037
0.64133169288080149284138776712085 0.026058057844314179222457693410037
-0.66701488999772407760607423940097 0.025303398715313225697548324915708
0.66701488999772407760607423940097 0.025303398715313225697548324915708
-0.69192876174607303910327677046068 0.024519555012440974257170904381140
0.69192876174607303910327677046068 0.024519555012440974257170904381140
-0.71604457282703320240102499291078 0.023707430810281912393537153411545
0.71604457282703320240102499291078 0.023707430810281912393537153411545
-0.73933450841408803777312927546612 0.022867962801892542404340893309361
0.73933450841408803777312927546612 0.022867962801892542404340893309361
-0.76177170623441627570912998509587 0.022002119218485857398743708553159
0.76177170623441627570912998509587 0.022002119218485857398743708553159
-0.78333028755168997920191779777528 0.021110898712762461809976094192383
0.78333028755168997920191779777528 0.021110898712762461809976094192383
-0.80398538701456643767043801781393 0.020195329207187483749564430695816
0.80398538701456643767043801781393 0.020195329207187483749564430695816
-0.82371318133648876436331151039166 0.019256466708559474712372180829157
0.82371318133648876436331151039166 0.019256466708559474712372180829157
-0.84249091677378094040662171265776 0.018295394090267557291187292386764
0.84249091677378094040662171265776 0.018295394090267557291187292386764
-0.86029693537044688297953756512263 0.017313219843689776361140160684395
0.86029693537044688297953756512263 0.017313219843689776361140160684395
-0.87711069993956966962016675238310 0.016311076800255958004814083149758
0.87711069993956966962016675238310 0.016311076800255958004814083149758
-0.89291281775277620423215238094926 0.015290120825796501506906020148471
0.89291281775277620423215238094926 0.015290120825796501506906020148471
-0.90768506291092504360756800829110 0.014251529488953925265807185497758
0.90768506291092504360756800829110 0.014251529488953925265807185497758
-0.92141039737107605463572290585652 0.013196500705711138029111690620613
0.92141039737107605463572290585652 0.013196500705711138029111690620613
-0.93407299060709549823295199877726 0.012126251362637710529296731475392
0.93407299060709549823295199877726 0.012126251362637710529296731475392
-0.94565823788436295654310166996479 0.011042015922635394223985204870981
0.94565823788436295654310166996479 0.011042015922635394223985204870981
-0.95615277713400694659819492044580 0.0099450450197260820417705111954504
0.95615277713400694659819492044580 0.0099450450197260820417705111954504
-0.96554450442159590136417380613860 0.0088366040564678773745480801076527
0.96554450442159590136417380613860 0.0088366040564678773745480801076527
-0.97382258802694193473400178714266 0.0077179718373735685045327781607547
0.97382258802694193473400178714266 0.0077179718373735685045327781607547
-0.98097748121015402737316305888754 0.0065904393342148952231778303456860
0.98097748121015402737316305888754 0.0065904393342148952231778303456860
-0.98700093392401204090004045039123 0.0054553089080008709871569618430218
0.98700093392401204090004045039123 0.0054553089080008709871569618430218
-0.99188600443725347862223719966253 0.0043138953318617004723391148733101
0.99188600443725347862223719966253 0.0043138953318617004723391148733101
-0.99562707526921516912428796135639 0.0031675359433960978742590562082864
0.99562707526921516912428796135639 0.0031675359433960978742590562082864
-0.99821990219545015378221456594294 0.0020176713662628385918796647156166
0.99821990219545015378221456594294 0.0020176713662628385918796647156166
-0.99966207135652455444878139959466 0.00086718517876714213535397432599449
0.99966207135652455444878139959466 0.00086718517876714213535397432599449
