25
2
0 0.12317605372671545120390287307905
-0.12286469261071039638735981880804 0.12224244299031004168895951894585
0.12286469261071039638735981880804 0.12224244299031004168895951894585
-0.24386688372098843204519036279745 0.11945576353578477222817812651290
0.24386688372098843204519036279745 0.11945576353578477222817812651290
-0.36117230580938783773582173012764 0.11485825914571164833932554586956
0.36117230580938783773582173012764 0.11485825914571164833932554586956
-0.47300273144571496052218211500919 0.10851962447426365311609395705012
0.47300273144571496052218211500919 0.10851962447426365311609395705012
-0.57766293024122296772368984161265 0.10053594906705064420220689039269
0.57766293024122296772368984161265 0.10053594906705064420220689039269
-0.67356636847346836448512063324762 0.091028261982963649811497220702892
0.67356636847346836448512063324762 0.091028261982963649811497220702892
-0.75925926303735763057728286520436 0.080140700335001018013234959669111
0.75925926303735763057728286520436 0.080140700335001018013234959669111
-0.83344262876083400142102110869357 0.068038333812356917207187185656708
0.83344262876083400142102110869357 0.068038333812356917207187185656708
-0.89499199787827536885104200678280 0.054904695975835191925936891540473
0.89499199787827536885104200678280 0.054904695975835191925936891540473
-0.94297457122897433941401116965847 0.040939156701306312655623487711646
0.94297457122897433941401116965847 0.040939156701306312655623487711646
-0.97666392145951751149831538647959 0.026354986615032137261901815295299
0.97666392145951751149831538647959 0.026354986615032137261901815295299
-0.99555696979049809790878494689390 0.011393798501026287947902964113235
0.99555696979049809790878494689390 0.011393798501026287947902964113235
