54
2
-0.028816748199341777656235847500227 0.057617536707147024672376128805871
0.028816748199341777656235847500227 0.057617536707147024672376128805871
-0.086354518263248215285443177768750 0.057426137054112114859290131773207
0.086354518263248215285443177768750 0.057426137054112114859290131773207
-0.14360542731625615394708976289879 0.057043973558794598567828434254227
0.14360542731625615394708976289879 0.057043973558794598567828434254227
-0.20037929360621356977860246282930 0.056472315730625965031044264681761
0.20037929360621356977860246282930 0.056472315730625965031044264681761
-0.25648752006999730007741121445301 0.055713062560589987683369817427371
0.25648752006999730007741121445301 0.055713062560589987683369817427371
-0.31174372083446822888255039015212 0.054768736213057986306222634717109
0.31174372083446822888255039015212 0.054768736213057986306222634717109
-0.36596434037219118198433210816549 0.053642473647553611272100627725247
0.36596434037219118198433210816549 0.053642473647553611272100627725247
-0.41896926325520452803610269746251 0.052338016198298744665588694752685
0.41896926325520452803610269746251 0.052338016198298744665588694752685
-0.47058241248138228368321213632774 0.050859697146188144319709206976119
0.47058241248138228368321213632774 0.050859697146188144319709206976119
-0.52063233438593307332701713874976 0.049212427324528886068790630368812
0.52063233438593307332701713874976 0.049212427324528886068790630368812
-0.56895276819520942973162483417715 0.047401678806444991058576410115324
0.56895276819520942973162483417715 0.047401678806444991058576410115324
-0.61538319833112737072993782016173 0.045433466728276713974852180751545
0.61538319833112737072993782016173 0.045433466728276713974852180751545
-0.65976938763198312469228982285622 0.043314329309597015441925760370508
0.65976938763198312469228982285622 0.043314329309597015441925760370508
-0.70196388971917291938557097696967 0.041051306136644974221718210877604
0.70196388971917291938557097696967 0.041051306136644974221718210877604
-0.74182653880918431628576626875358 0.038651914782102516836857139051580
0.74182653880918431628576626875358 0.038651914782102516836857139051580
-0.77922491534625402153594861484053 0.036124125840383552582887074207425
0.77922491534625402153594861484053 0.036124125840383552582887074207425
-0.81403478591356783546963830407520 0.033476336464372645716040444835611
0.81403478591356783546963830407520 0.033476336464372645716040444835611
-0.84614051597077294942588751087284 0.030717342497870676054004609916155
0.84614051597077294942588751087284 0.030717342497870676054004609916155
-0.87543545406556893941790933572261 0.027856309310595870287002034763915
0.87543545406556893941790933572261 0.027856309310595870287002034763915
-0.90182228628470158075746723138843 0.024902741467208773050054971273389
0.90182228628470158075746723138843 0.024902741467208773050054971273389
-0.92521335986665148625627606047979 0.021866451422853085945510426538879
0.92521335986665148625627606047979 0.021866451422853085945510426538879
-0.94553097516499585376383702290618 0.018757527621469377912007984284071
0.94553097516499585376383702290618 0.018757527621469377912007984284071
-0.96270764578592358325699392690539 0.015586303035924131702968909705837
0.96270764578592358325699392690539 0.015586303035924131702968909705837
-0.97668632885790323720001007198831 0.012363328128847644166467824260188
0.97668632885790323720001007198831 0.012363328128847644166467824260188
-0.98742063739734355855214572040355 0.0090993694555093969480335210624193
0.98742063739734355855214572040355 0.0090993694555093969480335210624193
-0.99487511701833888491888999594870 0.0058056110152399848788258877458753
0.99487511701833888491888999594870 0.0058056110152399848788258877458753
-0.99902666686734098385107110698396 0.0024974818357615857759460387572660
0.99902666686734098385107110698396 0.0024974818357615857759460387572660
