42
2
-0.036948943165351775813095980037559 0.073864234232172879996385561149791
0.036948943165351775813095980037559 0.073864234232172879996385561149791
-0.11064502720851986834912254500264 0.073460813453467528264028257054304
0.11064502720851986834912254500264 0.073460813453467528264028257054304
-0.18373680656485455085275563938074 0.072656175243804104887905761492533
0.18373680656485455085275563938074 0.072656175243804104887905761492533
-0.25582507934287908396641479101871 0.071454714265170982921810444117462
0.25582507934287908396641479101871 0.071454714265170982921810444117462
-0.32651612446541151219715658937547 0.069862992492594159766154786381482
0.32651612446541151219715658937547 0.069862992492594159766154786381482
-0.39542385204297505767709395459437 0.067889703376521944855363402213766
0.39542385204297505767709395459437 0.067889703376521944855363402213766
-0.46217191207042192975907502993064 0.065545624364908978927005107851794
0.46217191207042192975907502993064 0.065545624364908978927005107851794
-0.52639574993119228759286755879190 0.062843558045002576409318251323780
0.52639574993119228759286755879190 0.062843558045002576409318251323780
-0.58774459748510932284071134547400 0.059798262227586654312831545753535
0.58774459748510932284071134547400 0.059798262227586654312831545753535
-0.64588338886924783395749630371841 0.056426369358018381646426855139696
0.64588338886924783395749630371841 0.056426369358018381646426855139696
-0.70049459055617121374156992905547 0.052746295699174070343942539044097
0.70049459055617121374156992905547 0.052746295699174070343942539044097
-0.75127993568948048956847217591466 0.048778140792803245027449363128403
0.75127993568948048956847217591466 0.048778140792803245027449363128403
-0.79796205325548741323270595254638 0.044543577771965877874316365985234
0.79796205325548741323270595254638 0.044543577771965877874316365985234
-0.84028598326181690092543999508610 0.040065735180692261760596124830037
0.84028598326181690092543999508610 0.040065735180692261760596124830037
-0.87802056981217274271198510347862 0.035369071097592110832662181126508
0.87802056981217274271198510347862 0.035369071097592110832662181126508
-0.91095972490412745258384787920851 0.030479240699603468362904733523392
0.91095972490412745258384787920851 0.030479240699603468362904733523392
-0.93892355735498817853317343362559 0.025422959526113047886742442909431
0.93892355735498817853317343362559 0.025422959526113047886742442909431
-0.96175936533820448874692715785332 0.020227869569052644757055719079354
0.96175936533820448874692715785332 0.020227869569052644757055719079354
-0.97934250806374819370898256654286 0.014922443697357494144677678105866
0.97934250806374819370898256654286 0.014922443697357494144677678105866
-0.99157728834086091979236125328087 0.0095362203017485024118201002926980
0.99157728834086091979236125328087 0.0095362203017485024118201002926980
-0.99839961899006241502286812684705 0.0041059986046490846106027794968360
0.99839961899006241502286812684705 0.0041059986046490846106027794968360
