110
2
-0.014214727100750172360867510094983 0.028427539203543977794730027011039
0.014214727100750172360867510094983 0.028427539203543977794730027011039
-0.042632692243223251846010301462980 0.028404562633287387962293153771922
0.042632692243223251846010301462980 0.028404562633287387962293153771922
-0.071016199494651548999647243524595 0.028358628063597227616349269677312
0.071016199494651548999647243524595 0.028358628063597227616349269677312
-0.099342307873623148948913291426888 0.028289772621109670722427043029459
0.099342307873623148948913291426888 0.028289772621109670722427043029459
-0.12758812279139008057795362253806 0.028198051958266448590799104677719
0.12758812279139008057795362253806 0.028198051958266448590799104677719
-0.15573081455642979575001527007427 0.028083540208333774238587098991762
0.15573081455642979575001527007427 0.028083540208333774238587098991762
-0.18374763682655347888221349067950 0.027946329925484145384459083570669
0.18374763682655347888221349067950 0.027946329925484145384459083570669
-0.21161594499364727602542439323727 0.027786532009989456378302765774872
0.21161594499364727602542439323727 0.027786532009989456378302765774872
-0.23931321448618698369227920448402 0.027604275618585883621184279990971
0.23931321448618698369227920448402 0.027604275618585883621184279990971
-0.26681705897473319943426870160969 0.027399708060082994499139087085176
0.26681705897473319943426870160969 0.027399708060082994499139087085176
-0.29410524846569235497622913398305 0.027172994676301456879012978235933
0.29410524846569235497622913398305 0.027172994676301456879012978235933
-0.32115572726871936532240170204581 0.026924318708435585191660734163054
0.32115572726871936532240170204581 0.026924318708435585191660734163054
-0.34794663182323976083002433229826 0.026653881148948740518671124372058
0.34794663182323976083002433229826 0.026653881148948740518671124372058
-0.37445630836968304147996473538291 0.026361900579121296441563103230269
0.37445630836968304147996473538291 0.026361900579121296441563103230269
-0.40066333045114451171694570674889 0.026048612992382480334740760134123
0.40066333045114451171694570674889 0.026048612992382480334740760134123
-0.42654651623132991922053665934408 0.025714271603568892017135881321512
0.42654651623132991922053665934408 0.025714271603568892017135881321512
-0.45208494561478572152919395357691 0.025359146644263879075454810316947
0.45208494561478572152919395357691 0.025359146644263879075454810316947
-0.47725797715557762122241961984517 0.024983525144383201729724618867019
0.47725797715557762122241961984517 0.024983525144383201729724618867019
-0.50204526474075101509722752365356 0.024587710700183540993911899445115
0.50204526474075101509722752365356 0.024587710700183540993911899445115
-0.52642677403508905844434592368048 0.024172023228881383459196576514371
0.52642677403508905844434592368048 0.024172023228881383459196576514371
-0.55038279867387700661604533148476 0.023736798710080645914320303084371
0.55038279867387700661604533148476 0.023736798710080645914320303084371
-0.57389397619058520883109744413096 0.023282388914218075151416575170634
0.57389397619058520883109744413096 0.023282388914218075151416575170634
-0.59694130366659743196302227343083 0.022809161118245965029873260311711
0.59694130366659743196302227343083 0.022809161118245965029873260311711
-0.61950615309033591588559174665211 0.022317497808782067069216522173777
0.61950615309033591588559174665211 0.022317497808782067069216522173777
-0.64157028641336953101782214610518 0.021807796372966726136563387100126
0.64157028641336953101782214610518 0.021807796372966726136563387100126
-0.66311587029133644134089909731991 0.021280468777277243839366295289209
0.66311587029133644134089909731991 0.021280468777277243839366295289209
-0.68412549049776758602292026109160 0.020735941234559255167102064015857
0.68412549049776758602292026109160 0.020735941234559255167102064015857
-0.70458216599916189071054589807481 0.020174653859544497063250117363101
0.70458216599916189071054589807481 0.020174653859544497063250117363101
-0.72446936267993821619795803449397 0.019597060313133752545642094940016
0.72446936267993821619795803449397 0.019597060313133752545642094940016
-0.74377100670617246215826787172288 0.019003627435732977355415390619381
0.74377100670617246215826787172288 0.019003627435732977355415390619381
-0.76247149751732079178438352405610 0.018394834869939672413264812617640
0.76247149751732079178438352405610 0.018394834869939672413264812617640
-0.78055572043543147471028057856777 0.017771174672885481708797162512284
0.78055572043543147471028057856777 0.017771174672885481708797162512284
-0.79800905888165824217946749680736 0.017133150918549819301357320070292
0.79800905888165824217946749680736 0.017133150918549819301357320070292
-0.81481740619020725508108605011580 0.016481279290368142707133755583497
0.81481740619020725508108605011580 0.016481279290368142707133755583497
-0.83096717701017785544898827692512 0.015816086664467433012261653581705
0.83096717701017785544898827692512 0.015816086664467433012261653581705
-0.84644531828609444425672750955157 0.015138110683870755446745668235367
0.84644531828609444425672750955157 0.015138110683870755446745668235367
-0.86123931980827366370831231419557 0.014447899324022878377220455365141
0.86123931980827366370831231419557 0.014447899324022878377220455365141
-0.87533722432452868939890620614656 0.013746010450000572260922126478356
0.87533722432452868939890620614656 0.013746010450000572260922126478356
-0.88872763720508300909767328442528 0.013033011365785757625195242971462
0.88872763720508300909767328442528 0.013033011365785757625195242971462
-0.90139973565295362723820664293439 0.012309478355999680133814912134394
0.90139973565295362723820664293439 0.012309478355999680133814912134394
-0.91334327745247584610711289808346 0.011575996220526708448973476781641
0.91334327745247584610711289808346 0.011575996220526708448973476781641
-0.92454860924909341884619024766401 0.010833157802507093921488939819260
0.92454860924909341884619024766401 0.010833157802507093921488939819260
-0.93500667435405832823392603198054 0.010081563510269796136110405856143
0.93500667435405832823392603198054 0.010081563510269796136110405856143
-0.94470902006833434668728847720599 0.0093218208339544703935718402532524
0.94470902006833434668728847720599 0.0093218208339544703935718402532524
-0.95364780452090875213817770809927 0.0085545438579399403882866178353461
0.95364780452090875213817770809927 0.0085545438579399403882866178353461
-0.96181580301818510605062502454496 0.0077803527710089874309479120588267
0.96181580301818510605062502454496 0.0077803527710089874309479120588267
-0.96920641390387935584148081003907 0.0069998733781013075812061988693095
0.96920641390387935584148081003907 0.0069998733781013075812061988693095
-0.97581366393475891954881306875928 0.0062137366224290008797052772494408
0.97581366393475891954881306875928 0.0062137366224290008797052772494408
-0.98163221319204052612442700160464 0.0054225781405841413780120235324540
0.98163221319204052612442700160464 0.0054225781405841413780120235324540
-0.98665735958847874666375391013008 0.0046270379170598805641085012827685
0.98665735958847874666375391013008 0.0046270379170598805641085012827685
-0.99088504315999525022720224377130 0.0038277602649988264036507573643319
0.99088504315999525022720224377130 0.0038277602649988264036507573643319
-0.99431185082360012106741090882164 0.0030253950743341867457721053235498
0.99431185082360012106741090882164 0.0030253950743341867457721053235498
-0.99693502469019116209158510210203 0.0022206054619168459190912075263861
0.99693502469019116209158510210203 0.0022206054619168459190912075263861
-0.99875249408940159736718249293126 0.0014141248760001809431692592546493
0.99875249408940159736718249293126 0.0014141248760001809431692592546493
-0.99976319410985328632167669427573 0.00060769639918581115768295719301931
0.99976319410985328632167669427573 0.00060769639918581115768295719301931
