18
2
-0.084775013041735301242261852935784 0.16914238296314359184065647013499
0.084775013041735301242261852935784 0.16914238296314359184065647013499
-0.25188622569150550958897285487791 0.16427648374583272298605377646593
0.25188622569150550958897285487791 0.16427648374583272298605377646593
-0.41175116146284264603593179383305 0.15468467512626524492541800383637
0.41175116146284264603593179383305 0.15468467512626524492541800383637
-0.55977083107394753460787154852533 0.14064291467065065120473130375195
0.55977083107394753460787154852533 0.14064291467065065120473130375195
-0.69168704306035320787489108128885 0.12255520671147846018451912680020
0.69168704306035320787489108128885 0.12255520671147846018451912680020
-0.80370495897252311568241745501459 0.10094204410628716556281398492483
0.80370495897252311568241745501459 0.10094204410628716556281398492483
-0.89260246649755573920606059112715 0.076425730254889056529129677616637
0.89260246649755573920606059112715 0.076425730254889056529129677616637
-0.95582394957139775518119589292978 0.049714548894969796453334946202639
0.95582394957139775518119589292978 0.049714548894969796453334946202639
-0.99156516842093094673001600470615 0.021616013526483310313342710266452
0.99156516842093094673001600470615 0.021616013526483310313342710266452
