102
2
-0.015324060066795875847058294335674 0.030645720850972812172015404594613
0.015324060066795875847058294335674 0.030645720850972812172015404594613
-0.045957785856958827634776360898571 0.030616934417832536210532157088753
0.045957785856958827634776360898571 0.030616934417832536210532157088753
-0.076548342137869082829202888880448 0.030559388591502409138751219932289
0.076548342137869082829202888880448 0.030559388591502409138751219932289
-0.10706699429410315893274284876095 0.030473137426483878894499772127356
0.10706699429410315893274284876095 0.030473137426483878894499772127356
-0.13748507525191454369021002122432 0.030358261941054472218585097979962
0.13748507525191454369021002122432 0.030358261941054472218585097979962
-0.16777401240706641678890735453535 0.030214870041165003973350815557976
0.16777401240706641678890735453535 0.030214870041165003973350815557976
-0.19790535446392645472092351849245 0.030043096419080428345634972414280
0.19790535446392645472092351849245 0.030043096419080428345634972414280
-0.22785079816061299369099033464734 0.029843102426859545364763142403003
0.22785079816061299369099033464734 0.029843102426859545364763142403003
-0.25758221485508886519973080092026 0.029615075924792412077891686169280
0.25758221485508886519973080092026 0.029615075924792412077891686169280
-0.28707167694722984074804749592886 0.029359231104937832274204215458244
0.28707167694722984074804749592886 0.029359231104937832274204215458244
-0.31629148411204870361959195143885 0.029075808289926689836113776955034
0.31629148411204870361959195143885 0.029075808289926689836113776955034
-0.34521418931943336260536024716718 0.028765073707220126774454912493066
0.34521418931943336260536024716718 0.028765073707220126774454912493066
-0.37381262461595796878343004073736 0.028427319239034626117217768493535
0.37381262461595796878343004073736 0.028427319239034626117217768493535
-0.40205992664454950445356328867826 0.028062862148168920632501661514982
0.40205992664454950445356328867826 0.028062862148168920632501661514982
-0.42992956187803857414068195000377 0.027672044779990289706959277043101
0.42992956187803857414068195000377 0.027672044779990289706959277043101
-0.45739535154289191129813796695111 0.027255234240860207720296243843890
0.45739535154289191129813796695111 0.027255234240860207720296243843890
-0.48443149620971517037152166739635 0.026812822053301447488100929726936
0.48443149620971517037152166739635 0.026812822053301447488100929726936
-0.51101260002742763139785353038705 0.026345223788230601794587635843689
0.51101260002742763139785353038705 0.026345223788230601794587635843689
-0.53711369457834521277329529098692 0.025852878674601545298734915489637
0.53711369457834521277329529098692 0.025852878674601545298734915489637
-0.56271026233176435764143258017050 0.025336249186826599522671605145573
0.56271026233176435764143258017050 0.025336249186826599522671605145573
-0.58777825967401660277479244256944 0.024795820610363067566281826867665
0.58777825967401660277479244256944 0.024795820610363067566281826867665
-0.61229413949336161107075665333853 0.024232100585873356332279476842817
0.61229413949336161107075665333853 0.024232100585873356332279476842817
-0.63623487329850478966805298626422 0.023645618632387087969684534855312
0.63623487329850478966805298626422 0.023645618632387087969684534855312
-0.65957797284996395186594803934694 0.023036925649913407232683286070823
0.65957797284996395186594803934694 0.023036925649913407232683286070823
-0.68230151128396742929307650577015 0.022406593401971109777729357292795
0.68230151128396742929307650577015 0.022406593401971109777729357292795
-0.70438414370904321300156423742985 0.021755213978523246395012019885318
0.70438414370904321300156423742985 0.021755213978523246395012019885318
-0.72580512725595471287266608537288 0.021083399239821507465834882046319
0.72580512725595471287266608537288 0.021083399239821507465834882046319
-0.74654434056215320295081716843055 0.020391780241683983085674564975568
0.74654434056215320295081716843055 0.020391780241683983085674564975568
-0.76658230267244962870289216230880 0.019681006642747873921176087786559
0.76658230267244962870289216230880 0.019681006642747873921176087786559
-0.78590019133815891825164880799121 0.018951746094256482560654841493201
0.78590019133815891825164880799121 0.018951746094256482560654841493201
-0.80447986069753810830836992384505 0.018204683612957499200301989511335
0.80447986069753810830836992384505 0.018204683612957499200301989511335
-0.82230385832092551940694470516969 0.017440520937707480866609935029024
0.82230385832092551940694470516969 0.017440520937707480866609935029024
-0.83935544160459231292050597270860 0.016659975870395990922008645075216
0.83935544160459231292050597270860 0.016659975870395990922008645075216
-0.85561859349794110527367908738863 0.015863781601822977752738448042628
0.85561859349794110527367908738863 0.015863781601822977752738448042628
-0.87107803754933115617147236636010 0.015052686023186206947674468844053
0.87107803754933115617147236636010 0.015052686023186206947674468844053
-0.88571925225648043547057970885605 0.014227451023864885329514976832458
0.88571925225648043547057970885605 0.014227451023864885329514976832458
-0.89952848470810024630406432864879 0.013388851776226770794001022541470
0.89952848470810024630406432864879 0.013388851776226770794001022541470
-0.91249276350417495199586138061635 0.012537676008250568177073518584268
0.91249276350417495199586138061635 0.012537676008250568177073518584268
-0.92459991094314159457056908770206 0.011674723264867314999029032653059
0.92459991094314159457056908770206 0.011674723264867314999029032653059
-0.93583855446522198398850104849683 0.010800804159136293630706470294812
0.93583855446522198398850104849683 0.010800804159136293630706470294812
-0.94619813734246499567013418456678 0.0099167396148036403798083148762230
0.94619813734246499567013418456678 0.0099167396148036403798083148762230
-0.95566892860801537567376601033270 0.0090233601027405028107443792763846
0.95566892860801537567376601033270 0.0090233601027405028107443792763846
-0.96424203222057672122962052119785 0.0081215048759954475831170989302039
0.96424203222057672122962052119785 0.0081215048759954475831170989302039
-0.97190939546717348984105623502672 0.0072120212139205259430528435657514
0.97190939546717348984105623502672 0.0072120212139205259430528435657514
-0.97866381662440460797854973953750 0.0062957637019363053828957102621292
0.97866381662440460797854973953750 0.0062957637019363053828957102621292
-0.98449895194538723669811909025376 0.0053735936243990589039608366637962
0.98449895194538723669811909025376 0.0053735936243990589039608366637962
-0.98940932218957093178120988438379 0.0044463787344431784561263963276891
0.98940932218957093178120988438379 0.0044463787344431784561263963276891
-0.99339031948572220200955935480426 0.0035149944948897730295950125884737
0.99339031948572220200955935480426 0.0035149944948897730295950125884737
-0.99643821811586286965909415877648 0.0025803327578890424184802979625372
0.99643821811586286965909415877648 0.0025803327578890424184802979625372
-0.99855021264521266529845888898877 0.0016433679187249395456404454195119
0.99855021264521266529845888898877 0.0016433679187249395456404454195119
-0.99972478882475758404972130753687 0.00070624835145808905804206832740041
0.99972478882475758404972130753687 0.00070624835145808905804206832740041
