61
2
0 0.051081119440786217977921095606310
-0.051058906707974349366887500618901 0.051014487038697263543735080573852
0.051058906707974349366887500618901 0.051014487038697263543735080573852
-0.10198460656227406895720840476437 0.050814763668818343207700529223479
0.10198460656227406895720840476437 0.050814763668818343207700529223479
-0.15264424023081530052950676177348 0.050482470386797404648144465188151
0.15264424023081530052950676177348 0.050482470386797404648144465188151
-0.20290564251805849922694720334306 0.050018474108178253425051615006359
0.20290564251805849922694720334306 0.050018474108178253425051615006359
-0.25263768716905349583369086333441 0.049423985346735589939968776651116
0.25263768716905349583369086333441 0.049423985346735589939968776651116
-0.30171062896303071260448652545698 0.048700555056411526087530088314706
0.30171062896303071260448652545698 0.048700555056411526087530088314706
-0.34999644220406683453343447706209 0.047850070585095607161833427518700
0.34999644220406683453343447706209 0.047850070585095607161833427518700
-0.39736915472575660917829184736859 0.046874750750809065976429445588591
0.39736915472575660917829184736859 0.046874750750809065976429445588591
-0.44370517653853160199558930106582 0.045777140053145959371339833846825
0.44370517653853160199558930106582 0.045777140053145959371339833846825
-0.48888362226225211882069851142583 0.044560102035083488271541419831088
0.48888362226225211882069851142583 0.044560102035083488271541419831088
-0.53278662650292526563848171637307 0.043226811812496097901043645822683
0.53278662650292526563848171637307 0.043226811812496097901043645822683
-0.57529965135083061860036998194497 0.041780747790888492066675572351073
0.57529965135083061860036998194497 0.041780747790888492066675572351073
-0.61631178519792172470961685932859 0.040225682590998247367639983757512
0.61631178519792172470961685932859 0.040225682590998247367639983757512
-0.65571603209507087169918577783631 0.038565673207008172746152047629654
0.65571603209507087169918577783631 0.038565673207008172746152047629654
-0.69340959089449115549918436396023 0.036805050423154817384321042864067
0.69340959089449115549918436396023 0.036805050423154817384321042864067
-0.72929412344946510968895669013553 0.034948407516533351090851919209219
0.72929412344946510968895669013553 0.034948407516533351090851919209219
-0.76327601117231219714591466849435 0.033000588275907410632723683441004
0.76327601117231219714591466849435 0.033000588275907410632723683441004
-0.79526659928235964915204880275255 0.030966674368397394824697946612489
0.79526659928235964915204880275255 0.030966674368397394824697946612489
-0.82518242810865995066428189245085 0.028851972088183401504341775545590
0.82518242810865995066428189245085 0.028851972088183401504341775545590
-0.85294545084766344556484690467417 0.026661998524150889662810706844968
0.85294545084766344556484690467417 0.026661998524150889662810706844968
-0.87848323721488103247894751389335 0.024402467187544202915340659732468
0.87848323721488103247894751389335 0.024402467187544202915340659732468
-0.90172916247400117064204004268351 0.022079273148319044002475765628182
0.90172916247400117064204004268351 0.022079273148319044002475765628182
-0.92262258138295526125755150055585 0.019698477746101181330517830212685
0.92262258138295526125755150055585 0.019698477746101181330517830212685
-0.94110898668136114747754386097779 0.017266292987613743594433212772437
0.94110898668136114747754386097779 0.017266292987613743594433212772437
-0.95714015191298409137208028742122 0.014789065884937914546178515781488
0.95714015191298409137208028742122 0.014789065884937914546178515781488
-0.97067425883318290824740845354791 0.012273263507812104629277800359526
0.97067425883318290824740845354791 0.012273263507812104629277800359526
-0.98167601128403707968517254075132 0.0097254618303561337361366717555701
0.98167601128403707968517254075132 0.0097254618303561337361366717555701
-0.99011674523251705096553168569992 0.0071523549917490895858339930916942
0.99011674523251705096553168569992 0.0071523549917490895858339930916942
-0.99597459981512023426801276071229 0.0045609240060124171845389325797428
0.99597459981512023426801276071229 0.0045609240060124171845389325797428
-0.99923559763136347173186225956913 0.0019614533616702826717730644619268
0.99923559763136347173186225956913 0.0019614533616702826717730644619268
