75
2
0 0.041609586362141409380467081044788
-0.041597580029079455974891331228002 0.041573569441781278782999422233380
0.041597580029079455974891331228002 0.041573569441781278782999422233380
-0.083123147002610991697497087658773 0.041465581032619092135248335662636
0.083123147002610991697497087658773 0.041465581032619092135248335662636
-0.12450481253290026162508449173937 0.041285808082467189083460872530656
0.12450481253290026162508449173937 0.041285808082467189083460872530656
-0.16567093735213781838594952077799 0.041034561811392106676222517310215
0.16567093735213781838594952077799 0.041034561811392106676222517310215
-0.20655025533315960711447445358991 0.040712277172937330298757820608552
0.20655025533315960711447445358991 0.040712277172937330298757820608552
-0.24707199686423475690424003939848 0.040319512101141577558174368373927
0.24707199686423475690424003939848 0.040319512101141577558174368373927
-0.28716601136429724694270166515008 0.039856946544656352575965304840195
0.28716601136429724694270166515008 0.039856946544656352575965304840195
-0.32676288872652630235839997476023 0.039325381289635162520767468982589
0.32676288872652630235839997476023 0.039325381289635162520767468982589
-0.36579407948003592532601802090338 0.038725736573432575841466451005176
0.36579407948003592532601802090338 0.038725736573432575841466451005176
-0.40419201346165361319080687332862 0.038059050491513603135630900037878
0.40419201346165361319080687332862 0.038059050491513603135630900037878
-0.44189021679234826653733546388110 0.037326477200332090167306392614827
0.44189021679234826653733546388110 0.037326477200332090167306392614827
-0.47882342695580315701580907598958 0.036529284919290339006851097243542
0.47882342695580315701580907598958 0.036529284919290339006851097243542
-0.51492770577991664052799195238435 0.035668853735240453089118380403415
0.51492770577991664052799195238435 0.035668853735240453089118380403415
-0.55014055012564555150301493634307 0.034746673213330406535098538697209
0.55014055012564555150301493634307 0.034746673213330406535098538697209
-0.58440100009157788031960731134340 0.033764339818334092646955687040362
0.58440100009157788031960731134340 0.033764339818334092646955687040362
-0.61764974454692596445018587759279 0.032723554150934220521522757309968
0.61764974454692596445018587759279 0.032723554150934220521522757309968
-0.64982922381026223258688693479515 0.031626118003749648056032391809392
0.64982922381026223258688693479515 0.031626118003749648056032391809392
-0.68088372929626959804438390550273 0.030473931242214539203137621941768
0.68088372929626959804438390550273 0.030473931242214539203137621941768
-0.71075949995804112676955933427322 0.029268988515725986805033406483985
0.71075949995804112676955933427322 0.029268988515725986805033406483985
-0.73940481535803252649651356677736 0.028013375804780540825259014538106
0.73940481535803252649651356677736 0.028013375804780540825259014538106
-0.76677008520664192552409475418364 0.026709266810120851772354083068715
0.76677008520664192552409475418364 0.026709266810120851772354083068715
-0.79280793521356351036041394567963 0.025358919190216379094208439591331
0.79280793521356351036041394567963 0.025358919190216379094208439591331
-0.81747328910354131484339527120462 0.023964670653716959174765448878866
0.81747328910354131484339527120462 0.023964670653716959174765448878866
-0.84072344665495805009701160140604 0.022528934913865776450546379982564
0.84072344665495805009701160140604 0.022528934913865776450546379982564
-0.86251815762688342546126234592336 0.021054197512282842236445942608395
0.86251815762688342546126234592336 0.021054197512282842236445942608395
-0.88281969144789554216009231354360 0.019543011520127889379570920253555
0.88281969144789554216009231354360 0.019543011520127889379570920253555
-0.90159290254844633409396427193614 0.017997993125645050637945674480831
0.90159290254844633409396427193614 0.017997993125645050637945674480831
-0.91880529122839399127123949529349 0.016421817119024640043599306078756
0.91880529122839399127123949529349 0.016421817119024640043599306078756
-0.93442705996410715683619412625373 0.014817212289814468520137735549091
0.93442705996410715683619412625373 0.014817212289814468520137735549091
-0.94843116507928737792191984724683 0.013186956762824802119613874197023
0.94843116507928737792191984724683 0.013186956762824802119613874197023
-0.96079336374189231415544800061280 0.011533873328304495966813676187565
0.96079336374189231415544800061280 0.011533873328304495966813676187565
-0.97149225634306382336381379746768 0.0098608249161140183920517498356408
0.97149225634306382336381379746768 0.0098608249161140183920517498356408
-0.98050932459741660577169312373521 0.0081707107073278264037178591781228
0.98050932459741660577169312373521 0.0081707107073278264037178591781228
-0.98782896676752452014126668007504 0.0064664649070375384019631920735973
0.98782896676752452014126668007504 0.0064664649070375384019631920735973
-0.99343853657889270437704719784577 0.0047510691850152739658987564751547
0.99343853657889270437704719784577 0.0047510691850152739658987564751547
-0.99732842896223180330906575674391 0.0030276710146060412912264457881623
0.99732842896223180330906575674391 0.0030276710146060412912264457881623
-0.99949277553603545648346719435632 0.0013015917173758559938982255824573
0.99949277553603545648346719435632 0.0013015917173758559938982255824573
