89
2
0 0.035101046181273077031623888687985
-0.035093838497457001384747158090893 0.035079424017902025317167595307706
0.035093838497457001384747158090893 0.035079424017902025317167595307706
-0.070144441548005792132557218331406 0.035014584166196443369153043596767
0.070144441548005792132557218331406 0.035014584166196443369153043596767
-0.10510862697061341169869091627399 0.034906606508560709891011491580854
0.10510862697061341169869091627399 0.034906606508560709891011491580854
-0.13994331905037419666750380010875 0.034755624072981420920811511875418
0.13994331905037419666750380010875 0.034755624072981420920811511875418
-0.17460560160759627407549509694080 0.034561822869137808136433825732342
0.17460560160759627407549509694080 0.034561822869137808136433825732342
-0.20905277087034175587291038582721 0.034325441659239087817965419842009
0.20905277087034175587291038582721 0.034325441659239087817965419842009
-0.24324238808528204958900102857577 0.034046771663871087167355859748412
0.24324238808528204958900102857577 0.034046771663871087167355859748412
-0.27713233180205211794707288393587 0.033726156203214570706309503898698
0.27713233180205211794707288393587 0.033726156203214570706309503898698
-0.31068084976668979974326719189502 0.033363990274077320939719259000310
0.31068084976668979974326719189502 0.033363990274077320939719259000310
-0.34384661036022795247791077048120 0.032960720063261117074292282229930
0.34384661036022795247791077048120 0.032960720063261117074292282229930
-0.37658875351906760388040615247499 0.032516842397863206967585666713521
0.37658875351906760388040615247499 0.032516842397863206967585666713521
-0.40886694107439881869641545497633 0.032032904133189585507031563586469
0.40886694107439881869641545497633 0.032032904133189585507031563586469
-0.44064140644865181859485029422787 0.031509501479034283658798569159114
0.44064140644865181859485029422787 0.031509501479034283658798569159114
-0.47187300364775316379007561080114 0.030947279265154844789478959785802
0.47187300364775316379007561080114 0.030947279265154844789478959785802
-0.50252325548882955144576004174831 0.030346930146849129343407713543225
0.50252325548882955144576004174831 0.030346930146849129343407713543225
-0.53255440100394395696912482119744 0.029709193751612459627302028009165
0.53255440100394395696912482119744 0.029709193751612459627302028009165
-0.56192944196146430493328777885482 0.029034855767926811830019323855203
0.56192944196146430493328777885482 0.029034855767926811830019323855203
-0.59061218844775239304309457399901 0.028324746977305207228034840201625
0.59061218844775239304309457399901 0.028324746977305207228034840201625
-0.61856730345301912069868124211735 0.027579742230784582533477362029662
0.61856730345301912069868124211735 0.027579742230784582533477362029662
-0.64576034640641984871658682525959 0.026800759371129177712565635331841
0.64576034640641984871658682525959 0.026800759371129177712565635331841
-0.67215781560675955082266996736579 0.025988758102073836251481409477167
0.67215781560675955082266996736579 0.025988758102073836251481409477167
-0.69772718949653990589459622947051 0.025144738806002568622815516093645
0.69772718949653990589459622947051 0.025144738806002568622815516093645
-0.72243696672850824337039996081356 0.024269741311522339273661620371475
0.72243696672850824337039996081356 0.024269741311522339273661620371475
-0.74625670497536000938088999361382 0.023364843612455445827168754261384
0.74625670497536000938088999361382 0.023364843612455445827168754261384
-0.76915705843480110032811658886706 0.022431160539836367128358836128052
0.76915705843480110032811658886706 0.022431160539836367128358836128052
-0.79110981398379337145648761874817 0.021469842388561140843412685655362
0.79110981398379337145648761874817 0.021469842388561140843412685655362
-0.81208792593748603023649341699024 0.020482073500400270212245011276062
0.81208792593748603023649341699024 0.020482073500400270212245011276062
-0.83206554937007912710847314018536 0.019469070805151873138674525787875
0.83206554937007912710847314018536 0.019469070805151873138674525787875
-0.85101807195667744687556687466394 0.018432082321784115675845960628348
0.85101807195667744687556687466394 0.018432082321784115675845960628348
-0.86892214429708371925534528407728 0.017372385621502401669640844547363
0.86892214429708371925534528407728 0.017372385621502401669640844547363
-0.88575570868446994828078067217516 0.016291286254792384577540964762600
0.88575570868446994828078067217516 0.016291286254792384577540964762600
-0.90149802628399775208753120527841 0.015190116144666123397473142377540
0.90149802628399775208753120527841 0.015190116144666123397473142377540
-0.91612970268882343121106242502641 0.014070231948644482813887226094870
0.91612970268882343121106242502641 0.014070231948644482813887226094870
-0.92963271182371860337307406119752 0.012933013392602677291586497467650
0.92963271182371860337307406119752 0.012933013392602677291586497467650
-0.94199041817021491906787868986513 0.011779861580874892176619155388887
0.94199041817021491906787868986513 0.011779861580874892176619155388887
-0.95318759729284094057878238976554 0.010612197289972188032680725377726
0.95318759729284094057878238976554 0.010612197289972188032680725377726
-0.96321045465653544185384535634927 0.0094314592607978905397109396107838
0.96321045465653544185384535634927 0.0094314592607978905397109396107838
-0.97204664274890935970416461860227 0.0082391025253890787305728508876017
0.97204664274890935970416461860227 0.0082391025253890787305728508876017
-0.97968527658387664112961652484420 0.0070365968709891141373901987881672
0.97968527658387664112961652484420 0.0070365968709891141373901987881672
-0.98611694786110367400415131604508 0.0058254257887701074596446537513025
0.98611694786110367400415131604508 0.0058254257887701074596446537513025
-0.99133373880866530067317470382336 0.0046070873434632414330548163690412
0.99133373880866530067317470382336 0.0046070873434632414330548163690412
-0.99532924040674976032722822312872 0.0033831047924074551326341989671706
0.99532924040674976032722822312872 0.0033831047924074551326341989671706
-0.99809860571027392948426508064918 0.0021551125822191137646356391258611
0.99809860571027392948426508064918 0.0021551125822191137646356391258611
-0.99963903886453345958145412869148 0.00092628710519347281553042743200153
0.99963903886453345958145412869148 0.00092628710519347281553042743200153
