86
2
-0.018158193724385815933442894715760 0.036312395375813338282315140882418
0.018158193724385815933442894715760 0.036312395375813338282315140882418
-0.054450631894731206029934917271632 0.036264502084202387431491952519968
0.054450631894731206029934917271632 0.036264502084202387431491952519968
-0.090671253817080167031376765608115 0.036168778668600637582744953831079
0.090671253817080167031376765608115 0.036168778668600637582744953831079
-0.12677228724204825298619878567461 0.036025351380935257710089561200275
0.12677228724204825298619878567461 0.036025351380935257710089561200275
-0.16270611764841171433753240711727 0.035834409390924055789779422089203
0.16270611764841171433753240711727 0.035834409390924055789779422089203
-0.19842535104305140281453147441723 0.035596204536575495590691148383978
0.19842535104305140281453147441723 0.035596204536575495590691148383978
-0.23388287647003746374011614083540 0.035311050992034205080584711945498
0.23388287647003746374011614083540 0.035311050992034205080584711945498
-0.26903192814641030510040950011204 0.034979324853210099371413175087054
0.26903192814641030510040950011204 0.034979324853210099371413175087054
-0.30382614714270573506277170317548 0.034601463641737692259934409137242
0.30382614714270573506277170317548 0.034601463641737692259934409137242
-0.33821964252687266641196421367998 0.034177965727919904634238119482624
0.33821964252687266641196421367998 0.034177965727919904634238119482624
-0.37216705189093961032413538784815 0.033709389673417554864971536111017
0.37216705189093961032413538784815 0.033709389673417554864971536111017
-0.40562360118060039615117419992187 0.033196353494551597120090341337464
0.40562360118060039615117419992187 0.033196353494551597120090341337464
-0.43854516374880909401178309868220 0.032639533847189921956098678267053
0.43854516374880909401178309868220 0.032639533847189921956098678267053
-0.47088831855549778357794525647711 0.032039665134294016110228348969456
0.47088831855549778357794525647711 0.032039665134294016110228348969456
-0.50261040743665727450191267714955 0.031397538537302865558533224144757
0.50261040743665727450191267714955 0.031397538537302865558533224144757
-0.53366959136724868330384913023850 0.030714000972632053183040049073361
0.53366959136724868330384913023850 0.030714000972632053183040049073361
-0.56402490564374132901510502167934 0.029989953974664932491338489779655
0.56402490564374132901510502167934 0.029989953974664932491338489779655
-0.59363631391349803367208749156143 0.029226352506709944583661496845226
0.59363631391349803367208749156143 0.029226352506709944583661496845226
-0.62246476097975081191325369984740 0.028424203701493494757312431229821
0.62246476097975081191325369984740 0.028424203701493494757312431229821
-0.65047222431252623285099471589784 0.027584565532851248387384202791360
0.65047222431252623285099471589784 0.027584565532851248387384202791360
-0.67762176419758851065595213752297 0.026708545420372209575306743052097
0.67762176419758851065595213752297 0.026708545420372209575306743052097
-0.70387757245726769479642730698934 0.025797298768839535407771103317069
0.70387757245726769479642730698934 0.025797298768839535407771103317069
-0.72920501967892832289871796516619 0.024852027444399835918325828498476
0.72920501967892832289871796516619 0.024852027444399835918325828498476
-0.75357070088880890349794076170616 0.023873978189479004973217411757845
0.75357070088880890349794076170616 0.023873978189479004973217411757845
-0.77694247961102337105446971274149 0.022864440978548006445772845932835
0.77694247961102337105446971274149 0.022864440978548006445772845932835
-0.79928953025366178813625270143359 0.021824747316927627800684218815890
0.79928953025366178813625270143359 0.021824747316927627800684218815890
-0.82058237876616022153705031704901 0.020756268484909142790581694745943
0.82058237876616022153705031704901 0.020756268484909142790581694745943
-0.84079294151443305169971068872669 0.019660413729562179807401996007953
0.84079294151443305169971068872669 0.019660413729562179807401996007953
-0.85989456232268495530020868967531 0.018538628406709859206314722826008
0.85989456232268495530020868967531 0.018538628406709859206314722826008
-0.87786204763336593733991565879018 0.017392392075690542386719646238465
0.87786204763336593733991565879018 0.017392392075690542386719646238465
-0.89467169973944633437903896432757 0.016223216549729022588083607605384
0.89467169973944633437903896432757 0.016223216549729022588083607605384
-0.91030134804616583021055309701558 0.015032643905081378684945186261206
0.91030134804616583021055309701558 0.015032643905081378684945186261206
-0.92473037832286194977704586385485 0.013822244452766670866648191699577
0.92473037832286194977704586385485 0.013822244452766670866648191699577
-0.93793975990989261443304318294654 0.012593614678069697810409254542497
0.93793975990989261443304318294654 0.012593614678069697810409254542497
-0.94991207085221025571200846221937 0.011348375156177703977166589751313
0.94991207085221025571200846221937 0.011348375156177703977166589751313
-0.96063152094289844862941460889163 0.010088168460386105654673028217243
0.96063152094289844862941460889163 0.010088168460386105654673028217243
-0.97008397268574013135856678567532 0.0088146571019548157037820072424016
0.97008397268574013135856678567532 0.0088146571019548157037820072424016
-0.97825696025368471662248171008968 0.0075295216121945626068448950478870
0.97825696025368471662248171008968 0.0075295216121945626068448950478870
-0.98513970673250241361113493212969 0.0062344591391401234638869459198819
0.98513970673250241361113493212969 0.0062344591391401234638869459198819
-0.99072314074551870521994615957573 0.0049311840969601036964215639608901
0.99072314074551870521994615957573 0.0049311840969601036964215639608901
-0.99499991748533789622402782968653 0.0036214392496109014375557203935929
0.99499991748533789622402782968653 0.0036214392496109014375557203935929
-0.99796447703524394478519824703769 0.0023070874888099029259678226741023
0.99796447703524394478519824703769 0.0023070874888099029259678226741023
-0.99961356884132585701735194296919 0.00099164326662036352557758238293222
0.99961356884132585701735194296919 0.00099164326662036352557758238293222
