46
2
-0.033772190016052041519557831891440 0.067518685849036458820214189164301
0.033772190016052041519557831891440 0.067518685849036458820214189164301
-0.10116247530558423951585965700865 0.067210613600678175862374154827098
0.10116247530558423951585965700865 0.067210613600678175862374154827098
-0.16809117946710352860679673742770 0.066595874768454887375761966422734
0.16809117946710352860679673742770 0.066595874768454887375761966422734
-0.23425292220626976862605611557379 0.065677274267781207378757565685556
0.23425292220626976862605611557379 0.065677274267781207378757565685556
-0.29934582270187001548343925657790 0.064459003467139069588279439108255
0.29934582270187001548343925657790 0.064459003467139069588279439108255
-0.36307287702099571012370697851465 0.062946621064394508178951952247111
0.36307287702099571012370697851465 0.062946621064394508178951952247111
-0.42514331328282839732214686342857 0.061147027724650481015356607904191
0.42514331328282839732214686342857 0.061147027724650481015356607904191
-0.48527391838816466277232019370845 0.059068434595546314807550722636908
0.48527391838816466277232019370845 0.059068434595546314807550722636908
-0.54319033026180263527096269102888 0.056720325843991235816874403603287
0.54319033026180263527096269102888 0.056720325843991235816874403603287
-0.59862828971271515317717253360017 0.054113415385856754491637643259223
0.59862828971271515317717253360017 0.054113415385856754491637643259223
-0.65133484620199771510647715581686 0.051259598007143021335365299371448
0.65133484620199771510647715581686 0.051259598007143021335365299371448
-0.70106951202040569751212208942650 0.048171895101712200530468863223221
0.70106951202040569751212208942650 0.048171895101712200530468863223221
-0.74760535961566605400033650526800 0.044864395277318126767094613562775
0.74760535961566605400033650526800 0.044864395277318126767094613562775
-0.79073005707527425518914414742030 0.041352190109678729704220175870231
0.79073005707527425518914414742030 0.041352190109678729704220175870231
-0.83024683706606605303238530479081 0.037651305357386071327660799228459
0.83024683706606605303238530479081 0.037651305357386071327660799228459
-0.86597539486685806291588877681660 0.033778627999106896520603893881145
0.86597539486685806291588877681660 0.033778627999106896520603893881145
-0.89775271153394196570131995131978 0.029751829552202755799051729235723
0.89775271153394196570131995131978 0.029751829552202755799051729235723
-0.92543379880675395097749135769912 0.025589286397130010634699512200344
0.92543379880675395097749135769912 0.025589286397130010634699512200344
-0.94889236344608979562221353943691 0.021309998754136501054479361070878
0.94889236344608979562221353943691 0.021309998754136501054479361070878
-0.96802139185399194273774806637182 0.016933514007836238046230713671760
0.96802139185399194273774806637182 0.016933514007836238046230713671760
-0.98273366980416686347797957965919 0.012479883770988684206734571750983
0.98273366980416686347797957965919 0.012479883770988684206734571750983
-0.99296234890617436407309544466619 0.0079698982297246224516130389263250
0.99296234890617436407309544466619 0.0079698982297246224516130389263250
-0.99866304213381798112826841739089 0.0034303008681070482860187831480434
0.99866304213381798112826841739089 0.0034303008681070482860187831480434
