71
2
0 0.043937284595852365758225974645929
-0.043923148558135329332216935146721 0.043894879211788586321252566615856
0.043923148558135329332216935146721 0.043894879211788586321252566615856
-0.087761513634500682361806903386413 0.043767744913402144972309825086026
0.087761513634500682361806903386413 0.043767744913402144972309825086026
-0.13143047540226608701290992150616 0.043556127104108533371133972362876
0.13143047540226608701290992150616 0.043556127104108533371133972362876
-0.17484574102858486316968758985744 0.043260434263241266598856255616361
0.17484574102858486316968758985744 0.043260434263241266598856255616361
-0.21792350738245333553438302641759 0.042881237157580435020607086351868
0.21792350738245333553438302641759 0.042881237157580435020607086351868
-0.26058062279731866202392645289242 0.042419267739624593035339326643290
0.26058062279731866202392645289242 0.042419267739624593035339326643290
-0.30273474757619137643494206915252 0.041875417734733006189542603273560
0.30273474757619137643494206915252 0.041875417734733006189542603273560
-0.34430451292944702471046747016733 0.041250736919866024249108893037063
0.34430451292944702471046747016733 0.041250736919866024249108893037063
-0.38520967803852729598972032801530 0.040546431097246896434925221946931
0.38520967803852729598972032801530 0.040546431097246896434925221946931
-0.42537128494236955586325148721895 0.039763859766857581674337058512103
0.42537128494236955586325148721895 0.039763859766857581674337058512103
-0.46471181094759782294757862729818 0.038904533502262947492402742904246
0.46471181094759782294757862729818 0.038904533502262947492402742904246
-0.50315531826829007083360538155393 0.037970111034831156214417961918529
0.50315531826829007083360538155393 0.037970111034831156214417961918529
-0.54062760060648735600491133359118 0.036962396051982031856082917720138
0.54062760060648735600491133359118 0.036962396051982031856082917720138
-0.57705632639051981048579899718295 0.035883333715648910777968427220083
0.57705632639051981048579899718295 0.035883333715648910777968427220083
-0.61237117839468233631037609063273 0.034735006907682188375365273070109
0.61237117839468233631037609063273 0.034735006907682188375365273070109
-0.64650398947078764280140347910757 0.033519632209454030834406128936401
0.64650398947078764280140347910757 0.033519632209454030834406128936401
-0.67938887412964457628457812536044 0.032239555623443526941907160269519
0.67938887412964457628457812536044 0.032239555623443526941907160269519
-0.71096235571854437097460525980915 0.030897248045090721698605840872737
0.71096235571854437097460525980915 0.030897248045090721698605840872737
-0.74116348894937684801034410674847 0.029495300493708812464936487540645
0.74116348894937684801034410674847 0.029495300493708812464936487540645
-0.76993397754103664740516536169496 0.028036419111741490617980013932084
0.76993397754103664740516536169496 0.028036419111741490617980013932084
-0.79721828674931796063949074212098 0.026523419942157908008105454052560
0.79721828674931796063949074212098 0.026523419942157908008105454052560
-0.82296375056755275238936505029868 0.024959223494313873055275671073154
0.82296375056755275238936505029868 0.024959223494313873055275671073154
-0.84712067339187396894106719186263 0.023346849109223252631714953177597
0.84712067339187396894106719186263 0.023346849109223252631714953177597
-0.86964242595630741114708820306583 0.021689409135985367961832326462377
0.86964242595630741114708820306583 0.021689409135985367961832326462377
-0.89048553535520651167391176099232 0.019990102932350111287485143727483
0.89048553535520651167391176099232 0.019990102932350111287485143727483
-0.90960976898453435944163490228489 0.018252210704678670502329380325134
0.90960976898453435944163490228489 0.018252210704678670502329380325134
-0.92697821225087141076813050872878 0.016479087207462396550592440619988
0.92697821225087141076813050872878 0.016479087207462396550592440619988
-0.94255733992227115912439567377863 0.014674155334611529200407627980065
0.94255733992227115912439567377863 0.014674155334611529200407627980065
-0.95631708104105287488470437497288 0.012840899668087806070417952604490
0.95631708104105287488470437497288 0.012840899668087806070417952604490
-0.96823087742632534568030459124166 0.010982860154298551706274545207154
0.96823087742632534568030459124166 0.010982860154298551706274545207154
-0.97827573611360179287482407153806 0.0091036264619920058513167475447216
0.97827573611360179287482407153806 0.0091036264619920058513167475447216
-0.98643227726826136809214184666640 0.0072068352818314933873446534219393
0.98643227726826136809214184666640 0.0072068352818314933873446534219393
-0.99268478487064156994180563471636 0.0052961828440258926326796210147641
0.99268478487064156994180563471636 0.0052961828440258926326796210147641
-0.99702130825125513006567259801124 0.0033755554967306758651266906083242
0.99702130825125513006567259801124 0.0033755554967306758651266906083242
-0.99943444211973692756165994716579 0.0014512673300293972684980410268602
0.99943444211973692756165994716579 0.0014512673300293972684980410268602
