70
2
-0.022278395286140309693492782488810 0.044549417159754667202167497080156
0.022278395286140309693492782488810 0.044549417159754667202167497080156
-0.066790954167551324003719436439598 0.044460968417246370823557276625896
0.066790954167551324003719436439598 0.044460968417246370823557276625896
-0.11117090579429869373575233055028 0.044284246539055406775799674391955
0.11117090579429869373575233055028 0.044284246539055406775799674391955
-0.15533013788207024730900549150263 0.044019602390183458757355780351115
0.15533013788207024730900549150263 0.044019602390183458757355780351115
-0.19918097636485766415140346162006 0.043667561397201440252548428891982
0.19918097636485766415140346162006 0.043667561397201440252548428891982
-0.24263635946374064578357902638379 0.043228822505068699789395238774478
0.24263635946374064578357902638379 0.043228822505068699789395238774478
-0.28561001054003786169166478086039 0.042704256789449777769965710244339
0.28561001054003786169166478086039 0.042704256789449777769965710244339
-0.32801660938964325784613145448706 0.042094905727284406020983888182674
0.32801660938964325784613145448706 0.042094905727284406020983888182674
-0.36977196163846189583940469463292 0.041401979129045208638226503979721
0.36977196163846189583940469463292 0.041401979129045208638226503979721
-0.41079316590263058937126276793436 0.040626852736789616351225910856539
0.41079316590263058937126276793436 0.040626852736789616351225910856539
-0.45099877838164786573163970388112 0.039771065492776567477849545993126
0.45099877838164786573163970388112 0.039771065492776567477849545993126
-0.49030897455763658926977814135281 0.038836316484073403979003043596885
0.49030897455763658926977814135281 0.038836316484073403979003043596885
-0.52864570767971112726508075666082 0.037824461569222817197272139199015
0.52864570767971112726508075666082 0.037824461569222817197272139199015
-0.56593286371880828637295935747001 0.036737509693672695348040275894730
0.56593286371880828637295935747001 0.036737509693672695348040275894730
-0.60209641248535548733676658220344 0.035577618901292380532769713952615
0.60209641248535548733676658220344 0.035577618901292380532769713952615
-0.63706455460977809627885964468703 0.034347092049906537568545329348535
0.63706455460977809627885964468703 0.034347092049906537568545329348535
-0.67076786409407740564628119501142 0.033048372239372420470874285397914
0.67076786409407740564628119501142 0.033048372239372420470874285397914
-0.70313942615152859706294736022245 0.031684037961308481734652856022468
0.70313942615152859706294736022245 0.031684037961308481734652856022468
-0.73411497006094264130765167893820 0.030256797980154237816536743572433
0.73411497006094264130765167893820 0.030256797980154237816536743572433
-0.76363299677189956892509505649673 0.028769485955808280661310383780205
0.76363299677189956892509505649673 0.028769485955808280661310383780205
-0.79163490100789275810767617448481 0.027225054818664417159107210162433
0.79163490100789275810767617448481 0.027225054818664417159107210162433
-0.81806508762544118902723198710669 0.025626570908468482798984832299385
0.81806508762544118902723198710669 0.025626570908468482798984832299385
-0.84287108199898024231859353019743 0.023977207889100292278686694153533
0.84287108199898024231859353019743 0.023977207889100292278686694153533
-0.86600363421385862938003451942060 0.022280240452256595833890841619544
0.86600363421385862938003451942060 0.022280240452256595833890841619544
-0.88741681686334817112437348999409 0.020539037824326453384492580332673
0.88741681686334817112437348999409 0.020539037824326453384492580332673
-0.90706811626092284943635272429394 0.018757057093133423415451130321870
0.90706811626092284943635272429394 0.018757057093133423415451130321870
-0.92491851689793444027226596518489 0.016937836376302932531836854174687
0.92491851689793444027226596518489 0.016937836376302932531836854174687
-0.94093257900381535552281541574199 0.015084987865443127682295187214397
0.94093257900381535552281541574199 0.015084987865443127682295187214397
-0.95507850911429284264032735462852 0.013202190814676747625073490886484
0.95507850911429284264032735462852 0.013202190814676747625073490886484
-0.96732822366498643838861823572409 0.011293184649931537649630996977145
0.96732822366498643838861823572409 0.011293184649931537649630996977145
-0.97765740595759240039390762813623 0.0093617627696990268114995142357860
0.97765740595759240039390762813623 0.0093617627696990268114995142357860
-0.98604555807039865992710133931733 0.0074117693631902103621109273232030
0.98604555807039865992710133931733 0.0074117693631902103621109273232030
-0.99247605521168998109894208575939 0.0054471118742172183128209656238969
0.99247605521168998109894208575939 0.0054471118742172183128209656238969
-0.99693625196168015660981349583416 0.0034718948930781432549991924810463
0.99693625196168015660981349583416 0.0034718948930781432549991924810463
-0.99941828597357584205674258188521 0.0014927212888445157310393560571379
0.99941828597357584205674258188521 0.0014927212888445157310393560571379
