97
2
0 0.032221039456498706326168079287441
-0.032215464310261708911051988251711 0.032204314596613505334757482425470
0.032215464310261708911051988251711 0.032204314596613505334757482425470
-0.064397484688495848021884642857902 0.032154157379585501535779989748534
0.064397484688495848021884642857902 0.032154157379585501535779989748534
-0.096512651921921606901656876218620 0.032070619875272799349279527313302
0.096512651921921606901656876218620 0.032070619875272799349279527313302
-0.12852762620020854546968329715230 0.031953788806708641945283819529800
0.12852762620020854546968329715230 0.031953788806708641945283819529800
-0.16040917172663132738278043305915 0.031803785460071490444953693993741
0.16040917172663132738278043305915 0.031803785460071490444953693993741
-0.19212419122124464623572005775194 0.031620765558774016042949053500338
0.19212419122124464623572005775194 0.031620765558774016042949053500338
-0.22363976028025951755518529830329 0.031404919101801723624577980416919
0.22363976028025951755518529830329 0.031404919101801723624577980416919
-0.25492316155595139902506724983057 0.031156470166469041457751096653945
0.25492316155595139902506724983057 0.031156470166469041457751096653945
-0.28594191872161692317376941772899 0.030875676675797653824326456949727
0.28594191872161692317376941772899 0.030875676675797653824326456949727
-0.31666383018631918806119758053258 0.030562830130758583861350991769386
0.31666383018631918806119758053258 0.030562830130758583861350991769386
-0.34705700252442132148191337035153 0.030218255307656014534520751248024
0.34705700252442132148191337035153 0.030218255307656014534520751248024
-0.37708988358520414430097301946542 0.029842309920967029034578191333384
0.37708988358520414430097301946542 0.029842309920967029034578191333384
-0.40673129524819590288420598077336 0.029435384251987320864242889279975
0.40673129524819590288420598077336 0.029435384251987320864242889279975
-0.43595046579020987643838553712727 0.028997900743668431872052344320349
0.43595046579020987643838553712727 0.028997900743668431872052344320349
-0.46471706183048881340727567739938 0.028530313562067187518238001641692
0.46471706183048881340727567739938 0.028530313562067187518238001641692
-0.49300121982079319724532059204370 0.028033108124862677526805309563268
0.49300121982079319724532059204370 0.028033108124862677526805309563268
-0.52077357704774283654722011158979 0.027506800597430342560096200026850
0.52077357704774283654722011158979 0.027506800597430342560096200026850
-0.54800530211522773465598585221418 0.026951937356996440673633579868514
0.54800530211522773465598585221418 0.026951937356996440673633579868514
-0.57466812487524410432737751493621 0.026369094425429349757078529710983
0.57466812487524410432737751493621 0.026369094425429349757078529710983
-0.60073436577608420837691926634480 0.025758876871256784895352256585115
0.60073436577608420837691926634480 0.025758876871256784895352256585115
-0.62617696459741385451298854032012 0.025121918181530046735652127413228
0.62617696459741385451298854032012 0.025121918181530046735652127413228
-0.65096950854240825510962419870085 0.024458879604187847290599599066024
0.65096950854240825510962419870085 0.024458879604187847290599599066024
-0.67508625965778496582456527604324 0.023770449461603068821041847953627
0.67508625965778496582456527604324 0.023770449461603068821041847953627
-0.69850218155327111663677930061139 0.023057342436025995796396165996894
0.69850218155327111663677930061139 0.023057342436025995796396165996894
-0.72119296539277052494623709090554 0.022320298827667132378623154626354
0.72119296539277052494623709090554 0.022320298827667132378623154626354
-0.74313505513025393804306215753699 0.021560083786191718278434710981693
0.74313505513025393804306215753699 0.021560083786191718278434710981693
-0.76430567196418205690200565931173 0.020777486516426568497989775227795
0.76430567196418205690200565931173 0.020777486516426568497989775227795
-0.78468283798508572883041431044978 0.019973319459108046888189165973111
0.78468283798508572883041431044978 0.019973319459108046888189165973111
-0.80424539899177056547888796013987 0.019148417447528129335256690348553
0.80424539899177056547888796013987 0.019148417447528129335256690348553
-0.82297304645248444175041984002766 0.018303636840964140822291599039698
0.82297304645248444175041984002766 0.018303636840964140822291599039698
-0.84084633858828676745751493382039 0.017439854635807804639405491024978
0.84084633858828676745751493382039 0.017439854635807804639405491024978
-0.85784672055679030126055810570007 0.016557967555342456629028072610614
0.85784672055679030126055810570007 0.016557967555342456629028072610614
-0.87395654371541421535920331238803 0.015658891119156920520207006910261
0.87395654371541421535920331238803 0.015658891119156920520207006910261
-0.88915908394430036203902859915811 0.014743558693236950176359824619634
0.88915908394430036203902859915811 0.014743558693236950176359824619634
-0.90343855901012161641491233419273 0.013812920521853043271149004758434
0.90343855901012161641491233419273 0.013812920521853043271149004758434
-0.91678014495318888804979599948230 0.012867942742493386675711351964318
0.91678014495318888804979599948230 0.012867942742493386675711351964318
-0.92916999148161914082226018001245 0.011909606385330756832736230891083
0.92916999148161914082226018001245 0.011909606385330756832736230891083
-0.94059523635802798437168487084690 0.010938906359195948953967160200485
0.94059523635802798437168487084690 0.010938906359195948953967160200485
-0.95104401876663919521090741916800 0.0099568504270840449482378535820760
0.95104401876663919521090741916800 0.0099568504270840449482378535820760
-0.96050549165278724615748645044908 0.0089644581766979994325651844126044
0.96050549165278724615748645044908 0.0089644581766979994325651844126044
-0.96896983303495092210011012203225 0.0079627599978654955955986588637441
0.96896983303495092210011012203225 0.0079627599978654955955986588637441
-0.97642825630861976492424483088305 0.0069527960964694055264651309989934
0.97642825630861976492424483088305 0.0069527960964694055264651309989934
-0.98287301961352835103592378857019 0.0059356156307882229541832969533374
0.98287301961352835103592378857019 0.0059356156307882229541832969533374
-0.98829743450183878731789354416756 0.0049122762621660281308352822421924
0.98829743450183878731789354416756 0.0049122762621660281308352822421924
-0.99269587477855160925815029261576 0.0038838453294892944217326523492340
0.99269587477855160925815029261576 0.0038838453294892944217326523492340
-0.99606378947748841302431180547686 0.0028514092432130557714195080557446
0.99606378947748841302431180547686 0.0028514092432130557714195080557446
-0.99839774586056643673324424311646 0.0018161463982100396095076950793842
0.99839774586056643673324424311646 0.0018161463982100396095076950793842
-0.99969583999524672491196788854353 0.00078053322194256124572357233286618
0.99969583999524672491196788854353 0.00078053322194256124572357233286618
