36
2
-0.043018198473708607226968978228363 0.085983275670394747490085174790527
0.043018198473708607226968978228363 0.085983275670394747490085174790527
-0.12873610380938478865199338800515 0.085346685739338627491850543076490
0.12873610380938478865199338800515 0.085346685739338627491850543076490
-0.21350089231686557894322622890271 0.084078218979661934933457624291596
0.21350089231686557894322622890271 0.084078218979661934933457624291596
-0.29668499534402827050323904774517 0.082187266704339709517223473544942
0.29668499534402827050323904774517 0.082187266704339709517223473544942
-0.37767254711968921632273638966991 0.079687828912071601908724665501864
0.37767254711968921632273638966991 0.079687828912071601908724665501864
-0.45586394443342026720721766932744 0.076598410645870674528757733721502
0.45586394443342026720721766932744 0.076598410645870674528757733721502
-0.53068028592624516164070908012157 0.072941885005653061353873376941274
0.53068028592624516164070908012157 0.072941885005653061353873376941274
-0.60156765813598053507994497507359 0.068745323835736442613689639363613
0.60156765813598053507994497507359 0.068745323835736442613689639363613
-0.66800123658552106209719134434092 0.064039797355015489556384798625856
0.66800123658552106209719134434092 0.064039797355015489556384798625856
-0.72948917159355658209026047900611 0.058860144245324817309675399818920
0.72948917159355658209026047900611 0.058860144245324817309675399818920
-0.78557623013220651282776896508029 0.053244713977759919092025628286220
0.78557623013220651282776896508029 0.053244713977759919092025628286220
-0.83584716699247530641882087249860 0.047235083490265978416616829616675
0.83584716699247530641882087249860 0.047235083490265978416616829616675
-0.87992980089039713198242733746584 0.040875750923644895474114545143263
0.87992980089039713198242733746584 0.040875750923644895474114545143263
-0.91749777451565906607586722302616 0.034213810770307229921245061562715
0.91749777451565906607586722302616 0.034213810770307229921245061562715
-0.94827298439950754520247411494523 0.027298621498568779094417180867983
0.94827298439950754520247411494523 0.027298621498568779094417180867983
-0.97202769104969794933560504843111 0.020181515297735471532098928958221
0.97202769104969794933560504843111 0.020181515297735471532098928958221
-0.98858647890221223807339510787711 0.012915947284065574404503411497792
0.98858647890221223807339510787711 0.012915947284065574404503411497792
-0.99783046248408583619882834558075 0.0055657196642450453612559843905478
0.99783046248408583619882834558075 0.0055657196642450453612559843905478
