35
2
0 0.088486794907104290638207387777616
-0.088371343275659263600929433497549 0.088140530430275462970738807593097
0.088371343275659263600929433497549 0.088140530430275462970738807593097
-0.17605106116598956997430365644506 0.087104446997183534243322031605541
0.17605106116598956997430365644506 0.087104446997183534243322031605541
-0.26235294120929605797089520045558 0.085386653392099125225943987391118
0.26235294120929605797089520045558 0.085386653392099125225943987391118
-0.34660155443081394587697983493024 0.083000593728856588379926528216177
0.34660155443081394587697983493024 0.083000593728856588379926528216177
-0.42813754151781425418762061300148 0.079964942242324262932662080985046
0.42813754151781425418762061300148 0.079964942242324262932662080985046
-0.50632277324148861502429755583733 0.076303457155442053538658537884226
0.50632277324148861502429755583733 0.076303457155442053538658537884226
-0.58054534474976450993450200818969 0.072044794772560064665461909785278
0.58054534474976450993450200818969 0.072044794772560064665461909785278
-0.65022436466589038867579280898456 0.067222285269086903964305508748149
0.65022436466589038867579280898456 0.067222285269086903964305508748149
-0.71481450155662878326440863122445 0.061873671966080188887014138788689
0.71481450155662878326440863122445 0.061873671966080188887014138788689
-0.77381025228691255526742300920989 0.056040816212370128578327747165101
0.77381025228691255526742300920989 0.056040816212370128578327747165101
-0.82674989909222540683405061274856 0.049769370401353529805199676084995
0.82674989909222540683405061274856 0.049769370401353529805199676084995
-0.87321912502522233152328234914139 0.043108422326170218782306459374908
0.87321912502522233152328234914139 0.043108422326170218782306459374908
-0.91285426135931761446493706355576 0.036110115863463380532716969647550
0.91285426135931761446493706355576 0.036110115863463380532716969647550
-0.94534514820782732953872598552997 0.028829260108894254048716039714485
0.94534514820782732953872598552997 0.028829260108894254048716039714485
-0.97043761603922983321507048258477 0.021322979911483580883437983966205
0.97043761603922983321507048258477 0.021322979911483580883437983966205
-0.98793576444385149803511708918549 0.013650828348361492266404002920516
0.98793576444385149803511708918549 0.013650828348361492266404002920516
-0.99770656909960029726016313931209 0.0058834334204430849757538962401126
0.99770656909960029726016313931209 0.0058834334204430849757538962401126
