30
2
-0.051471842555317695833025213166723 0.10285265289355884034128563670542
0.051471842555317695833025213166723 0.10285265289355884034128563670542
-0.15386991360858354696379467274326 0.10176238974840550459642895216855
0.15386991360858354696379467274326 0.10176238974840550459642895216855
-0.25463692616788984643980512981781 0.099593420586795267062780282103569
0.25463692616788984643980512981781 0.099593420586795267062780282103569
-0.35270472553087811347103720708937 0.096368737174644259639468626351810
0.35270472553087811347103720708937 0.096368737174644259639468626351810
-0.44703376953808917678060990032285 0.092122522237786128717632707087619
0.44703376953808917678060990032285 0.092122522237786128717632707087619
-0.53662414814201989926416979331107 0.086899787201082979802387530715126
0.53662414814201989926416979331107 0.086899787201082979802387530715126
-0.62052618298924286114047755643119 0.080755895229420215354694938460530
0.62052618298924286114047755643119 0.080755895229420215354694938460530
-0.69785049479331579693229238802664 0.073755974737705206268243850022191
0.69785049479331579693229238802664 0.073755974737705206268243850022191
-0.76777743210482619491797734097450 0.065974229882180495128128515115962
0.76777743210482619491797734097450 0.065974229882180495128128515115962
-0.82956576238276839744289811973250 0.057493156217619066481721689402056
0.82956576238276839744289811973250 0.057493156217619066481721689402056
-0.88256053579205268154311646253023 0.048402672830594052902938140422808
0.88256053579205268154311646253023 0.048402672830594052902938140422808
-0.92620004742927432587932427708047 0.038799192569627049596801936446348
0.92620004742927432587932427708047 0.038799192569627049596801936446348
-0.96002186496830751221687102558180 0.028784707883323369349719179611292
0.96002186496830751221687102558180 0.028784707883323369349719179611292
-0.98366812327974720997003258160566 0.018466468311090959142302131912047
0.98366812327974720997003258160566 0.018466468311090959142302131912047
-0.99689348407464954027163005091870 0.0079681924961666056154658834746736
0.99689348407464954027163005091870 0.0079681924961666056154658834746736
