16
2
-0.095012509837637440185319335424958 0.18945061045506849628539672320828
0.095012509837637440185319335424958 0.18945061045506849628539672320828
-0.28160355077925891323046050146050 0.18260341504492358886676366796922
0.28160355077925891323046050146050 0.18260341504492358886676366796922
-0.45801677765722738634241944298358 0.16915651939500253818931207903036
0.45801677765722738634241944298358 0.16915651939500253818931207903036
-0.61787624440264374844667176404879 0.14959598881657673208150173054748
0.61787624440264374844667176404879 0.14959598881657673208150173054748
-0.75540440835500303389510119484744 0.12462897125553387205247628219202
0.75540440835500303389510119484744 0.12462897125553387205247628219202
-0.86563120238783174388046789771239 0.095158511682492784809925107602246
0.86563120238783174388046789771239 0.095158511682492784809925107602246
-0.94457502307323257607798841553461 0.062253523938647892862843836994378
0.94457502307323257607798841553461 0.062253523938647892862843836994378
-0.98940093499164993259615417345033 0.027152459411754094851780572456018
0.98940093499164993259615417345033 0.027152459411754094851780572456018
