31
2
0 0.099720544793426451427533833734349
-0.099555312152341520325174790118941 0.099225011226672307874875514428615
0.099555312152341520325174790118941 0.099225011226672307874875514428615
-0.19812119933557062877241299603283 0.097743335386328725093474010978997
0.19812119933557062877241299603283 0.097743335386328725093474010978997
-0.29471806998170161661790389767170 0.095290242912319512807204197487597
0.29471806998170161661790389767170 0.095290242912319512807204197487597
-0.38838590160823294306135146128752 0.091890113893641478215362871607150
0.38838590160823294306135146128752 0.091890113893641478215362871607150
-0.47819378204490248044059403935649 0.087576740608477876126198069695333
0.47819378204490248044059403935649 0.087576740608477876126198069695333
-0.56324916140714926272094492359516 0.082392991761589263903823367431962
0.56324916140714926272094492359516 0.082392991761589263903823367431962
-0.64270672292426034618441820323250 0.076390386598776616426357674901331
0.64270672292426034618441820323250 0.076390386598776616426357674901331
-0.71577678458685328390597086536649 0.069628583235410366167756126255126
0.71577678458685328390597086536649 0.069628583235410366167756126255126
-0.78173314841662494040636002019468 0.062174786561028426910343543686697
0.78173314841662494040636002019468 0.062174786561028426910343543686697
-0.83992032014626734008690453594018 0.054103082424916853711666259086620
0.83992032014626734008690453594018 0.054103082424916853711666259086620
-0.88976002994827104337419200898216 0.045493707527201102902315857894630
0.88976002994827104337419200898216 0.045493707527201102902315857894630
-0.93075699789664816495694575972926 0.036432273912385464024392010467803
0.93075699789664816495694575972926 0.036432273912385464024392010467803
-0.96250392509294966178905240410586 0.027009019184979421800608708091932
0.96250392509294966178905240410586 0.027009019184979421800608708091932
-0.98468590966515248400246516673468 0.017318620790310582463157996086821
0.98468590966515248400246516673468 0.017318620790310582463157996086821
-0.99708748181947707405562655422310 0.0074708315792487758586968750322124
0.99708748181947707405562655422310 0.0074708315792487758586968750322124
