127
2
0 0.024639752923961094419579417477503
-0.024637259757420944614897071846088 0.024632273575707679066033370218017
0.024637259757420944614897071846088 0.024632273575707679066033370218017
-0.049259562331926630315379321821927 0.024609840071630254092545634003360
0.049259562331926630315379321821927 0.024609840071630254092545634003360
-0.073851959621048545273440409360569 0.024572466031020653286354137335186
0.073851959621048545273440409360569 0.024572466031020653286354137335186
-0.098399521677698970751091751509101 0.024520174143511508275183033290175
0.098399521677698970751091751509101 0.024520174143511508275183033290175
-0.12288734577408297172603365288567 0.024452996155301467956140198471529
0.12288734577408297172603365288567 0.024452996155301467956140198471529
-0.14730056544908566938932929319807 0.024370972849882214952813561907241
0.14730056544908566938932929319807 0.024370972849882214952813561907241
-0.17162435953364216500834492248954 0.024274154023278979833195063936748
0.17162435953364216500834492248954 0.024274154023278979833195063936748
-0.19584396114861085150428162519610 0.024162598453819584716522917710986
0.19584396114861085150428162519610 0.024162598453819584716522917710986
-0.21994466666968754245452337866940 0.024036373866450369675132086026456
0.21994466666968754245452337866940 0.024036373866450369675132086026456
-0.24391184465391785797071324453138 0.023895556891620665983864481754172
0.24391184465391785797071324453138 0.023895556891620665983864481754172
-0.26773094472238862088834352027938 0.023740233018760777777714726703424
0.26773094472238862088834352027938 0.023740233018760777777714726703424
-0.29138750639370562079451875284568 0.023570496544381716050033676844306
0.29138750639370562079451875284568 0.023570496544381716050033676844306
-0.31486716786289498148601475374890 0.023386450514828194170722043496950
0.31486716786289498148601475374890 0.023386450514828194170722043496950
-0.33815567472039850137600027657095 0.023188206663719640249922582981729
0.33815567472039850137600027657095 0.023188206663719640249922582981729
-0.36123888860586970607092484346723 0.022975885344117206754377437838947
0.36123888860586970607092484346723 0.022975885344117206754377437838947
-0.38410279579151693577907781452239 0.022749615455457959852242553240982
0.38410279579151693577907781452239 0.022749615455457959852242553240982
-0.40673351568978256340867288124339 0.022509534365300608085694429903050
0.40673351568978256340867288124339 0.022509534365300608085694429903050
-0.42911730928019337626254405355418 0.022255787825930280235631416460158
0.42911730928019337626254405355418 0.022255787825930280235631416460158
-0.45124058745026622733189858020729 0.021988529885872983756478409758807
0.45124058745026622733189858020729 0.021988529885872983756478409758807
-0.47308991924540524164509989939699 0.021707922796373466052301324695331
0.47308991924540524164509989939699 0.021707922796373466052301324695331
-0.49465204002278211739494017368636 0.021414136912893259295449693233545
0.49465204002278211739494017368636 0.021414136912893259295449693233545
-0.51591385950424935727727729906662 0.021107350591688713643523847921658
0.51591385950424935727727729906662 0.021107350591688713643523847921658
-0.53686246972339756745816636353452 0.020787750081531811812652137291250
0.53686246972339756745816636353452 0.020787750081531811812652137291250
-0.55748515286193223292186190687872 0.020455529410639508279497065713301
0.55748515286193223292186190687872 0.020455529410639508279497065713301
-0.57776938897061258000325165713764 0.020110890268880247225644623956287
0.57776938897061258000325165713764 0.020110890268880247225644623956287
-0.59770286357006522938441201887478 0.019754041885329183081815217323169
0.59770286357006522938441201887478 0.019754041885329183081815217323169
-0.61727347512685828385763916340822 0.019385200901246454628112623489471
0.61727347512685828385763916340822 0.019385200901246454628112623489471
-0.63646934240029724134760815684175 0.019004591238555646611148901044533
0.63646934240029724134760815684175 0.019004591238555646611148901044533
-0.65527881165548263027676505156852 0.018612443963902310429440419898958
0.65527881165548263027676505156852 0.018612443963902310429440419898958
-0.67369046373825048534668253831602 0.018208997148375106468721469154479
0.67369046373825048534668253831602 0.018208997148375106468721469154479
-0.69169312100770067015644143286666 0.017794495722974774231027912900351
0.69169312100770067015644143286666 0.017794495722974774231027912900351
-0.70927585412210456099944463906757 0.017369191329918731922164721250350
0.70927585412210456099944463906757 0.017369191329918731922164721250350
-0.72642798867407268553569290153270 0.016933342169871654545878815295200
0.72642798867407268553569290153270 0.016933342169871654545878815295200
-0.74313911167095451292056688997595 0.016487212845194879399346060358146
0.74313911167095451292056688997595 0.016487212845194879399346060358146
-0.75939907785653667155666366659810 0.016031074199309941802254151842763
0.75939907785653667155666366659810 0.016031074199309941802254151842763
-0.77519801587020238244496276354566 0.015565203152273955098532590262975
0.77519801587020238244496276354566 0.015565203152273955098532590262975
-0.79052633423981379994544995252740 0.015089882532666922992635733981431
0.79052633423981379994544995252740 0.015089882532666922992635733981431
-0.80537472720468021466656079404644 0.014605400905893418351737288078952
0.80537472720468021466656079404644 0.014605400905893418351737288078952
-0.81973418036507867415511910167470 0.014112052399003395774044161633613
0.81973418036507867415511910167470 0.014112052399003395774044161633613
-0.83359597615489951437955716480123 0.013610136522139249906034237533759
0.83359597615489951437955716480123 0.013610136522139249906034237533759
-0.84695169913409759845333931085437 0.013099957986718627426172681912499
0.84695169913409759845333931085437 0.013099957986718627426172681912499
-0.85979324109774080981203134414483 0.012581826520465013101514365424172
0.85979324109774080981203134414483 0.012581826520465013101514365424172
-0.87211280599856071141963753428864 0.012056056679400848183529562144697
0.87211280599856071141963753428864 0.012056056679400848183529562144697
-0.88390291468002656994525794802849 0.011522967656921087154811609734510
0.88390291468002656994525794802849 0.011522967656921087154811609734510
-0.89515640941708370896904382642451 0.010982883090068975788799657376065
0.89515640941708370896904382642451 0.010982883090068975788799657376065
-0.90586645826182138280246131760282 0.010436130863141005225673171997668
0.90586645826182138280246131760282 0.010436130863141005225673171997668
-0.91602655919146580931308861741716 0.0098830429087554914716648010899606
0.91602655919146580931308861741716 0.0098830429087554914716648010899606
-0.92563054405623384912746466814259 0.0093239550065309714787536985834029
0.92563054405623384912746466814259 0.0093239550065309714787536985834029
-0.93467258232473796857363487794906 0.0087592065795403145773316804234385
0.93467258232473796857363487794906 0.0087592065795403145773316804234385
-0.94314718462481482734544963026201 0.0081891404887415730817235884718726
0.94314718462481482734544963026201 0.0081891404887415730817235884718726
-0.95104920607788031054790764659636 0.0076141028256526859356393930849227
0.95104920607788031054790764659636 0.0076141028256526859356393930849227
-0.95837384942523877114910286998060 0.0070344427036681608755685893032553
0.95837384942523877114910286998060 0.0070344427036681608755685893032553
-0.96511666794529212109082507703391 0.0064505120486899171845442463868748
0.96511666794529212109082507703391 0.0064505120486899171845442463868748
-0.97127356816152919228894689830512 0.0058626653903523901033648343751369
0.97127356816152919228894689830512 0.0058626653903523901033648343751369
-0.97684081234307032681744391886220 0.0052712596565634400891303815906262
0.97684081234307032681744391886220 0.0052712596565634400891303815906262
-0.98181502080381411003346312451198 0.0046766539777779034772638165662550
0.98181502080381411003346312451198 0.0046766539777779034772638165662550
-0.98619317401693166671043833175387 0.0040792095178254605327114733456870
0.98619317401693166671043833175387 0.0040792095178254605327114733456870
-0.98997261459148415760778669967370 0.0034792893810051465908910894100252
0.98997261459148415760778669967370 0.0034792893810051465908910894100252
-0.99315104925451714736113079486788 0.0028772587656289004082883197513548
0.99315104925451714736113079486788 0.0028772587656289004082883197513548
-0.99572655135202722663543337039544 0.0022734860707492547802810840776366
0.99572655135202722663543337039544 0.0022734860707492547802810840776366
-0.99769756618980462107441702489835 0.0016683488125171936761028862914750
0.99769756618980462107441702489835 0.0016683488125171936761028862914750
-0.99906293435531189513831588319534 0.0010622766869538486959652359853209
0.99906293435531189513831588319534 0.0010622766869538486959652359853209
-0.99982213041530614626735116457342 0.00045645726109586662791936519264911
0.99982213041530614626735116457342 0.00045645726109586662791936519264911
