81
2
0 0.038546423782980703389514075661077
-0.038536878581511983836485635468657 0.038517789596884695237838113833480
0.038536878581511983836485635468657 0.038517789596884695237838113833480
-0.077016502972127177318290702766000 0.038431929580375172100256568003527
0.077016502972127177318290702766000 0.038431929580375172100256568003527
-0.11538170404343671125885386042512 0.038288971295583524430319989342264
0.11538170404343671125885386042512 0.038288971295583524430319989342264
-0.15357548266563063685678812095543 0.038089127135475601831023354437039
0.15357548266563063685678812095543 0.038089127135475601831023354437039
-0.19154109439104285573984706620834 0.037832694008300559247575139629384
0.19154109439104285573984706620834 0.037832694008300559247575139629384
-0.22922213375931610544150731019064 0.037520052896475837859239244608524
0.22922213375931610544150731019064 0.037520052896475837859239244608524
-0.26656261809893533914550237183031 0.037151668290563712144742601639887
0.26656261809893533914550237183031 0.037151668290563712144742601639887
-0.30350707070062616455163167635739 0.036728087499180439516905966192114
0.30350707070062616455163167635739 0.036728087499180439516905966192114
-0.34000060323904833977581943798023 0.036249939835863412798325781690414
0.34000060323904833977581943798023 0.036249939835863412798325781690414
-0.37598899732033128792051685442733 0.035717935684104568530726025999371
0.37598899732033128792051685442733 0.035717935684104568530726025999371
-0.41141878503429754168600584302274 0.035132865441939379415979092163717
0.41141878503429754168600584302274 0.035132865441939379415979092163717
-0.44623732839169905664810302407759 0.034495598347659795894745528675936
0.44623732839169905664810302407759 0.034495598347659795894745528675936
-0.48039289752844827014266295336797 0.033807081188396245551195813496633
0.48039289752844827014266295336797 0.033807081188396245551195813496633
-0.51383474756065821552201975849831 0.033068336893488004420875206391893
0.51383474756065821552201975849831 0.033068336893488004420875206391893
-0.54651319397631127307958633358473 0.032280463014732688872403232145339
0.54651319397631127307958633358473 0.032280463014732688872403232145339
-0.57837968645155136948207800475996 0.031444630095774066418036539144291
0.57837968645155136948207800475996 0.031444630095774066418036539144291
-0.60938688098193654605880783169793 0.030562079933052661895659840852221
0.60938688098193654605880783169793 0.030562079933052661895659840852221
-0.63948871022149455464476200734632 0.029634123730905597658475192645967
0.63948871022149455464476200734632 0.029634123730905597658475192645967
-0.66864045192509014660489918731893 0.028662140153560676225791755448388
0.66864045192509014660489918731893 0.028662140153560676225791755448388
-0.69679879539243560968186049472990 0.027647573276924926911086146840113
0.69679879539243560968186049472990 0.027647573276924926911086146840113
-0.72392190581505261444336396335368 0.026591930443219921090919794735035
0.72392190581505261444336396335368 0.026591930443219921090919794735035
-0.74996948643062067222251471098321 0.025496780021665677069479779060609
0.74996948643062067222251471098321 0.025496780021665677069479779060609
-0.77490283839242343140563752108430 0.024363749078563097332491054601003
0.77490283839242343140563752108430 0.024363749078563097332491054601003
-0.79868491826502828215720145500682 0.023194520960273919881455328467455
0.79868491826502828215720145500682 0.023194520960273919881455328467455
-0.82128039306091022345876788043311 0.021990832792751632770501258435910
0.82128039306091022345876788043311 0.021990832792751632770501258435910
-0.84265569273646704620671262280698 0.020754472901445608539522744237972
0.84265569273646704620671262280698 0.020754472901445608539522744237972
-0.86277906006979189467374743188579 0.019487278155601918215927050517631
0.86277906006979189467374743188579 0.019487278155601918215927050517631
-0.88162059784672014616827425156053 0.018191131241255761151762673856893
0.88162059784672014616827425156053 0.018191131241255761151762673856893
-0.89915231328615653085266596822461 0.016867957867635139474334540851592
0.89915231328615653085266596822461 0.016867957867635139474334540851592
-0.91534815964075071728907768214075 0.015519723912464362938245239344164
0.91534815964075071728907768214075 0.015519723912464362938245239344164
-0.93018407491516750302254555519502 0.014148432513236065548251581020679
0.93018407491516750302254555519502 0.014148432513236065548251581020679
-0.94363801765281382118058153538482 0.012756121115134421000256126443977
0.94363801765281382118058153538482 0.012756121115134421000256126443977
-0.95568999975640251524883706880614 0.011344858495416255762008172457572
0.95568999975640251524883706880614 0.011344858495416255762008172457572
-0.96632211633805611107009215609944 0.0099167418095958754997498997893091
0.96632211633805611107009215609944 0.0099167418095958754997498997893091
-0.97551857267236129691625386082591 0.0084738937853455654496158280198391
0.97551857267236129691625386082591 0.0084738937853455654496158280198391
-0.98326570856643022721994090994940 0.0070184604849316255116099518242164
0.98326570856643022721994090994940 0.0070184604849316255116099518242164
-0.98955202137102199912788938724492 0.0055526113702562789022726326497814
0.98955202137102199912788938724492 0.0055526113702562789022726326497814
-0.99436819328521986502267684038048 0.0040785511134213955860207340825566
0.99436819328521986502267684038048 0.0040785511134213955860207340825566
-0.99770715998834646365795107107044 0.0025986222999289530134967882271050
0.99770715998834646365795107107044 0.0025986222999289530134967882271050
-0.99956470369031903447672109151554 0.0011170298471246066061206503656592
0.99956470369031903447672109151554 0.0011170298471246066061206503656592
