77
2
0 0.040535835862325650292052261783555
-0.040524735209115925930069812856752 0.040502535726788031955249604271169
0.040524735209115925930069812856752 0.040502535726788031955249604271169
-0.080982888385503131206497786834524 0.040402690032217756170326194286987
0.080982888385503131206497786834524 0.040402690032217756170326194286987
-0.12130798689055258664180682024976 0.040236462824851084195265252645091
0.12130798689055258664180682024976 0.040236462824851084195265252645091
-0.16143377669416093160718409971791 0.040004127215591237410351510875602
0.16143377669416093160718409971791 0.040004127215591237410351510875602
-0.20129433122994435663814765725844 0.039706064931289310681037544106446
0.20129433122994435663814765725844 0.039706064931289310681037544106446
-0.24082415971243219760968179971117 0.039342765687570151937132306002140
0.24082415971243219760968179971117 0.039342765687570151937132306002140
-0.27995831473827612206470475151227 0.038914826384233785621032819526947
0.27995831473827612206470475151227 0.038914826384233785621032819526947
-0.31863249899468730877752308119471 0.038422950124554523673681167395016
0.31863249899468730877752308119471 0.038422950124554523673681167395016
-0.35678317089978107057855531760529 0.037867945060089320261666826369883
0.35678317089978107057855531760529 0.037867945060089320261666826369883
-0.39434764900126356046846746532049 0.037250723062893718878760275277392
0.39434764900126356046846746532049 0.037250723062893718878760275277392
-0.43126421496193568207252416931544 0.036572298227327454533458330188442
0.43126421496193568207252416931544 0.036572298227327454533458330188442
-0.46747221496281179464464365992673 0.035833785203911962602642635498871
0.46747221496281179464464365992673 0.035833785203911962602642635498871
-0.50291215935725151780772630943746 0.035036397367978278454877534176860
0.50291215935725151780772630943746 0.035036397367978278454877534176860
-0.53752582041237773902442482755027 0.034181444826115679265317929366678
0.53752582041237773902442482755027 0.034181444826115679265317929366678
-0.57125632797719825080698316017729 0.033270332263698545302839450188942
0.57125632797719825080698316017729 0.033270332263698545302839450188942
-0.60404826292025738497014838606546 0.032304556637030975593572024877019
0.60404826292025738497014838606546 0.032304556637030975593572024877019
-0.63584774818331236701365121150826 0.031285704713905433393956468824802
0.63584774818331236701365121150826 0.031285704713905433393956468824802
-0.66660253730145149359091605849300 0.030215450466622998691398689602669
0.66660253730145149359091605849300 0.030215450466622998691398689602669
-0.69626210024424222479101996765521 0.029095552321768761348702490992590
0.69626210024424222479101996765521 0.029095552321768761348702490992590
-0.72477770643691172878078551451793 0.027927850271276968541507245838539
0.72477770643691172878078551451793 0.027927850271276968541507245838539
-0.75210250482521594138438662045892 0.026714262849557890832002790333969
0.75210250482521594138438662045892 0.026714262849557890832002790333969
-0.77819160085254314187286794389510 0.025456783981694403752637761104255
0.77819160085254314187286794389510 0.025456783981694403752637761104255
-0.80300213022292522738363779918083 0.024157479707955844940593878676603
0.80300213022292522738363779918083 0.024157479707955844940593878676603
-0.82649332932900211943558671088231 0.022818484790129520512909668424238
0.82649332932900211943558671088231 0.022818484790129520512909668424238
-0.84862660222962403646957783330131 0.021441999205456135505124960945590
0.84862660222962403646957783330131 0.021441999205456135505124960945590
-0.86936558406773405987865437941350 0.020030284534316176396246234142168
0.86936558406773405987865437941350 0.020030284534316176396246234142168
-0.88867620082556406989483490418299 0.018585660248341485509179745537290
0.88867620082556406989483490418299 0.018585660248341485509179745537290
-0.90652672532125781802109080769146 0.017110499906531104176239626542282
0.90652672532125781802109080769146 0.017110499906531104176239626542282
-0.92288782935940219992804543525569 0.015607227268749131295081252827354
0.92288782935940219992804543525569 0.015607227268749131295081252827354
-0.93773263195906104419014214580195 0.014078312340027004050167974546948
0.93773263195906104419014214580195 0.014078312340027004050167974546948
-0.95103674360059187152342882818072 0.012526267369227365187359936060926
0.95103674360059187152342882818072 0.012526267369227365187359936060926
-0.96277830646773431194016186773458 0.010953642853911354238590990656431
0.96277830646773431194016186773458 0.010953642853911354238590990656431
-0.97293803074910839034630614367223 0.0093630236923864307692619401092123
0.97293803074910839034630614367223 0.0093630236923864307692619401092123
-0.98149922733113846238834483719226 0.0077570259500830707318423715015087
0.98149922733113846238834483719226 0.0077570259500830707318423715015087
-0.98844783822256130732501902966777 0.0061382961597563418392698976419497
0.98844783822256130732501902966777 0.0061382961597563418392698976419497
-0.99377247094987824830891119226718 0.0045095236002058353332382600617225
0.99377247094987824830891119226718 0.0045095236002058353332382600617225
-0.99746447786921409987486973633428 0.0028735530836526916572784103259190
0.99746447786921409987486973633428 0.0028735530836526916572784103259190
-0.99951861463341000974858104034320 0.0012352911771394096141718693577702
0.99951861463341000974858104034320 0.0012352911771394096141718693577702
