53
2
0 0.058718794151164364525486944442134
-0.058685054300259465022711945833232 0.058617586232720263318071937049989
0.058685054300259465022711945833232 0.058617586232720263318071937049989
-0.11716780907195515014025680877932 0.058314311362256007556275756337697
0.11716780907195515014025680877932 0.058314311362256007556275756337697
-0.17524666215532575072979100913290 0.057810014991713196319683076097252
0.17524666215532575072979100913290 0.057810014991713196319683076097252
-0.23272140372427259364336364219992 0.057106435536267191773383339298419
0.23272140372427259364336364219992 0.057106435536267191773383339298419
-0.28939390645162620642654700659401 0.056205998381739709808655062091445
0.28939390645162620642654700659401 0.056205998381739709808655062091445
-0.34506880849572235669431064606950 0.055111807523933599002349704765867
0.34506880849572235669431064606950 0.055111807523933599002349704765867
-0.39955418695395297739256313623840 0.053827634868731029042081441635403
0.39955418695395297739256313623840 0.053827634868731029042081441635403
-0.45266221946184579138314476075332 0.052357907229872718199701520989361
0.45266221946184579138314476075332 0.052357907229872718199701520989361
-0.50420983165713343703911697288796 0.050707691069292715296485482634531
0.50420983165713343703911697288796 0.050707691069292715296485482634531
-0.55401932827706788101473499081005 0.048882675032699140420448407583584
0.55401932827706788101473499081005 0.048882675032699140420448407583584
-0.60191900571376932746429437196462 0.046889150340750314021872639565105
0.60191900571376932746429437196462 0.046889150340750314021872639565105
-0.64774374391651006875110618993863 0.044733989103672810212765645918564
0.64774374391651006875110618993863 0.044733989103672810212765645918564
-0.69133557560136672354074882313894 0.042424620634520013592281637568450
0.69133557560136672354074882313894 0.042424620634520013592281637568450
-0.73254423080751025378213558672175 0.039969005843540382127093545787864
0.73254423080751025378213558672175 0.039969005843540382127093545787864
-0.77122765492553230786603587562604 0.037375609803482915674171972785394
0.77122765492553230786603587562604 0.037375609803482915674171972785394
-0.80725249841689547822048563802591 0.034653372583534237958387720513011
0.80725249841689547822048563802591 0.034653372583534237958387720513011
-0.84049457654580137543012750982995 0.031811678459019323063235862031081
0.84049457654580137543012750982995 0.031811678459019323063235862031081
-0.87083929755824135160170008688859 0.028860323617823736262799553043583
0.87083929755824135160170008688859 0.028860323617823736262799553043583
-0.89818205787542662592552002997308 0.025809482510757517713961888166629
0.89818205787542662592552002997308 0.025809482510757517713961888166629
-0.92242860304281212826781910008252 0.022669673057070208398789275239828
0.92242860304281212826781910008252 0.022669673057070208398789275239828
-0.94349535346444187902107066769619 0.019451721107636895388046922227497
0.94349535346444187902107066769619 0.019451721107636895388046922227497
-0.96130969462313633236985819368264 0.016166725256687463928060828404040
0.96130969462313633236985819368264 0.016166725256687463928060828404040
-0.97581023371498458163298385810636 0.012826026144240379179150182969204
0.97581023371498458163298385810636 0.012826026144240379179150182969204
-0.98694703502337152172037308131058 0.0094412022849403443866621788203251
0.98694703502337152172037308131058 0.0094412022849403443866621788203251
-0.99468191930800707863603589348399 0.0060242762269486732812417068162999
0.99468191930800707863603589348399 0.0060242762269486732812417068162999
-0.99898994777632822712105426703220 0.0025916837205670318115992394385109
0.99898994777632822712105426703220 0.0025916837205670318115992394385109
