47
2
0 0.066135129623655479653440354331055
-0.066086923916355675160473777474134 0.065990533588810474533570655330498
0.066086923916355675160473777474134 0.065990533588810474533570655330498
-0.13188486655451489705382353072413 0.065557377766549740251143002326076
0.13188486655451489705382353072413 0.065557377766549740251143002326076
-0.19710611027911180796149135837050 0.064837556238945726702603939110806
0.19710611027911180796149135837050 0.064837556238945726702603939110806
-0.26146545921497457030698296620517 0.063834216605717030631293779855814
0.26146545921497457030698296620517 0.063834216605717030631293779855814
-0.32468148633773590221076129918000 0.062551746220921662640564381449954
0.32468148633773590221076129918000 0.062551746220921662640564381449954
-0.38647776408466713958330238760602 0.060995753008739645330710578133438
0.38647776408466713958330238760602 0.060995753008739645330710578133438
-0.44658407310485570272518214234941 0.059173040942338875976154556385741
0.44658407310485570272518214234941 0.059173040942338875976154556385741
-0.50473758386357791977428902535130 0.057091580293231540222016605308383
0.50473758386357791977428902535130 0.057091580293231540222016605308383
-0.56068400593466419448305831741827 0.054760472781530225957125176888505
0.56068400593466419448305831741827 0.054760472781530225957125176888505
-0.61417869995637360859546254260425 0.052189911780057144872211941709676
0.61417869995637360859546254260425 0.052189911780057144872211941709676
-0.66498774739033272913670264857209 0.049391137747361169604570485862005
0.66498774739033272913670264857209 0.049391137747361169604570485862005
-0.71288897340906430166187932777102 0.046376389086505911204401848242745
0.71288897340906430166187932777102 0.046376389086505911204401848242745
-0.75767291844543863357399652356968 0.043158848648479538268301793446503
0.75767291844543863357399652356968 0.043158848648479538268301793446503
-0.79914375416774194291556206920359 0.039752586122531003780901380141961
0.79914375416774194291556206920359 0.039752586122531003780901380141961
-0.83712013989990212127759894856635 0.036172496584174951613459929766311
0.83712013989990212127759894856635 0.036172496584174951613459929766311
-0.87143601579689631694098546455561 0.032434235515184756767617463174170
0.87143601579689631694098546455561 0.032434235515184756767617463174170
-0.90194132943852535686717130197744 0.028554150700643386504739924625811
0.90194132943852535686717130197744 0.028554150700643386504739924625811
-0.92850269301236064819718492461132 0.024549211659658818537834157152506
0.92850269301236064819718492461132 0.024549211659658818537834157152506
-0.95100396925770844258980292385144 0.020436938147668427642034760686255
0.95100396925770844258980292385144 0.020436938147668427642034760686255
-0.96934678732656449714574427756027 0.016235333146433059670725687407899
0.96934678732656449714574427756027 0.016235333146433059670725687407899
-0.98345100307162370876490103403617 0.011962848464312320963943454849949
0.98345100307162370876490103403617 0.011962848464312320963943454849949
-0.99325521098776863469218968463246 0.0076386162958488336141043567711317
0.99325521098776863469218968463246 0.0076386162958488336141043567711317
-0.99871872858421210918394771478711 0.0032874538425280148832499642083362
0.99871872858421210918394771478711 0.0032874538425280148832499642083362
