120
2
-0.013035172768578637617654646560194 0.026068868824110286371074121973585
0.013035172768578637617654646560194 0.026068868824110286371074121973585
-0.039096658629682162285889586333126 0.026051150475687184285096143384515
0.039096658629682162285889586333126 0.026051150475687184285096143384515
-0.065131571484321510537135042828751 0.026015725821552952213415019981909
0.065131571484321510537135042828751 0.026015725821552952213415019981909
-0.091122216063084689773787837496927 0.025962618938946412823583815431684
0.091122216063084689773787837496927 0.025962618938946412823583815431684
-0.11705092718458390263524551663613 0.025891865923268559605155597973132
0.11705092718458390263524551663613 0.025891865923268559605155597973132
-0.14290008176203125318064156248466 0.025803514863549441775996214980089
0.14290008176203125318064156248466 0.025803514863549441775996214980089
-0.16865211078120383709685663801123 0.025697625809763288694857727815289
0.16865211078120383709685663801123 0.025697625809763288694857727815289
-0.19428951124165710204860730463849 0.025574270732014089304034166705165
0.19428951124165710204860730463849 0.025574270732014089304034166705165
-0.21979485805307034401782034538312 0.025433533471619367712449681059874
0.21979485805307034401782034538312 0.025433533471619367712449681059874
-0.24515081587863870169214780899038 0.025275509684125402783584739716571
0.24515081587863870169214780899038 0.025275509684125402783584739716571
-0.27034015091746200295568208550775 0.025100306774292623778386169480275
0.27034015091746200295568208550775 0.025100306774292623778386169480275
-0.29534574261792228087939643667605 0.024908043823095372001850020678933
0.29534574261792228087939643667605 0.024908043823095372001850020678933
-0.32015059531408868316613882786044 0.024698851506785646314454887258205
0.32015059531408868316613882786044 0.024698851506785646314454887258205
-0.34473784977724081694920562306111 0.024472872008075844620437139583225
0.34473784977724081694920562306111 0.024472872008075844620437139583225
-0.36909079467465926468609070076347 0.024230258919500870385078638829417
0.36909079467465926468609070076347 0.024230258919500870385078638829417
-0.39319287792789503750732171595380 0.023971177139025289244136265313277
0.39319287792789503750732171595380 0.023971177139025289244136265313277
-0.41702771796279805705003259925766 0.023695802757966492266188827235729
0.41702771796279805705003259925766 0.023695802757966492266188827235729
-0.44057911484365832923783176465973 0.023404322941310045868097254639738
0.44057911484365832923783176465973 0.023404322941310045868097254639738
-0.46383106128389224385027929832951 0.023096935800498580264713916513328
0.46383106128389224385027929832951 0.023096935800498580264713916513328
-0.48676775352579034876932167284358 0.022773850258780685207441929112922
0.48676775352579034876932167284358 0.022773850258780685207441929112922
-0.50937360208193195078875394965795 0.022435285909211340242693079025227
0.50937360208193195078875394965795 0.022435285909211340242693079025227
-0.53163324233096592576301761282585 0.022081472865400403481097748329153
0.53163324233096592576301761282585 0.022081472865400403481097748329153
-0.55353154496055611631111212927765 0.021712651605110614675506285627502
0.55353154496055611631111212927765 0.021712651605110614675506285627502
-0.57505362625039358875111262544036 0.021329072806811432126534484659330
0.57505362625039358875111262544036 0.021329072806811432126534484659330
-0.59618485818828674281918120268034 0.020930997179299815562310099302687
0.59618485818828674281918120268034 0.020930997179299815562310099302687
-0.61691087841245374549419030416128 0.020518695284503785830960745685554
0.61691087841245374549419030416128 0.020518695284503785830960745685554
-0.63721759997325991863400644489173 0.020092447353589234370958946160751
0.63721759997325991863400644489173 0.020092447353589234370958946160751
-0.65709122090776547136810982342056 0.019652543096495018643983610875643
0.65709122090776547136810982342056 0.019652543096495018643983610875643
-0.67651823362057625236487399644166 0.019199281505025862081638093383895
0.67651823362057625236487399644166 0.019199281505025862081638093383895
-0.69548543406462192259838987271267 0.018732970649636977222863231120824
0.69548543406462192259838987271267 0.018732970649636977222863231120824
-0.71397993071562203346484423557980 0.018253927470048648016840211433223
0.71397993071562203346484423557980 0.018253927470048648016840211433223
-0.73198915333414085539143488818133 0.017762477559833242327028235218640
0.73198915333414085539143488818133 0.017762477559833242327028235218640
-0.74950086150927635720104326898538 0.017258954945121280845789208595358
0.74950086150927635720104326898538 0.017258954945121280845789208595358
-0.76650315297817740879694239848306 0.016743701857577268944904228251527
0.76650315297817740879694239848306 0.016743701857577268944904228251527
-0.78298447171573599851809359315116 0.016217068501800012625594202585307
0.78298447171573599851809359315116 0.016217068501800012625594202585307
-0.79893361578895796329302304844578 0.015679412817306104419524350335203
0.79893361578895796329302304844578 0.015679412817306104419524350335203
-0.81433974497067638655638582224500 0.015131100235259206066793694778342
0.81433974497067638655638582224500 0.015131100235259206066793694778342
-0.82919238810743642197063713392342 0.014572503430111715481408727261391
0.82919238810743642197063713392342 0.014572503430111715481408727261391
-0.84348145023654890301074387907521 0.014004002066329457983319727769125
0.84348145023654890301074387907521 0.014004002066329457983319727769125
-0.85719721944748284637694428919986 0.013425982540374306852219168979275
0.85719721944748284637694428919986 0.013425982540374306852219168979275
-0.87033037348294415720232658505846 0.012838837718124321545610248576754
0.87033037348294415720232658505846 0.012838837718124321545610248576754
-0.88287198607517007604162977769515 0.012242966667916449981832228594949
0.88287198607517007604162977769515 0.012242966667916449981832228594949
-0.89481353301315723197333116728272 0.011638774389403706420644008240251
0.89481353301315723197333116728272 0.011638774389403706420644008240251
-0.90614689793673750678190030793851 0.011026671538428158911345331994679
0.90614689793673750678190030793851 0.011026671538428158911345331994679
-0.91686437785362379174656791859640 0.010407074148125193313706836945681
0.91686437785362379174656791859640 0.010407074148125193313706836945681
-0.92695868837577369051160079562431 0.0097804033464975271758873385288260
0.92695868837577369051160079562431 0.0097804033464975271758873385288260
-0.93642296867167584143864827131675 0.0091470850707376679922620111794873
0.93642296867167584143864827131675 0.0091470850707376679922620111794873
-0.94525078613147563281958159776938 0.0085075497786523522795862168958330
0.94525078613147563281958159776938 0.0085075497786523522795862168958330
-0.95343614074227577316195004401524 0.0078622321576899802381799893961109
0.95343614074227577316195004401524 0.0078622321576899802381799893961109
-0.96097346917158263878953680820755 0.0072115708323796387389333650866982
0.96097346917158263878953680820755 0.0072115708323796387389333650866982
-0.96785764855797226867404967629619 0.0065560080716716139903953937585832
0.96785764855797226867404967629619 0.0065560080716716139903953937585832
-0.97408400001022800994592684873296 0.0058959894992837342112239229797500
0.97408400001022800994592684873296 0.0058959894992837342112239229797500
-0.97964829182104224488089132773168 0.0052319638142955942465056885198408
0.97964829182104224488089132773168 0.0052319638142955942465056885198408
-0.98454674241341055233414900584218 0.0045643825408821160355845932597050
0.98454674241341055233414900584218 0.0045643825408821160355845932597050
-0.98877602307152612459828870779138 0.0038936998629014653082743823640692
0.98877602307152612459828870779138 0.0038936998629014653082743823640692
-0.99233326061616648526193845718797 0.0032203727339262675315037257682458
0.99233326061616648526193845718797 0.0032203727339262675315037257682458
-0.99521604059890816641663058970602 0.0025448620540103064362402451311457
0.99521604059890816641663058970602 0.0025448620540103064362402451311457
-0.99742241361329052588031149024739 0.0018676392307719650543772986721523
0.99742241361329052588031149024739 0.0018676392307719650543772986721523
-0.99895092167403470673804222949003 0.0011892343277931651479338509237930
0.99895092167403470673804222949003 0.0011892343277931651479338509237930
-0.99980086565895892057183466649667 0.00051102606369461211797296613862464
0.99980086565895892057183466649667 0.00051102606369461211797296613862464
