32
2
-0.048307665687738316234812570440502 0.096540088514727800566764830063576
0.048307665687738316234812570440502 0.096540088514727800566764830063576
-0.14447196158279649348518637359881 0.095638720079274859419082002204131
0.14447196158279649348518637359881 0.095638720079274859419082002204131
-0.23928736225213707454460320916550 0.093844399080804565639180237668117
0.23928736225213707454460320916550 0.093844399080804565639180237668117
-0.33186860228212764977991680573019 0.091173878695763884712868577111637
0.33186860228212764977991680573019 0.091173878695763884712868577111637
-0.42135127613063534536411943617243 0.087652093004403811142771462751802
0.42135127613063534536411943617243 0.087652093004403811142771462751802
-0.50689990893222939002374747437782 0.083311924226946755222199074604349
0.50689990893222939002374747437782 0.083311924226946755222199074604349
-0.58771575724076232904074547640183 0.078193895787070306471740918828307
0.58771575724076232904074547640183 0.078193895787070306471740918828307
-0.66304426693021520097511516866324 0.072345794108848506225399356478488
0.66304426693021520097511516866324 0.072345794108848506225399356478488
-0.73218211874028968038742666509127 0.065822222776361846837650063706939
0.73218211874028968038742666509127 0.065822222776361846837650063706939
-0.79448379596794240696309729897043 0.058684093478535547145283637300171
0.79448379596794240696309729897043 0.058684093478535547145283637300171
-0.84936761373256997013369300496774 0.050998059262376176196163244689522
0.84936761373256997013369300496774 0.050998059262376176196163244689522
-0.89632115576605212396530724371921 0.042835898022226680656878646606126
0.89632115576605212396530724371921 0.042835898022226680656878646606126
-0.93490607593773968917091913483541 0.034273862913021433102687732252373
0.93490607593773968917091913483541 0.034273862913021433102687732252373
-0.96476225558750643077381192811827 0.025392065309262059455752589789224
0.96476225558750643077381192811827 0.025392065309262059455752589789224
-0.98561151154526833540017504463090 0.016274394730905670605170562206387
0.98561151154526833540017504463090 0.016274394730905670605170562206387
-0.99726386184948156354498112866504 0.0070186100094700966004070637388532
0.99726386184948156354498112866504 0.0070186100094700966004070637388532
