68
2
-0.022928712825422349713996243254144 0.045849387387250974686563989025587
0.022928712825422349713996243254144 0.045849387387250974686563989025587
-0.068737919038377152211390052932908 0.045752965416067950519006145347605
0.068737919038377152211390052932908 0.045752965416067950519006145347605
-0.11440256834391068443057772016684 0.045560324250648285980707712551445
0.11440256834391068443057772016684 0.045560324250648285980707712551445
-0.15982662727797896099522046289163 0.045271869018443777869411698996001
0.15982662727797896099522046289163 0.045271869018443777869411698996001
-0.20491456834193929584252978119631 0.044888206345426667826352131187278
0.20491456834193929584252978119631 0.044888206345426667826352131187278
-0.24957157089841673451157476109397 0.044410143080352755909348699358364
0.24957157089841673451157476109397 0.044410143080352755909348699358364
-0.29370372058063873997842311880790 0.043838684597956052010604958282484
0.29370372058063873997842311880790 0.043838684597956052010604958282484
-0.33721820679588076272748523966806 0.043175032684644223225843530539824
0.33721820679588076272748523966806 0.043175032684644223225843530539824
-0.38002351790767447749796417575416 0.042420583011142499300614231108385
0.38002351790767447749796417575416 0.042420583011142499300614231108385
-0.42202963368631357914693879193548 0.041576922197402916484575482519380
0.42202963368631357914693879193548 0.041576922197402916484575482519380
-0.46314821462293903917277190003025 0.040645824475954076140881727112546
0.46314821462293903917277190003025 0.040645824475954076140881727112546
-0.50329278770908487263513528303047 0.039629247960712308025406454289524
0.50329278770908487263513528303047 0.039629247960712308025406454289524
-0.54237892829100338581449057455546 0.038529330529106714493253632974725
0.54237892829100338581449057455546 0.038529330529106714493253632974725
-0.58032443761635074017513523878044 0.037348385326186667716079122893611
0.58032443761635074017513523878044 0.037348385326186667716079122893611
-0.61704951569988342271694712941279 0.036088895900179870714975824959025
0.61704951569988342271694712941279 0.036088895900179870714975824959025
-0.65247692914467696420055468421033 0.034753510979751513166793117670636
0.65247692914467696420055468421033 0.034753510979751513166793117670636
-0.68653217356601294478435612240531 0.033345038903980687903143127885772
0.68653217356601294478435612240531 0.033345038903980687903143127885772
-0.71914363027647299262307344402148 0.031866441716821064939347643420660
0.71914363027647299262307344402148 0.031866441716821064939347643420660
-0.75024271690291651976757822981877 0.030320828938553980341579283645165
0.75024271690291651976757822981877 0.030320828938553980341579283645165
-0.77976403161889765874495129688700 0.028711451027484990710803920091268
0.77976403161889765874495129688700 0.028711451027484990710803920091268
-0.80764549068970866523362625872961 0.027041692545903961557978118289407
0.80764549068970866523362625872961 0.027041692545903961557978118289407
-0.83382845904167094582071102793865 0.025315065045176398323902710625993
0.83382845904167094582071102793865 0.025315065045176398323902710625993
-0.85825787358265984549496229172856 0.023535199685876333361292982107998
0.85825787358265984549496229172856 0.023535199685876333361292982107998
-0.88088235901745591769726413057748 0.021705839610378079801465680815462
0.88088235901745591769726413057748 0.021705839610378079801465680815462
-0.90165433592010783021570925453696 0.019830832087955498291028670582982
0.90165433592010783021570925453696 0.019830832087955498291028670582982
-0.92053012084791816646055236320273 0.017914120457923152489405464741815
0.92053012084791816646055236320273 0.017914120457923152489405464741815
-0.93747001831280088648562055244241 0.015959735909613800072133404320782
0.93747001831280088648562055244241 0.015959735909613800072133404320782
-0.95243840447960204932335882437031 0.013971789174457655815965025749567
0.95243840447960204932335882437031 0.013971789174457655815965025749567
-0.96540380258219980323195498655514 0.011954462319769442103223057306948
0.96540380258219980323195498655514 0.011954462319769442103223057306948
-0.97633895040035695694261155956705 0.0099120012515859372091303783981081
0.97633895040035695694261155956705 0.0099120012515859372091303783981081
-0.98522086144024463889449535293075 0.0078487113931771674150504608461790
0.98522086144024463889449535293075 0.0078487113931771674150504608461790
-0.99203088774244857464784530278739 0.0057689699187299520214684715448282
0.99203088774244857464784530278739 0.0057689699187299520214684715448282
-0.99675483667666429253617347213132 0.0036773665950117306335680820195447
0.99675483667666429253617347213132 0.0036773665950117306335680820195447
-0.99938382552970434716393405045967 0.0015811402563729129390950587911009
0.99938382552970434716393405045967 0.0015811402563729129390950587911009
