24
2
-0.064056892862605626085043082624745 0.12793819534675215697405616522470
0.064056892862605626085043082624745 0.12793819534675215697405616522470
-0.19111886747361630915863982075707 0.12583745634682829612137538251118
0.19111886747361630915863982075707 0.12583745634682829612137538251118
-0.31504267969616337438679329131981 0.12167047292780339120446315347626
0.31504267969616337438679329131981 0.12167047292780339120446315347626
-0.43379350762604513848708423191335 0.11550566805372560135334448390678
0.43379350762604513848708423191335 0.11550566805372560135334448390678
-0.54542147138883953565837561721837 0.10744427011596563478257734244661
0.54542147138883953565837561721837 0.10744427011596563478257734244661
-0.64809365193697556925249578691075 0.097618652104113888269880664464247
0.64809365193697556925249578691075 0.097618652104113888269880664464247
-0.74012419157855436424382810309998 0.086190161531953275917185202983743
0.74012419157855436424382810309998 0.086190161531953275917185202983743
-0.82000198597390292195394987266975 0.073346481411080305734033615253117
0.82000198597390292195394987266975 0.073346481411080305734033615253117
-0.88641552700440103421315434198220 0.059298584915436780746367758500109
0.88641552700440103421315434198220 0.059298584915436780746367758500109
-0.93827455200273275852364900170872 0.044277438817419806168602748211338
0.93827455200273275852364900170872 0.044277438817419806168602748211338
-0.97472855597130949819839199300817 0.028531388628933663181307815951878
0.97472855597130949819839199300817 0.028531388628933663181307815951878
-0.99518721999702136017999740970074 0.012341229799987199546805667070037
0.99518721999702136017999740970074 0.012341229799987199546805667070037
