20
2
-0.076526521133497333754640409398838 0.15275338713072585069808433195510
0.076526521133497333754640409398838 0.15275338713072585069808433195510
-0.22778585114164507808049619536857 0.14917298647260374678782873700197
0.22778585114164507808049619536857 0.14917298647260374678782873700197
-0.37370608871541956067254817702493 0.14209610931838205132929832506716
0.37370608871541956067254817702493 0.14209610931838205132929832506716
-0.51086700195082709800436405095525 0.13168863844917662689849449974816
0.51086700195082709800436405095525 0.13168863844917662689849449974816
-0.63605368072651502545283669622629 0.11819453196151841731237737771138
0.63605368072651502545283669622629 0.11819453196151841731237737771138
-0.74633190646015079261430507035564 0.10193011981724043503675013548035
0.74633190646015079261430507035564 0.10193011981724043503675013548035
-0.83911697182221882339452906170152 0.083276741576704748724758143222046
0.83911697182221882339452906170152 0.083276741576704748724758143222046
-0.91223442825132590586775244120330 0.062672048334109063569506535187042
0.91223442825132590586775244120330 0.062672048334109063569506535187042
-0.96397192727791379126766613119728 0.040601429800386941331039952274932
0.96397192727791379126766613119728 0.040601429800386941331039952274932
-0.99312859918509492478612238847132 0.017614007139152118311861962351853
0.99312859918509492478612238847132 0.017614007139152118311861962351853
