101
2
0 0.030951276239756546467379834640788
-0.030946334564898204311239073778628 0.030936451688597418336509630795446
0.030946334564898204311239073778628 0.030936451688597418336509630795446
-0.061863024761248405413764051506919 0.030891992235977295083184256558777
0.061863024761248405413764051506919 0.030891992235977295083184256558777
-0.092720454617682514568615426389346 0.030817940470864571133004855435877
0.092720454617682514568615426389346 0.030817940470864571133004855435877
-0.12348906492998983797772676560317 0.030714367329541638763448019460780
0.12348906492998983797772676560317 0.030714367329541638763448019460780
-0.15413938157671574818930874402472 0.030581372027653088395157921357129
0.15413938157671574818930874402472 0.030581372027653088395157921357129
-0.18464204375325726431974707163894 0.030419081965164340038997025334722
0.18464204375325726431974707163894 0.030419081965164340038997025334722
-0.21496783209740933614190295394058 0.030227652604321752364214102435385
0.21496783209740933614190295394058 0.030227652604321752364214102435385
-0.24508769667941961384473043058298 0.030007267320731119867465429532363
0.24508769667941961384473043058298 0.030007267320731119867465429532363
-0.27497278482973928223307873412552 0.029758137227697220919587340742741
0.27497278482973928223307873412552 0.029758137227697220919587340742741
-0.30459446877781302129615341542914 0.029480500973992695478801859329234
0.30459446877781302129615341542914 0.029480500973992695478801859329234
-0.33392437307543217592429118812967 0.029174624515249986577591896359874
0.33392437307543217592429118812967 0.029174624515249986577591896359874
-0.36293440177838160327921359223870 0.028840800859195350103507543879041
0.36293440177838160327921359223870 0.028840800859195350103507543879041
-0.39159676536034222000728319095806 0.028479349784968998924568866259875
0.39159676536034222000728319095806 0.028479349784968998924568866259875
-0.41988400733326777237241468496532 0.028090617536800276361985196967494
0.41988400733326777237241468496532 0.028090617536800276361985196967494
-0.44776903054873555618677929156360 0.027674976492331327027974035335299
0.44776903054873555618677929156360 0.027674976492331327027974035335299
-0.47522512315507645268314859283709 0.027232824805907027172888915979964
0.47522512315507645268314859283709 0.027232824805907027172888915979964
-0.50222598418541943104120463199542 0.026764586027172929470119577186277
0.50222598418541943104120463199542 0.026764586027172929470119577186277
-0.52874574875213928583503371776742 0.026270708695346646776957839477635
0.52874574875213928583503371776742 0.026270708695346646776957839477635
-0.55475901282357349444112857477766 0.025751665909551424805387876630207
0.55475901282357349444112857477766 0.025751665909551424805387876630207
-0.58024085755927434112204441997989 0.025207954875623614818604635086717
0.58024085755927434112204441997989 0.025207954875623614818604635086717
-0.60516687318048548743157734822861 0.024640096429828335839565866975513
0.60516687318048548743157734822861 0.024640096429828335839565866975513
-0.62951318235297758144560572673758 0.024048634539939794768675502530837
0.62951318235297758144560572673758 0.024048634539939794768675502530837
-0.65325646305984488444085796107864 0.023434135784164498398848886980106
0.65325646305984488444085796107864 0.023434135784164498398848886980106
-0.67637397094235383440916635790102 0.022797188808406933829650910198036
0.67637397094235383440916635790102 0.022797188808406933829650910198036
-0.69884356108744453571526046655441 0.022138403762398209654070353412363
0.69884356108744453571526046655441 0.022138403762398209654070353412363
-0.72064370924101693866275959408119 0.021458411715228645545182641372468
0.72064370924101693866275959408119 0.021458411715228645545182641372468
-0.74175353242668454013086743739747 0.020757864050845393718625755909419
0.74175353242668454013086743739747 0.020757864050845393718625755909419
-0.76215280895024941770151739578407 0.020037431844095918019306960775152
0.76215280895024941770151739578407 0.020037431844095918019306960775152
-0.78182199777074299021027598052251 0.019297805217917631695904723915319
0.78182199777074299021027598052251 0.019297805217917631695904723915319
-0.80074225721948688091932797855359 0.018539692682293359036409565493978
0.80074225721948688091932797855359 0.018539692682293359036409565493978
-0.81889546304925765915062372833722 0.017763820455611814625269202560426
0.81889546304925765915062372833722 0.017763820455611814625269202560426
-0.83626422579628843776952026813972 0.016970931769092475947367280620408
0.83626422579628843776952026813972 0.016970931769092475947367280620408
-0.85283190743851035656820254690524 0.016161786154955938416410594193078
0.85283190743851035656820254690524 0.016161786154955938416410594193078
-0.86858263733413013888456948658043 0.015337158719045695126149821364883
0.86858263733413013888456948658043 0.015337158719045695126149821364883
-0.88350132742536066077552625092441 0.014497839398638299441110258990611
0.88350132742536066077552625092441 0.014497839398638299441110258990611
-0.89757368669287858131471671107160 0.013644632206221902258218880666264
0.89757368669287858131471671107160 0.013644632206221902258218880666264
-0.91078623484739374718109969024411 0.012778354460089953350614509472491
0.91078623484739374718109969024411 0.012778354460089953350614509472491
-0.92312631524561379901099946955201 0.011899836002711939318099734793243
0.92312631524561379901099946955201 0.011899836002711939318099734793243
-0.93458210701894569046633706075694 0.011009918408059970117385283646299
0.93458210701894569046633706075694 0.011009918408059970117385283646299
-0.94514263640464845388006471593318 0.010109454179512086575918751160583
0.94514263640464845388006471593318 0.010109454179512086575918751160583
-0.95479778727119134407371609297406 0.0091993059409214338110062270213768
0.95479778727119134407371609297406 0.0091993059409214338110062270213768
-0.96353831083313443558992331995637 0.0082803456257233619747267412998198
0.96353831083313443558992331995637 0.0082803456257233619747267412998198
-0.97135583455817122018270841562080 0.0073534536747912780368695013323297
0.97135583455817122018270841562080 0.0073534536747912780368695013323297
-0.97824287028644346533612532111505 0.0064195182701775452950355731934240
0.97824287028644346533612532111505 0.0064195182701775452950355731934240
-0.98419282163022063506446539882924 0.0054794346837820815669589201263512
0.98419282163022063506446539882924 0.0054794346837820815669589201263512
-0.98919999087503360376766092296349 0.0045341050100930234129347309039256
0.98919999087503360376766092296349 0.0045341050100930234129347309039256
-0.99325958618786743858074184424259 0.0035844393988022487608826112243356
0.99325958618786743858074184424259 0.0035844393988022487608826112243356
-0.99636773279094413890516730183774 0.0026313648731823432234770905911015
0.99636773279094413890516730183774 0.0026313648731823432234770905911015
-0.99852151198975750825389524126084 0.0016758927604990288799108316775390
0.99852151198975750825389524126084 0.0016758927604990288799108316775390
-0.99971933952977027576839860505636 0.00072023170640186370176554613308764
0.99971933952977027576839860505636 0.00072023170640186370176554613308764
