15
2
0 0.20257824192556127288062019996752
-0.20119409399743452230062830339460 0.19843148532711157645611832644384
0.20119409399743452230062830339460 0.19843148532711157645611832644384
-0.39415134707756336989720737098105 0.18616100001556221102680056186642
0.39415134707756336989720737098105 0.18616100001556221102680056186642
-0.57097217260853884753722673725391 0.16626920581699393355320086048121
0.57097217260853884753722673725391 0.16626920581699393355320086048121
-0.72441773136017004741618605461394 0.13957067792615431444780479451103
0.72441773136017004741618605461394 0.13957067792615431444780479451103
-0.84820658341042721620064832077422 0.10715922046717193501186954668587
0.84820658341042721620064832077422 0.10715922046717193501186954668587
-0.93727339240070590430775894771021 0.070366047488108124709267416450667
0.93727339240070590430775894771021 0.070366047488108124709267416450667
-0.98799251802048542848956571858661 0.030753241996117268354628393577204
0.98799251802048542848956571858661 0.030753241996117268354628393577204
