62
2
-0.025129291421820614727088275999147 0.050248000375256281688402948995136
0.025129291421820614727088275999147 0.050248000375256281688402948995136
-0.075324395496234332763826939117871 0.050121069569043288074804100101531
0.075324395496234332763826939117871 0.050121069569043288074804100101531
-0.12532922361589680861964899949973 0.049867528594952394244761310634843
0.12532922361589680861964899949973 0.049867528594952394244761310634843
-0.17501745924901562855568742390424 0.049488017919699292527865810904774
0.17501745924901562855568742390424 0.049488017919699292527865810904774
-0.22426358560416553166899139334488 0.048983496220517837104851127026217
0.22426358560416553166899139334488 0.048983496220517837104851127026217
-0.27294320269672634318868362797348 0.048355237963477672834803181478459
0.27294320269672634318868362797348 0.048355237963477672834803181478459
-0.32093334159419400407410160100346 0.047604830184101232270450088267866
0.32093334159419400407410160100346 0.047604830184101232270450088267866
-0.36811277504656452966302183095251 0.046734168478415524802207055079485
0.36811277504656452966302183095251 0.046734168478415524802207055079485
-0.41436232371712604812958875065761 0.045745452214570180777232272297696
0.41436232371712604812958875065761 0.045745452214570180777232272297696
-0.45956515724011339520714397807575 0.044641178977124414293644691809138
0.45956515724011339520714397807575 0.044641178977124414293644691809138
-0.50360708934475595591702080593162 0.043424138258047419580069230433944
0.50360708934475595591702080593162 0.043424138258047419580069230433944
-0.54637686630025109581610038452363 0.042097404410385096643022626903839
0.54637686630025109581610038452363 0.042097404410385096643022626903839
-0.58776644795308733800214955012199 0.040664328882417440968285017516663
0.58776644795308733800214955012199 0.040664328882417440968285017516663
-0.62767128064688518072695476491616 0.039128531751963084123310801822609
0.62767128064688518072695476491616 0.039128531751963084123310801822609
-0.66599056133547944699754603408239 0.037493892582280029985618563518793
0.66599056133547944699754603408239 0.037493892582280029985618563518793
-0.70262749222229705512097276505999 0.035764540622768141285587378361722
0.70262749222229705512097276505999 0.035764540622768141285587378361722
-0.73748952528315674986078427650144 0.033944844379410545091117477254236
0.73748952528315674986078427650144 0.033944844379410545091117477254236
-0.77048859605541931899094469499505 0.032039400581624678106339237278156
0.77048859605541931899094469499505 0.032039400581624678106339237278156
-0.80154134610397637153850551449539 0.030053022573989870077009469227062
0.80154134610397637153850551449539 0.030053022573989870077009469227062
-0.83056933360400485134593110947721 0.027990728163314637541238292754041
0.83056933360400485134593110947721 0.027990728163314637541238292754041
-0.85749923151207092281840332054468 0.025857726954024698027095566553511
0.85749923151207092281840332054468 0.025857726954024698027095566553511
-0.88226301283189736307268662435583 0.023659407208682792574516800650535
0.88226301283189736307268662435583 0.023659407208682792574516800650535
-0.90479812252109346575848560242838 0.021401322277669968841179089964905
0.90479812252109346575848560242838 0.021401322277669968841179089964905
-0.92504763563620375522730013075705 0.019089176658573198732503712482284
0.92504763563620375522730013075705 0.019089176658573198732503712482284
-0.94296040139232850382636481162335 0.016728811790177316288550471784092
0.94296040139232850382636481162335 0.016728811790177316288550471784092
-0.95849117297392709202956047516597 0.014326191823806517767402882309415
0.95849117297392709202956047516597 0.014326191823806517767402882309415
-0.97160072337165180644717948254031 0.011887390117010501944818938966798
0.97160072337165180644717948254031 0.011887390117010501944818938966798
-0.98225594909723664949110312800979 0.0094185794284203876379375634065664
0.98225594909723664949110312800979 0.0094185794284203876379375634065664
-0.99042997118929035242807106186068 0.0069260419018309608717028240992571
0.99042997118929035242807106186068 0.0069260419018309608717028240992571
-0.99610229631626713288514843047617 0.0044163334569309048132741242554906
0.99610229631626713288514843047617 0.0044163334569309048132741242554906
-0.99925985930877702969840846503580 0.0018992056795136904803973438609351
0.99925985930877702969840846503580 0.0018992056795136904803973438609351
