43
2
0 0.072215751693798987977462331713737
-0.072152990874586235422327250955561 0.072027501971421974345307551670857
0.072152990874586235422327250955561 0.072027501971421974345307551670857
-0.14392980951071331077029993761074 0.071463734252514141297581117702910
0.14392980951071331077029993761074 0.071463734252514141297581117702910
-0.21495624486051820901487838147367 0.070527387765085028126286355477941
0.21495624486051820901487838147367 0.070527387765085028126286355477941
-0.28486199803291362710572289483834 0.069223344193656684282299479122635
0.28486199803291362710572289483834 0.069223344193656684282299479122635
-0.35328261286430380664547636414347 0.067558402229365169192407904756266
0.35328261286430380664547636414347 0.067558402229365169192407904756266
-0.41986137602926925248727939456057 0.065541242126322797491233764249208
0.41986137602926925248727939456057 0.065541242126322797491233764249208
-0.48425117678573472406963343474851 0.063182380449396112325629817773408
0.48425117678573472406963343474851 0.063182380449396112325629817773408
-0.54611631666008471914040504717966 0.060494115249991294519678741991363
0.54611631666008471914040504717966 0.060494115249991294519678741991363
-0.60513425963960093572508307112396 0.057490461956910519427608916844417
0.60513425963960093572508307112396 0.057490461956910519427608916844417
-0.66099731375149813316513476374135 0.054187080318881786863373178326265
0.66099731375149813316513476374135 0.054187080318881786863373178326265
-0.71341423526895705485192087799090 0.050601192784390156523850398953015
0.71341423526895705485192087799090 0.050601192784390156523850398953015
-0.76211174719495512146032846302905 0.046751494754346580010646766337103
0.76211174719495512146032846302905 0.046751494754346580010646766337103
-0.80683596413693863527907474087751 0.042658057197982083763807205338514
0.80683596413693863527907474087751 0.042658057197982083763807205338514
-0.84735371620931504899908608582179 0.038342222194132657572128424662849
0.84735371620931504899908608582179 0.038342222194132657572128424662849
-0.88345376521861686333767801164217 0.033826492086860292344968475753802
0.88345376521861686333767801164217 0.033826492086860292344968475753802
-0.91494790720613872945610287079929 0.029134413261498494915940424825781
0.91494790720613872945610287079929 0.029134413261498494915940424825781
-0.94167195684763786181847739039794 0.024290456613838815902018324254249
0.94167195684763786181847739039794 0.024290456613838815902018324254249
-0.96348661301407999341019496357424 0.019319901423683900396124610892071
0.96348661301407999341019496357424 0.019319901423683900396124610892071
-0.98027822098025533150552938218114 0.014248756431576486108541601722004
0.98027822098025533150552938218114 0.014248756431576486108541601722004
-0.99195955759324414642071834132962 0.0091039966374014033188686082958967
0.99195955759324414642071834132962 0.0091039966374014033188686082958967
-0.99847233224250771351763618731839 0.0039194902538441272829671651925764
0.99847233224250771351763618731839 0.0039194902538441272829671651925764
