67
2
0 0.046540836703563508249900289303510
-0.046524035976017219564639128463812 0.046490438160264628208314657053128
0.046524035976017219564639128463812 0.046490438160264628208314657053128
-0.092947311252079876631720655951177 0.046339351682415621108447048640865
0.092947311252079876631720655951177 0.046339351682415621108447048640865
-0.13916928335352371356389069440850 0.046087904489761576197217389288348
0.13916928335352371356389069440850 0.046087904489761576197217389288348
-0.18508984578364016881623144742326 0.045736641161063690936894178569389
0.18508984578364016881623144742326 0.045736641161063690936894178569389
-0.23060954483211573792522986741961 0.045286322454669531568050000876166
0.23060954483211573792522986741961 0.045286322454669531568050000876166
-0.27562979496968958771555527095173 0.044737923660889825472141767259450
0.27562979496968958771555527095173 0.044737923660889825472141767259450
-0.32005309236253633106687518782215 0.044092632489751018307831580882255
0.32005309236253633106687518782215 0.044092632489751018307831580882255
-0.36378322604395417082604446717461 0.043351846498699517359155763722429
0.36378322604395417082604446717461 0.043351846498699517359155763722429
-0.40672548628601391598529931623531 0.042517170065830491471547755409561
0.40672548628601391598529931623531 0.042517170065830491471547755409561
-0.44878686971989088399513276337112 0.041590410915199243098548264159430
0.44878686971989088399513276337112 0.041590410915199243098548264159430
-0.48987628076064662609559297194024 0.040573576201744525227251556938606
0.48987628076064662609559297194024 0.040573576201744525227251556938606
-0.52990472890023601616980077569772 0.039468868164308882642886829090050
0.52990472890023601616980077569772 0.039468868164308882642886829090050
-0.56878552144147102125757168716997 0.038278679356179480647637058336231
0.56878552144147102125757168716997 0.038278679356179480647637058336231
-0.60643445125555738620029783117374 0.037005587463492582023135027178555
0.60643445125555738620029783117374 0.037005587463492582023135027178555
-0.64276997915661535427813418692624 0.035652349722745006661332622787237
0.64276997915661535427813418692624 0.035652349722745006661332622787237
-0.67771341049828082878052515718441 0.034221896949536646739838764261657
0.67771341049828082878052515718441 0.034221896949536646739838764261657
-0.71118906561004032785483594426775 0.032717327191531205427122307952591
0.71118906561004032785483594426775 0.032717327191531205427122307952591
-0.74312444370436620669596147802747 0.031141899019472823937426008344697
0.74312444370436620669596147802747 0.031141899019472823937426008344697
-0.77345037989998032754154890976834 0.029499024470945669695847264375880
0.77345037989998032754154890976834 0.029499024470945669695847264375880
-0.80210119502169443441725356459281 0.027792261662436769987199830535130
0.80210119502169443441725356459281 0.027792261662436769987199830535130
-0.82901483785330119768907394831883 0.026025307086213238803705042286112
0.82901483785330119768907394831883 0.026025307086213238803705042286112
-0.85413301953705065079074340166001 0.024201987609673164720691823039188
0.85413301953705065079074340166001 0.024201987609673164720691823039188
-0.87740133983165872040029818137034 0.022326252196452076922797311151359
0.87740133983165872040029818137034 0.022326252196452076922797311151359
-0.89876940496132037581848900683824 0.020402163371343540449257282620728
0.89876940496132037581848900683824 0.020402163371343540449257282620728
-0.91819093681273858124724728900314 0.018433888456804573872165999030526
0.91819093681273858124724728900314 0.018433888456804573872165999030526
-0.93562387327075087686665290478887 0.016425690622530879204726810276431
0.93562387327075087686665290478887 0.016425690622530879204726810276431
-0.95103045954014537321234813898084 0.014381919827200550930977384423262
0.95103045954014537321234813898084 0.014381919827200550930977384423262
-0.96437733042771261169564714993072 0.012307003849288150521954147550954
0.96437733042771261169564714993072 0.012307003849288150521954147550954
-0.97563558392290805239425441177201 0.010205440034102440986661869004680
0.97563558392290805239425441177201 0.010205440034102440986661869004680
-0.98478084775595111344259279984447 0.0080817902990231362153462846924805
0.98478084775595111344259279984447 0.0080817902990231362153462846924805
-0.99179334708230960946169777445863 0.0059406931775822352165133624984801
0.99179334708230960946169777445863 0.0059406931775822352165133624984801
-0.99665802720611373536437074360397 0.0037870083018255084459639168904918
0.99665802720611373536437074360397 0.0037870083018255084459639168904918
-0.99936543555297679797041631746072 0.0016283250352400128664629462218998
0.99936543555297679797041631746072 0.0016283250352400128664629462218998
