85
2
0 0.036743145493252106600206632032538
-0.036734878201249663520468768641211 0.036718344733419616222152254567873
0.036734878201249663520468768641211 0.036718344733419616222152254567873
-0.073420166043291125619507727235155 0.036643975933785702486406926603239
0.073420166043291125619507727235155 0.036643975933785702486406926603239
-0.11000634011157723735268001691420 0.036520139488744884857476612785318
0.11000634011157723735268001691420 0.036520139488744884857476612785318
-0.14644401079051098921090152169722 0.036347002571695203766756774443583
0.14644401079051098921090152169722 0.036347002571695203766756774443583
-0.18268398893711267387628108953709 0.036124798909362460374751880665017
0.18268398893711267387628108953709 0.036124798909362460374751880665017
-0.21867735228405901571024329118824 0.035853828466280812556915198266433
0.21867735228405901571024329118824 0.035853828466280812556915198266433
-0.25437551148245352249773066037399 0.035534457039855699081991513500788
0.25437551148245352249773066037399 0.035534457039855699081991513500788
-0.28973027569517370353870962740636 0.035167115766555788249812850966949
0.28973027569517370353870962740636 0.035167115766555788249812850966949
-0.32469391765224755745401655533695 0.034752300539900637529247353814369
0.32469391765224755745401655533695 0.034752300539900637529247353814369
-0.35921923808043804875664480623291 0.034290571341029846708222257589993
0.35921923808043804875664480623291 0.034290571341029846708222257589993
-0.39325962942005919065021475296010 0.033782551482757530331311732553879
0.39325962942005919065021475296010 0.033782551482757530331311732553879
-0.42676913874300970172199441333213 0.033228926768132769762528574963869
0.42676913874300970172199441333213 0.033228926768132769762528574963869
-0.45970252978708872076146942128252 0.032630444564642178189037712256259
0.45970252978708872076146942128252 0.032630444564642178189037712256259
-0.49201534402285131047714212544710 0.031987912795304674459770000575496
0.49201534402285131047714212544710 0.031987912795304674459770000575496
-0.52366396067056787478804533617093 0.031302198848020870448396970304352
0.52366396067056787478804533617093 0.031302198848020870448396970304352
-0.55460565558626943315899075121034 0.030574228404649995723924111816139
0.55460565558626943315899075121034 0.030574228404649995723924111816139
-0.58479865893738808571029205642270 0.029804984191395887375612367455485
0.58479865893738808571029205642270 0.029804984191395887375612367455485
-0.61420221159013699307129693486045 0.028995504652190152089866272490018
0.61420221159013699307129693486045 0.028995504652190152089866272490018
-0.64277662013251471484339943160900 0.028146882546865075846383093400978
0.64277662013251471484339943160900 0.028146882546865075846383093400978
-0.67048331045866266070267207454531 0.027260263476011164785769951238035
0.67048331045866266070267207454531 0.027260263476011164785769951238035
-0.69728487984224954765096398989610 0.026336844334514359821731537812249
0.69728487984224954765096398989610 0.026336844334514359821731537812249
-0.72314514742860102138458339321456 0.025377871695866088477369675217938
0.72314514742860102138458339321456 0.025377871695866088477369675217938
-0.74802920307743407395626990281181 0.024384640129435683142415821321853
0.74802920307743407395626990281181 0.024384640129435683142415821321853
-0.77190345449029307866031106111139 0.023358490452989891897698433152121
0.77190345449029307866031106111139 0.023358490452989891897698433152121
-0.79473567255911650544714932151421 0.022300807922839374189457540153702
0.79473567255911650544714932151421 0.022300807922839374189457540153702
-0.81649503487479161472057324799920 0.021213020364089379672416709409974
0.81649503487479161472057324799920 0.021213020364089379672416709409974
-0.83715216733708265019854184870933 0.020096596243575421741794541385598
0.83715216733708265019854184870933 0.020096596243575421741794541385598
-0.85667918380995618909581132254446 0.018953042688182840446805195993488
0.85667918380995618909581132254446 0.018953042688182840446805195993488
-0.87504972376909708763865294936022 0.017783903451398170907743693479141
0.87504972376909708763865294936022 0.017783903451398170907743693479141
-0.89223898789135590158171374264672 0.016590756831154670075205049620417
0.89223898789135590158171374264672 0.016590756831154670075205049620417
-0.90822377153909188489682508104259 0.015375213542389626874408390531822
0.90822377153909188489682508104259 0.015375213542389626874408390531822
-0.92298249609609004558876945588574 0.014138914548400832930555420479336
0.92298249609609004558876945588574 0.014138914548400832930555420479336
-0.93649523811643069968669760165046 0.012883528856498084290506282311473
0.93649523811643069968669760165046 0.012883528856498084290506282311473
-0.94874375625457895340464857676195 0.011610751286703898009624311902373
0.94874375625457895340464857676195 0.011610751286703898009624311902373
-0.95971151595718836239634685285642 0.010322300230524245893816209722854
0.95971151595718836239634685285642 0.010322300230524245893816209722854
-0.96938371192367832800513620361425 0.0090199154399936312789671936533570
0.96938371192367832800513620361425 0.0090199154399936312789671936533570
-0.97774728841224339193333387293910 0.0077053559603827570798971704036137
0.97774728841224339193333387293910 0.0077053559603827570798971704036137
-0.98479095768558049732716409487441 0.0063803985878975150986859252334543
0.98479095768558049732716409487441 0.0063803985878975150986859252334543
-0.99050521771641596378712432992133 0.0050468384269244427254517718527759
0.99050521771641596378712432992133 0.0050468384269244427254517718527759
-0.99488237429561627845336714408399 0.0037065001257593167068709987434739
0.99488237429561627845336714408399 0.0037065001257593167068709987434739
-0.99791660119811693315030883596906 0.0023613317042850208967673787978627
0.99791660119811693315030883596906 0.0023613317042850208967673787978627
-0.99960447735747845432630359499016 0.0010149719089677436953730225467820
0.99960447735747845432630359499016 0.0010149719089677436953730225467820
