103
2
0 0.030353198039252248981677801828896
-0.030348537327517772404754284018340 0.030339216333458923382630940665028
0.030348537327517772404754284018340 0.030339216333458923382630940665028
-0.060669115537210833339069388123882 0.030297284096969164604795009302368
0.060669115537210833339069388123882 0.030297284096969164604795009302368
-0.090933801269079208148125597472560 0.030227439960586893503684966094936
0.090933801269079208148125597472560 0.030227439960586893503684966094936
-0.12111471265504257378194319632188 0.030129748269440466963852423710460
0.12111471265504257378194319632188 0.030129748269440466963852423710460
-0.15118404500559739178041289556713 0.030004299023703665833040276394381
0.15118404500559739178041289556713 0.030004299023703665833040276394381
-0.18111409642537200406912612598461 0.029851207795681551338449717625960
0.18111409642537200406912612598461 0.029851207795681551338449717625960
-0.21087729333398094253012105698887 0.029670615623337578903367257601482
0.21087729333398094253012105698887 0.029670615623337578903367257601482
-0.24044621586866695138819929705178 0.029462688880360063229870634470206
0.24044621586866695138819929705178 0.029462688880360063229870634470206
-0.26979362314532813105137833400361 0.029227619122887703293099395828024
0.26979362314532813105137833400361 0.029227619122887703293099395828024
-0.29889247835465808306661153530401 0.028965622913035380664928291392119
0.29889247835465808306661153530401 0.028965622913035380664928291392119
-0.32771597367027884842176833380224 0.028676941619382819632432013214583
0.32771597367027884842176833380224 0.028676941619382819632432013214583
-0.35623755494591964601930488706507 0.028361841194609923330559965275577
0.35623755494591964601930488706507 0.028361841194609923330559965275577
-0.38443094617888877576102227872991 0.028020611930483657178198972025050
0.38443094617888877576102227872991 0.028020611930483657178198972025050
-0.41227017371730137302376475047015 0.027653568190422220113106172595815
0.41227017371730137302376475047015 0.027653568190422220113106172595815
-0.43972959018876179102270214256131 0.027261048119882906536313029858670
0.43972959018876179102270214256131 0.027261048119882906536313029858670
-0.46678389812845602851979522532541 0.026843413334840498873387511991172
0.46678389812845602851979522532541 0.026843413334840498873387511991172
-0.49340817328488657795657999881764 0.026401048588643223974650681572472
0.49340817328488657795657999881764 0.026401048588643223974650681572472
-0.51957788758177909074050379032096 0.025934361417553238391987384730206
0.51957788758177909074050379032096 0.025934361417553238391987384730206
-0.54526893171500707191278324154551 0.025443781765298260629873243945514
0.54526893171500707191278324154551 0.025443781765298260629873243945514
-0.57045763736371713868167130532477 0.024929761586980326237837980348967
0.57045763736371713868167130532477 0.024929761586980326237837980348967
-0.59512079899519290314575633001660 0.024392774432706688510460574482095
0.59512079899519290314575633001660 0.024392774432706688510460574482095
-0.61923569524336995081963475480946 0.023833315011326609308278502068716
0.61923569524336995081963475480946 0.023833315011326609308278502068716
-0.64278010984130735174760679642837 0.023251898734676168648797396769324
0.64278010984130735174760679642837 0.023251898734676168648797396769324
-0.66573235208833231725818103432890 0.022649061242751258405398658615497
0.66573235208833231725818103432890 0.022649061242751258405398658615497
-0.68807127683300365195690495830449 0.022025357910246608741011484659956
0.68807127683300365195690495830449 0.022025357910246608741011484659956
-0.70977630395348619334499219097014 0.021381363334916025732329039910822
0.70977630395348619334499219097014 0.021381363334916025732329039910822
-0.73082743731739213062604346550823 0.020717670808226004099560225872776
0.73082743731739213062604346550823 0.020717670808226004099560225872776
-0.75120528320362561574965550493437 0.020034891768791543672101111526547
0.75120528320362561574965550493437 0.020034891768791543672101111526547
-0.77089106816926412392091990280204 0.019333655239099389414844653900927
0.77089106816926412392091990280204 0.019333655239099389414844653900927
-0.78986665634502335317981166158455 0.018614607246040118884443987825055
0.78986665634502335317981166158455 0.018614607246040118884443987825055
-0.80811456614338195532962193626553 0.017878410225786670654313897061292
0.80811456614338195532962193626553 0.017878410225786670654313897061292
-0.82561798636398815060062536579942 0.017125742413573310569884485286483
0.82561798636398815060062536579942 0.017125742413573310569884485286483
-0.84236079168153274363737890105756 0.016357297218946142665322796426280
0.84236079168153274363737890105756 0.016357297218946142665322796426280
-0.85832755750185331737381483181394 0.015573782587074935307113853665792
0.85832755750185331737381483181394 0.015573782587074935307113853665792
-0.87350357417263468368379674458548 0.014775920346737800160939086727269
0.87350357417263468368379674458548 0.014775920346737800160939086727269
-0.88787486053569541845143986331425 0.013964445545618041456306730401616
0.88787486053569541845143986331425 0.013964445545618041456306730401616
-0.90142817680850801841697332504440 0.013140105773591919348660702355057
0.90142817680850801841697332504440 0.013140105773591919348660702355057
-0.91415103678330751733900874403288 0.012303660474748442648714533343347
0.91415103678330751733900874403288 0.012303660474748442648714533343347
-0.92603171933293355571353953050071 0.011455880248991208098588677637562
0.92603171933293355571353953050071 0.011455880248991208098588677637562
-0.93705927921349278764328777395308 0.010597546144279258178249421954346
0.93705927921349278764328777395308 0.010597546144279258178249421954346
-0.94722355715517107297337908305188 0.0097294489409874857568058982749331
0.94722355715517107297337908305188 0.0097294489409874857568058982749331
-0.95651518923440757107786589979311 0.0088523884307968403804266129887050
0.95651518923440757107786589979311 0.0088523884307968403804266129887050
-0.96492561552398893310955082395470 0.0079671726947187438058230869852011
0.96492561552398893310955082395470 0.0079671726947187438058230869852011
-0.97244708802458216757531125346012 0.0070746173904721224278363430131078
0.97244708802458216757531125346012 0.0070746173904721224278363430131078
-0.97907267789794371766144907102852 0.0061755450752270700353998658470111
0.97907267789794371766144907102852 0.0061755450752270700353998658470111
-0.98479628206810362531867545201163 0.0052707846396477091700673477330662
0.98479628206810362531867545201163 0.0052707846396477091700673477330662
-0.98961262940387988043855674028081 0.0043611711119913970651813537095330
0.98961262940387988043855674028081 0.0043611711119913970651813537095330
-0.99351728725813459722800528944281 0.0034475469052730769534790580984434
0.99351728725813459722800528944281 0.0034475469052730769534790580984434
-0.99650667188282704954985709316807 0.0025307703603569515186385067346083
0.99650667188282704954985709316807 0.0025307703603569515186385067346083
-0.99857808569465740558907832091658 0.0016117806581439126830128853198316
0.99857808569465740558907832091658 0.0016117806581439126830128853198316
-0.99973008094457248596419547500633 0.00069266829707195459110445124736243
0.99973008094457248596419547500633 0.00069266829707195459110445124736243
