33
2
0 0.093768446160209996567304541546349
-0.093631065854733385670742924122538 0.093356426065596116160999126274275
0.093631065854733385670742924122538 0.093356426065596116160999126274275
-0.18643929882799157233579875921882 0.092123986643316846213240977717363
0.18643929882799157233579875921882 0.092123986643316846213240977717363
-0.27760909715249702940324806729832 0.090081958660638577239743705500224
0.27760909715249702940324806729832 0.090081958660638577239743705500224
-0.36633925774807334107022062325387 0.087248287618844337607281670945446
0.36633925774807334107022062325387 0.087248287618844337607281670945446
-0.45185001727245069572599327724077 0.083647876067038707613928014517661
0.45185001727245069572599327724077 0.083647876067038707613928014517661
-0.53338990478634764354889426499549 0.079312364794886738363908384941998
0.53338990478634764354889426499549 0.079312364794886738363908384941998
-0.61024234583637902730728751353810 0.074279854843954149342472175918472
0.61024234583637902730728751353810 0.074279854843954149342472175918472
-0.68173195996974278626821594691933 0.068594572818656712805955073014959
0.68173195996974278626821594691933 0.068594572818656712805955073014959
-0.74723049644956215785905512489795 0.062306482530317480031627725770898
0.74723049644956215785905512489795 0.062306482530317480031627725770898
-0.80616235627416658979620087078278 0.055470846631663561284944495439259
0.80616235627416658979620087078278 0.055470846631663561284944495439259
-0.85800965267650406464306148014607 0.048147742818711695670146880138120
0.85800965267650406464306148014607 0.048147742818711695670146880138120
-0.90231676774343358304053133151876 0.040401541331669591563409790527398
0.90231676774343358304053133151876 0.040401541331669591563409790527398
-0.93869437261116835035583512436355 0.032300358632328953281561447249431
0.93869437261116835035583512436355 0.032300358632328953281561447249431
-0.96682290968999276892837770667859 0.023915548101749480350533257529186
0.96682290968999276892837770667859 0.023915548101749480350533257529186
-0.98645572623064248811037569826463 0.015321701512934676127945768533662
0.98645572623064248811037569826463 0.015321701512934676127945768533662
-0.99742469424645521726616801758040 0.0066062278475873780586492352084739
0.99742469424645521726616801758040 0.0066062278475873780586492352084739
