114
2
-0.013718184105095466798315946292587 0.027434646977457362720092793093325
0.013718184105095466798315946292587 0.027434646977457362720092793093325
-0.041144225696324108949534944033883 0.027413995035222864774782736504525
0.041144225696324108949534944033883 0.027413995035222864774782736504525
-0.068539295204221154986981238357206 0.027372706696889071048043999378786
0.068539295204221154986981238357206 0.027372706696889071048043999378786
-0.095882770479231449777052479989423 0.027310813043023749834801746896807
0.095882770479231449777052479989423 0.027310813043023749834801746896807
-0.12315406821032220869869217522184 0.027228360665230773070136009308786
0.12315406821032220869869217522184 0.027228360665230773070136009308786
-0.15033265941945483496303586953788 0.027125411631077439906302901213730
0.15033265941945483496303586953788 0.027125411631077439906302901213730
-0.17739808491515658871092465007421 0.027002043437371988593013094355810
0.17739808491515658871092465007421 0.027002043437371988593013094355810
-0.20432997069355915241880071716377 0.026858348951826468756626106811714
0.20432997069355915241880071716377 0.026858348951826468756626106811714
-0.23110804327531068342675306324337 0.026694436343148889594288658718937
0.23110804327531068342675306324337 0.026694436343148889594288658718937
-0.25771214496681621814805274269329 0.026510428999617269910646018934723
0.25771214496681621814805274269329 0.026510428999617269910646018934723
-0.28412224903431825744556766999830 0.026306465436196886786573715055268
0.28412224903431825744556766999830 0.026306465436196886786573715055268
-0.31031847477939497596051591091045 0.026082699190270644474204728864369
0.31031847477939497596051591091045 0.026082699190270644474204728864369
-0.33628110250452771055894618599429 0.025839298706061057393259522650179
0.33628110250452771055894618599429 0.025839298706061057393259522650179
-0.36199058835747213878269735089275 0.025576447207830854440055561944021
0.36199058835747213878269735089275 0.025576447207830854440055561944021
-0.38742757904325879512213851004305 0.025294342561957659846496245013763
0.38742757904325879512213851004305 0.025294342561957659846496245013763
-0.41257292639274822259986780632382 0.024993197127986582238129460714904
0.41257292639274822259986780632382 0.024993197127986582238129460714904
-0.43740770177677404483127101840609 0.024673237598772842106170955666150
0.43740770177677404483127101840609 0.024673237598772842106170955666150
-0.46191321035502348848156528625666 0.024334704829834782479372756186896
0.46191321035502348848156528625666 0.024334704829834782479372756186896
-0.48607100514892930084007842849850 0.023977853658045732105647651849390
0.48607100514892930084007842849850 0.023977853658045732105647651849390
-0.50986290092797949905466937658302 0.023602952709801218992286245208573
0.50986290092797949905466937658302 0.023602952709801218992286245208573
-0.53327098789899185751395528168098 0.023210284198805958905766202415648
0.53327098789899185751395528168098 0.023210284198805958905766202415648
-0.55627764518804838331270365784530 0.022800143713632862762548678357977
0.55627764518804838331270365784530 0.022800143713632862762548678357977
-0.57886555410494113653169172887445 0.022372839995214013323972640962101
0.57886555410494113653169172887445 0.022372839995214013323972640962101
-0.60101771118014450675335735742391 0.021928694704431150080820991125237
0.60101771118014450675335735742391 0.021928694704431150080820991125237
-0.62271744096450033937053410448632 0.021468042179980666865621558685849
0.62271744096450033937053410448632 0.021468042179980666865621558685849
-0.64394840858198098979227428938283 0.020991229186695465224298046113431
0.64394840858198098979227428938283 0.020991229186695465224298046113431
-0.66469463202608134154210465805909 0.020498614654513214227092101358946
0.66469463202608134154210465805909 0.020498614654513214227092101358946
-0.68494049419058392316250934302433 0.019990569408287641440689068014422
0.68494049419058392316250934302433 0.019990569408287641440689068014422
-0.70467075462564136433485015655612 0.019467475888646418800387759727658
0.70467075462564136433485015655612 0.019467475888646418800387759727658
-0.72387056101032740875541802123527 0.018929727864106011683705474906320
0.72387056101032740875541802123527 0.018929727864106011683705474906320
-0.74252546033302141710465385580441 0.018377730134660533175347157551870
0.74252546033302141710465385580441 0.018377730134660533175347157551870
-0.76062140977121162066730779883812 0.017811898227068196550303212251385
0.76062140977121162066730779883812 0.017811898227068196550303212251385
-0.77814478726252920915710687992214 0.017232658082065402905939767184291
0.77814478726252920915710687992214 0.017232658082065402905939767184291
-0.79508240175905856031806156338271 0.016640445733744864852130863335994
0.79508240175905856031806156338271 0.016640445733744864852130863335994
-0.81142150315720848512109091383510 0.016035706981340497511323913071052
0.81142150315720848512109091383510 0.016035706981340497511323913071052
-0.82714979189567527286601505833480 0.015418897053668182861402239434506
0.82714979189567527286601505833480 0.015418897053668182861402239434506
-0.84225542821428067992275379885300 0.014790480266478064791436915273118
0.84225542821428067992275379885300 0.014790480266478064791436915273118
-0.85672704106672709359225788899702 0.014150929672980986204194695331815
0.85672704106672709359225788899702 0.014150929672980986204194695331815
-0.87055373668057849956798048538443 0.013500726707819429406710784592075
0.87055373668057849956798048538443 0.013500726707819429406710784592075
-0.88372510675805069915153621355758 0.012840360824762565655013841073228
0.88372510675805069915153621355758 0.012840360824762565655013841073228
-0.89623123631147952717764431987095 0.012170329128417031526146129339066
0.89623123631147952717764431987095 0.012170329128417031526146129339066
-0.90806271112763544583290211926331 0.011491136000262212246528843352735
0.90806271112763544583290211926331 0.011491136000262212246528843352735
-0.91921062485537403089232799926648 0.010803292719345734201868847983505
0.91921062485537403089232799926648 0.010803292719345734201868847983505
-0.92966658571146835940114747474380 0.010107317078020788183624348183004
0.92966658571146835940114747474380 0.010107317078020788183624348183004
-0.93942272279988858446481694167342 0.0094037329931910980042773443705805
0.93942272279988858446481694167342 0.0094037329931910980042773443705805
-0.94847169204033257820273027721465 0.0086930701136939191957928212206405
0.94847169204033257820273027721465 0.0086930701136939191957928212206405
-0.95680668170259139860698837362160 0.0079758634247932686169672927412609
0.95680668170259139860698837362160 0.0079758634247932686169672927412609
-0.96442141754463209839996668872773 0.0072526528515112544472648363002963
0.96442141754463209839996668872773 0.0072526528515112544472648363002963
-0.97131016755477102742806556318736 0.0065239828643144608221276822062939
0.97131016755477102742806556318736 0.0065239828643144608221276822062939
-0.97746774630375101482995890076511 0.0057904020952560073378962227798392
0.97746774630375101482995890076511 0.0057904020952560073378962227798392
-0.98288951892594633490762061173126 0.0050524629855770838488335155630965
0.98288951892594633490762061173126 0.0050524629855770838488335155630965
-0.98757140478630205727085763746808 0.0043107215265565679562702380992728
0.98757140478630205727085763746808 0.0043107215265565679562702380992728
-0.99150988100951573181253360353773 0.0035657373047779470464580282044338
0.99150988100951573181253360353773 0.0035657373047779470464580282044338
-0.99470198650695884887473348331592 0.0028180747282934867192850166158646
0.99470198650695884887473348331592 0.0028180747282934867192850166158646
-0.99714532937836596461862408878158 0.0020683102157137304395714907795561
0.99714532937836596461862408878158 0.0020683102157137304395714907795561
-0.99883811646207246314613528083140 0.0013170854449839145379563895171954
0.99883811646207246314613528083140 0.0013170854449839145379563895171954
-0.99977944979620107127250682918194 0.00056598223876522856949413360577811
0.99977944979620107127250682918194 0.00056598223876522856949413360577811
