104
2
-0.015030805704205808070244665861251 0.030059347260914619700824202589646
0.015030805704205808070244665861251 0.030059347260914619700824202589646
-0.045078833455377862647442125900815 0.030032181992593600121165413469920
0.045078833455377862647442125900815 0.030032181992593600121165413469920
-0.075086122510670317989068159410508 0.029977876005780577121351015073385
0.075086122510670317989068159410508 0.029977876005780577121351015073385
-0.10502555464786646703424078229505 0.029896478377947402691261455743629
0.10502555464786646703424078229505 0.029896478377947402691261455743629
-0.13487007296848542737480089475825 0.029788062669856454762776338768394
0.13487007296848542737480089475825 0.029788062669856454762776338768394
-0.16459270634967512818778833840279 0.029652726859082281213110856870540
0.16459270634967512818778833840279 0.029652726859082281213110856870540
-0.19416659381858811954330857968363 0.029490593251467277732841020029413
0.19416659381858811954330857968363 0.029490593251467277732841020029413
-0.22356500882721258997594606818491 0.029301808370591421861334805267223
0.22356500882721258997594606818491 0.029301808370591421861334805267223
-0.25276138340572094235212511361501 0.029086542825355955652751704196255
0.25276138340572094235212511361501 0.029086542825355955652751704196255
-0.28172933217250806882331360856249 0.028844991155800689525667711340274
0.28172933217250806882331360856249 0.028844991155800689525667711340274
-0.31044267617922098404378740458551 0.028577371657294272063821364027137
0.31044267617922098404378740458551 0.028577371657294272063821364027137
-0.33887546656923060512224307343247 0.028283926183256317187848906144326
0.33887546656923060512224307343247 0.028283926183256317187848906144326
-0.36700200802816507262169726502576 0.027964919926589683663822725354520
0.36700200802816507262169726502576 0.027964919926589683663822725354520
-0.39479688200531193751248252733868 0.027620641180020444978684888453316
0.39479688200531193751248252733868 0.027620641180020444978684888453316
-0.42223496968490362523143811607240 0.027251401075562153020257095109106
0.42223496968490362523143811607240 0.027251401075562153020257095109106
-0.44929147468652664375959885064789 0.026857533303339869812900268002429
0.44929147468652664375959885064789 0.026857533303339869812900268002429
-0.47594194547413982495389267067650 0.026439393810028101125465111021096
0.47594194547413982495389267067650 0.026439393810028101125465111021096
-0.50216229745345025782118193900254 0.025997360477175197775993812501426
0.50216229745345025782118193900254 0.025997360477175197775993812501426
-0.52792883473767725346517776673614 0.025531832779704979021358892148074
0.52792883473767725346517776673614 0.025531832779704979021358892148074
-0.55321827156203442289777582910157 0.025043231424904262186994868836635
0.55321827156203442289777582910157 0.025043231424904262186994868836635
-0.57800775332757748459238805894972 0.024531997972222638999177025389953
0.57800775332757748459238805894972 0.024531997972222638999177025389953
-0.60227487725540046814666279596976 0.023998594434228208183516639141805
0.60227487725540046814666279596976 0.023998594434228208183516639141805
-0.62599771263251525014050910389196 0.023443502859080043295277654749764
0.62599771263251525014050910389196 0.023443502859080043295277654749764
-0.64915482063111854298381542692137 0.022867224894894933719689583871005
0.64915482063111854298381542692137 0.022867224894894933719689583871005
-0.67172527368333624247166862305043 0.022270281336402377142922609096706
0.67172527368333624247166862305043 0.022270281336402377142922609096706
-0.69368867439393710371116246863036 0.021653211654297919149037931721144
0.69368867439393710371116246863036 0.021653211654297919149037931721144
-0.71502517397392573513340204743113 0.021016573507720731298741609682299
0.71502517397392573513340204743113 0.021016573507720731298741609682299
-0.73571549017835855902848789092016 0.020360942240296803393035038997774
0.73571549017835855902848789092016 0.020360942240296803393035038997774
-0.75574092473217538386611315420188 0.019686910360204323147196729424115
0.75574092473217538386611315420188 0.019686910360204323147196729424115
-0.77508338022830330315117202289610 0.018995087004732774841080701634410
0.77508338022830330315117202289610 0.018995087004732774841080701634410
-0.79372537648276857745531743701066 0.018286097389822093682416501853374
0.79372537648276857745531743701066 0.018286097389822093682416501853374
-0.81165006633204588595599703506407 0.017560582245083015735563851315355
0.81165006633204588595599703506407 0.017560582245083015735563851315355
-0.82884125085838296905148462051079 0.016819197234814828465523716376558
0.82884125085838296905148462051079 0.016819197234814828465523716376558
-0.84528339402936269700987956206358 0.016062612365552519385442275275684
0.84528339402936269700987956206358 0.016062612365552519385442275275684
-0.86096163673850509371884987540591 0.015291511380692672092926693959342
0.86096163673850509371884987540591 0.015291511380692672092926693959342
-0.87586181023427106189671447536142 0.014506591142767891248451238742063
0.87586181023427106189671447536142 0.014506591142767891248451238742063
-0.88997044892541185263562982849210 0.013708561003965905970538568407363
0.88997044892541185263562982849210 0.013708561003965905970538568407363
-0.90327480255122208805948454959245 0.012898142165527331999583254406689
0.90327480255122208805948454959245 0.012898142165527331999583254406689
-0.91576284770591573278971142637974 0.012076067026716451262488753168047
0.91576284770591573278971142637974 0.012076067026716451262488753168047
-0.92742329870708648999387144585231 0.011243078524165430119994226662211
0.92742329870708648999387144585231 0.011243078524165430119994226662211
-0.93824561779910427591696163416027 0.010399929462594686533964061910615
0.93824561779910427591696163416027 0.010399929462594686533964061910615
-0.94822002468348384997031330843565 0.0095473818383269230163984870526849
0.94822002468348384997031330843565 0.0095473818383269230163984870526849
-0.95733750537007335119955096770668 0.0086862061579237202554919238838117
0.95733750537007335119955096770668 0.0086862061579237202554919238838117
-0.96558982034615708551863438549137 0.0078171807564253495417073772619336
0.96558982034615708551863438549137 0.0078171807564253495417073772619336
-0.97296951206735838102376830591294 0.0069410911251809760262703051890431
0.97296951206735838102376830591294 0.0069410911251809760262703051890431
-0.97946991179059197802932896532806 0.0060587292747506519193187608839818
0.97946991179059197802932896532806 0.0060587292747506519193187608839818
-0.98508514581446205063590447588671 0.0051708932073277532916270909567499
0.98508514581446205063590447588671 0.0051708932073277532916270909567499
-0.98981014133671930582121392738716 0.0042783867524722746415721918688372
0.98981014133671930582121392738716 0.0042783867524722746415721918688372
-0.99364063268970305984354664461015 0.0033820208186870304830989231262800
0.99364063268970305984354664461015 0.0033820208186870304830989231262800
-0.99657317140603893860842138398973 0.0024826218021767846514996294505960
0.99657317140603893860842138398973 0.0024826218021767846514996294505960
-0.99860516265197734620769817574107 0.0015810952911948423213352061500396
0.99860516265197734620769817574107 0.0015810952911948423213352061500396
-0.99973522187608827031927194129966 0.00067947618248455296487898344301951
0.99973522187608827031927194129966 0.00067947618248455296487898344301951
