63
2
0 0.049472366623931020888669360420926
-0.049452187116159627234233818051808 0.049411833039918178967039646116705
0.049452187116159627234233818051808 0.049411833039918178967039646116705
-0.098783356446945279529703669453922 0.049230380423747560785043116988145
0.098783356446945279529703669453922 0.049230380423747560785043116988145
-0.14787278635787196856983909655297 0.048928452820511989944709361549215
0.14787278635787196856983909655297 0.048928452820511989944709361549215
-0.19660034679150668455762745706572 0.048506789097883847864090099145802
0.19660034679150668455762745706572 0.048506789097883847864090099145802
-0.24484679324595336274840459392483 0.047966421137995131411052756195132
0.24484679324595336274840459392483 0.047966421137995131411052756195132
-0.29249405858625144003615715555067 0.047308671312268919080604988338844
0.29249405858625144003615715555067 0.047308671312268919080604988338844
-0.33942554197458440246883443159432 0.046535149245383696510395418746953
0.33942554197458440246883443159432 0.046535149245383696510395418746953
-0.38552639421224789247761502227440 0.045647747876292608685885992608543
0.38552639421224789247761502227440 0.045647747876292608685885992608543
-0.43068379879511160066208893391863 0.044648638825941395370332669516813
0.43068379879511160066208893391863 0.044648638825941395370332669516813
-0.47478724799480439992221230985149 0.043540267083027590798964315704401
0.47478724799480439992221230985149 0.043540267083027590798964315704401
-0.51772881329003324812447758452632 0.042325345020815822982505485403027
0.51772881329003324812447758452632 0.042325345020815822982505485403027
-0.55940340948628501326769780007005 0.041006845759666398635110037009072
0.55940340948628501326769780007005 0.041006845759666398635110037009072
-0.59970905187762523573900892686880 0.039587995891544093984807928149202
0.59970905187762523573900892686880 0.039587995891544093984807928149202
-0.63854710582136538500030695387338 0.038072267584349556763638324927889
0.63854710582136538500030695387338 0.038072267584349556763638324927889
-0.67582252811498609013110331596954 0.036463370085457289630452409787542
0.67582252811498609013110331596954 0.036463370085457289630452409787542
-0.71144409958484580785143153770401 0.034765240645355877697180504642788
0.71144409958484580785143153770401 0.034765240645355877697180504642788
-0.74532464831784741782932166103759 0.032982034883779341765683179672459
0.74532464831784741782932166103759 0.032982034883779341765683179672459
-0.77738126299037233556333018991104 0.031118116622219817508215988557189
0.77738126299037233556333018991104 0.031118116622219817508215988557189
-0.80753549577345676005146598636324 0.029178047208280526945551502154029
0.80753549577345676005146598636324 0.029178047208280526945551502154029
-0.83571355431950284347180776961571 0.027166574359097933225189839439413
0.83571355431950284347180776961571 0.027166574359097933225189839439413
-0.86184648236412371953961183943106 0.025088620553344986618630138068443
0.86184648236412371953961183943106 0.025088620553344986618630138068443
-0.88587032850785342629029845731337 0.022949271004889933148942319561771
0.88587032850785342629029845731337 0.022949271004889933148942319561771
-0.90772630277853155803695313291595 0.020753761258039090775341953421473
0.90772630277853155803695313291595 0.020753761258039090775341953421473
-0.92736092062184320544703138132512 0.018507464460161270409260545805158
0.92736092062184320544703138132512 0.018507464460161270409260545805158
-0.94472613404100980296637531962750 0.016215878410338338882283672975131
0.94472613404100980296637531962750 0.016215878410338338882283672975131
-0.95977944975894192707035416625899 0.013884612616115610824866086367624
0.95977944975894192707035416625899 0.013884612616115610824866086367624
-0.97248403469757002280196067857681 0.011519376076880041750750606148618
0.97248403469757002280196067857681 0.011519376076880041750750606148618
-0.98280881059372723486251140569161 0.0091259686763266563540586454217600
0.98280881059372723486251140569161 0.0091259686763266563540586454217600
-0.99072854689218946681089466720470 0.0067102917659601362519069307297288
0.99072854689218946681089466720470 0.0067102917659601362519069307297288
-0.99622401277797010860219336114631 0.0042785083468637618660784110826228
0.99622401277797010860219336114631 0.0042785083468637618660784110826228
-0.99928298402912378037893614092894 0.0018398745955770841170924455540439
0.99928298402912378037893614092894 0.0018398745955770841170924455540439
