106
2
-0.014748563997441012915940969523446 0.029494989021827901181954517326680
0.014748563997441012915940969523446 0.029494989021827901181954517326680
-0.044232859270711912810134674836108 0.029469325439725610776080029690371
0.044232859270711912810134674836108 0.029469325439725610776080029690371
-0.073678667544897552278327439488984 0.029418020605397906082618909178659
0.073678667544897552278327439488984 0.029418020605397906082618909178659
-0.10306036803005284251709564663255 0.029341119159169335430969600432113
0.10306036803005284251709564663255 0.029341119159169335430969600432113
-0.13235239571640520281492039106661 0.029238688012970617399421610811479
0.13235239571640520281492039106661 0.029238688012970617399421610811479
-0.16152926361846375092453864682815 0.029110816292118637816079406268564
0.16152926361846375092453864682815 0.029110816292118637816079406268564
-0.19056558495123964623622431441028 0.028957615257768604549315060535770
0.19056558495123964623622431441028 0.028957615257768604549315060535770
-0.21943609521928208259347877942988 0.028779218210105836721472437714269
0.21943609521928208259347877942988 0.028779218210105836721472437714269
-0.24811567419931028932004616303227 0.028575780372361424186458627980215
0.24811567419931028932004616303227 0.028575780372361424186458627980215
-0.27657936779731448459970540608546 0.028347478755752679177348136914051
0.27657936779731448459970540608546 0.028347478755752679177348136914051
-0.30480240976110795438629478864544 0.028094512005465900487511840451971
0.30480240976110795438629478864544 0.028094512005465900487511840451971
-0.33276024322943820771664554851509 0.027817100227815467022398674316402
0.33276024322943820771664554851509 0.027817100227815467022398674316402
-0.36042854209890737652658203866222 0.027515484798729657782343468250109
0.36042854209890737652658203866222 0.027515484798729657782343468250109
-0.38778323219011056149910009647184 0.027189928153729845172132800066295
0.38778323219011056149910009647184 0.027189928153729845172132800066295
-0.41480051219457553770987433029731 0.026840713559585813994947346876258
0.41480051219457553770987433029731 0.026840713559585813994947346876258
-0.44145687438427797358537633306924 0.026468144867845905770012479807933
0.44145687438427797358537633306924 0.026468144867845905770012479807933
-0.46772912506571291895626468552632 0.026072546250456463519942602762207
0.46772912506571291895626468552632 0.026072546250456463519942602762207
-0.49359440476072560430442528628810 0.025654261917700642563993589278365
0.49359440476072560430442528628810 0.025654261917700642563993589278365
-0.51903020809654237200467834714225 0.025213655818702045094075212391400
0.51903020809654237200467834714225 0.025213655818702045094075212391400
-0.54401440338769562694105375510184 0.024751111324753817750479581104193
0.54401440338769562694105375510184 0.024751111324753817750479581104193
-0.56852525189280483140358580026254 0.024267030895748809888285535387338
0.56852525189280483140358580026254 0.024267030895748809888285535387338
-0.59254142672945854885187569974220 0.023761835730001114200555036525953
0.59254142672945854885187569974220 0.023761835730001114200555036525953
-0.61604203143074012304307397471548 0.023235965397763790156354482824953
0.61604203143074012304307397471548 0.023235965397763790156354482824953
-0.63900661812725151310923749707418 0.022689877458761794805721406240748
0.63900661812725151310923749707418 0.022689877458761794805721406240748
-0.66141520533881583264156613046242 0.022124047064073107043388516912048
0.66141520533881583264156613046242 0.022124047064073107043388516912048
-0.68324829536037899617816288512600 0.021538966542704724964183767240417
0.68324829536037899617816288512600 0.021538966542704724964183767240417
-0.70448689122698429041071125216321 0.020935144973223639638804065901606
0.70448689122698429041071125216321 0.020935144973223639638804065901606
-0.72511251324306039133751620050044 0.020313107740816046132542782237305
0.72511251324306039133751620050044 0.020313107740816046132542782237305
-0.74510721506164308151154198390138 0.019673396080160956089424783067282
0.74510721506164308151154198390138 0.019673396080160956089424783067282
-0.76445359929954344097004698053090 0.019016566604517051563770476555578
0.76445359929954344097004698053090 0.019016566604517051563770476555578
-0.78313483267488038493363049848827 0.018343190821434115054281308414771
0.78313483267488038493363049848827 0.018343190821434115054281308414771
-0.80113466065381295938486303643897 0.017653854635512770820333953803514
0.80113466065381295938486303643897 0.017653854635512770820333953803514
-0.81843742159373775408330811992162 0.016949157838648725095712649176360
0.81843742159373775408330811992162 0.016949157838648725095712649176360
-0.83502806037065932020838128136419 0.016229713588210454075805627115231
0.83502806037065932020838128136419 0.016229713588210454075805627115231
-0.85089214147889709903720186409424 0.015496147873612808334492523428178
0.85089214147889709903720186409424 0.015496147873612808334492523428178
-0.86601586159176219968541134642852 0.014749098971764083659538002641030
0.86601586159176219968541134642852 0.014749098971764083659538002641030
-0.88038606157232362811769978170815 0.013989216891882217504587337708537
0.88038606157232362811769978170815 0.013989216891882217504587337708537
-0.89399023792389052322382130713986 0.013217162810199658029667935363238
0.89399023792389052322382130713986 0.013217162810199658029667935363238
-0.90681655367037274136481327593184 0.012433608495111442354153312855427
0.90681655367037274136481327593184 0.012433608495111442354153312855427
-0.91885384865726255785260960666591 0.011639235723377785795524967674617
0.91885384865726255785260960666591 0.011639235723377785795524967674617
-0.93009164926463684665130491865904 0.010834735688093302135388538855504
0.93009164926463684665130491865904 0.010834735688093302135388538855504
-0.94052017752437701692689020937095 0.010020808399328509191377365799140
0.94052017752437701692689020937095 0.010020808399328509191377365799140
-0.95013035963488400686924376320491 0.0091981620787474900222824035832840
0.95013035963488400686924376320491 0.0091981620787474900222824035832840
-0.95891383386824844875498162536790 0.0083675125503819641157106366189794
0.95891383386824844875498162536790 0.0083675125503819641157106366189794
-0.96686295786789941583699523900637 0.0075295826318127146276216418171665
0.96686295786789941583699523900637 0.0075295826318127146276216418171665
-0.97397081534123046949742533425930 0.0066851015353100140981526788326170
0.97397081534123046949742533425930 0.0066851015353100140981526788326170
-0.98023122216739215773450780864859 0.0058348043034015616520647093069230
0.98023122216739215773450780864859 0.0058348043034015616520647093069230
-0.98563873198384177438980909653551 0.0049794313504809830513456334746184
0.98563873198384177438980909653551 0.0049794313504809830513456334746184
-0.99018864145402668241476453159488 0.0041197283547382075068467913822094
0.99018864145402668241476453159488 0.0041197283547382075068467913822094
-0.99387699594931061243469105684193 0.0032564475137152151875214377999359
0.99387699594931061243469105684193 0.0032564475137152151875214377999359
-0.99670059896939300270459366622037 0.0023903556911418656825189304223136
0.99670059896939300270459366622037 0.0023903556911418656825189304223136
-0.99865704700042142286926108978070 0.0015222958023142321119153381159076
0.99865704700042142286926108978070 0.0015222958023142321119153381159076
-0.99974507272575754670765965975483 0.00065419791102473293056949075996788
0.99974507272575754670765965975483 0.00065419791102473293056949075996788
