73
2
0 0.042741768313923562411454954506379
-0.042728755038413991185690777712426 0.042702730864857222076600989664066
0.042728755038413991185690777712426 0.042702730864857222076600989664066
-0.085379458949596300995857137156007 0.042585689826018387025763008071518
0.085379458949596300995857137156007 0.042585689826018387025763008071518
-0.12787420317961430175467911625445 0.042390858992231594405373984339143
0.12787420317961430175467911625445 0.042390858992231594405373984339143
-0.17013536406070075850564556944699 0.042118594254255636268945522154350
0.17013536406070075850564556944699 0.042118594254255636268945522154350
-0.21208574460373052652724358614797 0.041769392948692853754101698020305
0.21208574460373052652724358614797 0.041769392948692853754101698020305
-0.25364871551130139355580478517793 0.041343892949525494526883341834688
0.25364871551130139355580478517793 0.041343892949525494526883341834688
-0.29474835515383676825585509753508 0.040842871502938861549360558563569
0.29474835515383676825585509753508 0.040842871502938861549360558563569
-0.33530958825302245611574115864873 0.040267243807560033364941684331241
0.33530958825302245611574115864873 0.040267243807560033364941684331241
-0.37525832301925150290573891971611 0.039618061342706143316508045959550
0.37525832301925150290573891971611 0.039618061342706143316508045959550
-0.41452158649257576388912092782969 0.038896509947696739520475601811025
0.41452158649257576388912092782969 0.038896509947696739520475601811025
-0.45302765783994539519199052799606 0.038103907655739800595508078365231
0.45302765783994539519199052799606 0.038103907655739800595508078365231
-0.49070619936525198770022234662778 0.037241702286349773156894211450592
0.49070619936525198770022234662778 0.037241702286349773156894211450592
-0.52748838499287093680044104039418 0.036311468800697784690346665077709
0.52748838499287093680044104039418 0.036311468800697784690346665077709
-0.56330702599001651273624257423175 0.035314906424728287509063073828681
0.56330702599001651273624257423175 0.035314906424728287509063073828681
-0.59809669369827097600039885868948 0.034253835545302215414129518261763
0.59809669369827097600039885868948 0.034253835545302215414129518261763
-0.63179383905011845651104076202283 0.033130194385043840677068799434889
0.63179383905011845651104076202283 0.033130194385043840677068799434889
-0.66433690865219633888237612151261 0.031946035461976706486501436898584
0.66433690865219633888237612151261 0.031946035461976706486501436898584
-0.69566645722326271722021968089884 0.030703521840433504938126016788743
0.69566645722326271722021968089884 0.030703521840433504938126016788743
-0.72572525618155981850313572906811 0.029404923180116560105457229981025
0.72572525618155981850313572906811 0.029404923180116560105457229981025
-0.75445839818332348023844537760501 0.028052611590572060323802234341245
0.75445839818332348023844537760501 0.028052611590572060323802234341245
-0.78181339742164475133409129695268 0.026649057298727482952230459318192
0.78181339742164475133409129695268 0.026649057298727482952230459318192
-0.80774028550273592480706124036801 0.025196824137538312813332252254429
0.80774028550273592480706124036801 0.025196824137538312813332252254429
-0.83219170272490974375578833929769 0.023698564864218974626609325271567
0.83219170272490974375578833929769 0.023698564864218974626609325271567
-0.85512298459429948450799082839947 0.022157016317040072056769802363044
0.85512298459429948450799082839947 0.022157016317040072056769802363044
-0.87649224342065149982594288030711 0.020574994420361169166019501756878
0.87649224342065149982594288030711 0.020574994420361169166019501756878
-0.89626044484669122104893818994860 0.018955389048670021689735968984724
0.89626044484669122104893818994860 0.018955389048670021689735968984724
-0.91439147917625641474168352645082 0.017301158762489083005607007648464
0.91439147917625641474168352645082 0.017301158762489083005607007648464
-0.93085222738122455990469823834452 0.015615325433591422995533611061552
0.93085222738122455990469823834452 0.015615325433591422995533611061552
-0.94561262168948357193166785100440 0.013900968788314650867519634424008
0.94561262168948357193166785100440 0.013900968788314650867519634424008
-0.95864570069797422041385125702880 0.012161220929281112727763223087738
0.95864570069797422041385125702880 0.012161220929281112727763223087738
-0.96992765905498591274700766330962 0.010399260995000532201304193864004
0.96992765905498591274700766330962 0.010399260995000532201304193864004
-0.97943789205648362456270498807815 0.0086183104795322476139118167386582
0.97943789205648362456270498807815 0.0086183104795322476139118167386582
-0.98715903662493211478102843296155 0.0068216313491747923622093393702066
0.98715903662493211478102843296155 0.0068216313491747923622093393702066
-0.99307701558894515155520420808846 0.0050125385716061902638126995286608
0.99307701558894515155520420808846 0.0050125385716061902638126995286608
-0.99718113077161126725356148576253 0.0031945243772890345220777170874331
0.99718113077161126725356148576253 0.0031945243772890345220777170874331
-0.99946479884588117099647119294804 0.0013733764627596192239842708093329
0.99946479884588117099647119294804 0.0013733764627596192239842708093329
