27
2
0 0.11422086737895698904504573690184
-0.11397258560952996693289498386998 0.11347634610896514862036994809210
0.11397258560952996693289498386998 0.11347634610896514862036994809210
-0.22645936543953685885723910736023 0.11125248835684519267216309604285
0.22645936543953685885723910736023 0.11125248835684519267216309604285
-0.33599390363850889973031903420728 0.10757828578853318721216298442666
0.33599390363850889973031903420728 0.10757828578853318721216298442666
-0.44114825175002688058597415568928 0.10250163781774579867124771153266
0.44114825175002688058597415568928 0.10250163781774579867124771153266
-0.54055156457945689490030094155998 0.096088727370028507565652646558106
0.54055156457945689490030094155998 0.096088727370028507565652646558106
-0.63290797194649514092773463763449 0.088423158543756950194322802853749
0.63290797194649514092773463763449 0.088423158543756950194322802853749
-0.71701347373942369929481621164234 0.079604867773057771263074959009842
0.71701347373942369929481621164234 0.079604867773057771263074959009842
-0.79177163907050822714439734410727 0.069748823766245592984322888356667
0.79177163907050822714439734410727 0.069748823766245592984322888356667
-0.85620790801829449030273722270684 0.058983536859833599110300833719532
0.85620790801829449030273722270684 0.058983536859833599110300833719532
-0.90948232067749110430064501820969 0.047449412520615062704096710114185
0.90948232067749110430064501820969 0.047449412520615062704096710114185
-0.95090055781470500685190803064388 0.035297053757419711022578289304712
0.95090055781470500685190803064388 0.035297053757419711022578289304712
-0.97992347596150122285587335566105 0.022686231596180623196034206446761
0.97992347596150122285587335566105 0.022686231596180623196034206446761
-0.99617926288898856693888720838123 0.0097989960512943602611500550912591
0.99617926288898856693888720838123 0.0097989960512943602611500550912591
