84
2
-0.018587909652332133286830102785434 0.037171537019034067603283612544952
0.018587909652332133286830102785434 0.037171537019034067603283612544952
-0.055738038794528216999272842322379 0.037120162612602094273727587286844
0.055738038794528216999272842322379 0.037120162612602094273727587286844
-0.092811132955437882746250340645100 0.037017484803794520585244423698130
0.092811132955437882746250340645100 0.037017484803794520585244423698130
-0.12975595378552474180053757130102 0.036863645502590307718452071637822
0.12975595378552474180053757130102 0.036863645502590307718452071637822
-0.16652144022054815896644510378046 0.036658857328759075636576917342793
0.16652144022054815896644510378046 0.036658857328759075636576917342793
-0.20305677905255347812880941952895 0.036403403318002122488626260128784
0.20305677905255347812880941952895 0.036403403318002122488626260128784
-0.23931147515830336570929261905053 0.036097636530772566701752622679821
0.23931147515830336570929261905053 0.036097636530772566701752622679821
-0.27523542128808856049935371530350 0.035741979564315307277888973027904
0.27523542128808856049935371530350 0.035741979564315307277888973027904
-0.31077896731846397262797073572800 0.035336923968601276160388724970421
0.31077896731846397262797073572800 0.035336923968601276160388724970421
-0.34589298887319705903312997171782 0.034883029566963308456416662075977
0.34589298887319705903312997171782 0.034883029566963308456416662075977
-0.38052895521758870053880126408405 0.034380923682372700621334933304112
0.38052895521758870053880126408405 0.034380923682372700621334933304112
-0.41463899633233121933998968329968 0.033831300270425984803724891381226
0.41463899633233121933998968329968 0.033831300270425984803724891381226
-0.44817596907420233115849972952912 0.033234918960240444074715626658809
0.44817596907420233115849972952912 0.033234918960240444074715626658809
-0.48109352233215617605430893623175 0.032592604004584257183613335316092
0.48109352233215617605430893623175 0.032592604004584257183613335316092
-0.51334616108876140004810384291003 0.031905243140692727484022965776883
0.51334616108876140004810384291003 0.031905243140692727484022965776883
-0.54488930929844968891264678990758 0.031173786363345661291967469549222
0.54488930929844968891264678990758 0.031173786363345661291967469549222
-0.57567937149567415604191589377517 0.030399244611902469773113702309017
0.57567937149567415604191589377517 0.030399244611902469773113702309017
-0.60567379304783338968426872180768 0.029582688373110845289605261348259
0.60567379304783338968426872180768 0.029582688373110845289605261348259
-0.63483111896969148364401424884042 0.028725246201621802212664779379587
0.63483111896969148364401424884042 0.028725246201621802212664779379587
-0.66311105121801463433619914260692 0.027828103160258406035766920328637
0.66311105121801463433619914260692 0.027828103160258406035766920328637
-0.69047450438724847122030720502071 0.026892499182197637515816423453464
0.69047450438724847122030720502071 0.026892499182197637515816423453464
-0.71688365972927482382288225287056 0.025919727357334647725160215520406
0.71688365972927482382288225287056 0.025919727357334647725160215520406
-0.74230201742260992077352173961760 0.024911132145206428884391359783210
0.74230201742260992077352173961760 0.024911132145206428884391359783210
-0.76669444701883628266690018538042 0.023868107516958239384715421900439
0.76669444701883628266690018538042 0.023868107516958239384715421900439
-0.79002723599659686796773765685610 0.022792095028942129338888633401287
0.79002723599659686796773765685610 0.022792095028942129338888633401287
-0.81226813635612303902293787054274 0.021684581830644822989244037171501
0.81226813635612303902293787054274 0.021684581830644822989244037171501
-0.83338640919002142884605244660680 0.020547098609756278611524439636689
0.83338640919002142884605244660680 0.020547098609756278611524439636689
-0.85335286716891866159874083644058 0.019381217477318808647807058312044
0.85335286716891866159874083644058 0.019381217477318808647807058312044
-0.87213991488357903202981058282838 0.018188549796056549927600240784576
0.87213991488357903202981058282838 0.018188549796056549927600240784576
-0.88972158698831546080393946282658 0.016970743955211611343081682289877
0.88972158698831546080393946282658 0.016970743955211611343081682289877
-0.90607358409400842133997550864581 0.015729483095583598201599823583106
0.90607358409400842133997550864581 0.015729483095583598201599823583106
-0.92117330636305121772720672980714 0.014466482789161186242274872122951
0.92117330636305121772720672980714 0.014466482789161186242274872122951
-0.93499988476355881775240056909166 0.013183488679182345986799467434002
0.93499988476355881775240056909166 0.013183488679182345986799467434002
-0.94753420994744312281127574116841 0.011882274089801223495051961643097
0.94753420994744312281127574116841 0.011882274089801223495051961643097
-0.95875895872969347201994918567791 0.010564637623008245264848478569958
0.95875895872969347201994918567791 0.010564637623008245264848478569958
-0.96865861817362189769062790716892 0.0092324007841902470143829456142153
0.96865861817362189769062790716892 0.0092324007841902470143829456142153
-0.97721950735831578265430066426710 0.0078874057526481463821061278247736
0.97721950735831578265430066426710 0.0078874057526481463821061278247736
-0.98442979712758165151907499362665 0.0065315136877136546011213493931908
0.98442979712758165151907499362665 0.0065315136877136546011213493931908
-0.99027952896535668733421589757165 0.0051666051827468083298810211160260
0.99027952896535668733421589757165 0.0051666051827468083298810211160260
-0.99476063826128464119583740621240 0.0037945916504523496963933944075235
0.99476063826128464119583740621240 0.0037945916504523496963933944075235
-0.99786701642171196156141896578336 0.0024175112654431228552351917532906
0.99786701642171196156141896578336 0.0024175112654431228552351917532906
-0.99959506122692324220474725825123 0.0010391335164519718891881135390812
0.99959506122692324220474725825123 0.0010391335164519718891881135390812
