83
2
0 0.037623189652600123325750129880256
-0.037614313997584382667578704669332 0.037596563943955177591969344309192
0.037614313997584382667578704669332 0.037596563943955177591969344309192
-0.075175389140377282326813856488744 0.037516724503737272715057643337492
0.075175389140377282326813856488744 0.037516724503737272715057643337492
-0.11263006192724030780797846514376 0.037383784335757404410917595596343
0.11263006192724030780797846514376 0.037383784335757404410917595596343
-0.14992531945768681779610906177814 0.037197931601976730544001270740192
0.14992531945768681779610906177814 0.037197931601976730544001270740192
-0.18700837446572268078955336879341 0.036959429356184971079757986402056
0.18700837446572268078955336879341 0.036959429356184971079757986402056
-0.22382674003432739919319187260819 0.036668615171678090043900644207246
0.22382674003432739919319187260819 0.036668615171678090043900644207246
-0.26032830388482591791249578248538 0.036325900663462288899895809248245
0.26032830388482591791249578248538 0.036325900663462288899895809248245
-0.29646140213600319111071326068794 0.035931770905660647347330745694088
0.29646140213600319111071326068794 0.035931770905660647347330745694088
-0.33217489242856418231516199573588 0.035486783744947102645843243242045
0.33217489242856418231516199573588 0.035486783744947102645843243242045
-0.36741822631144036740159280439416 0.034991569010979654731524615293351
0.36741822631144036740159280439416 0.034991569010979654731524615293351
-0.40214152078748873556402883580411 0.034446827624950516832521913767535
0.40214152078748873556402883580411 0.034446827624950516832521913767535
-0.43629562891731927548549747231019 0.033853330607515198699309942311928
0.43629562891731927548549747231019 0.033853330607515198699309942311928
-0.46983220938132032871745020707495 0.033211917987505015181173251626118
0.46983220938132032871745020707495 0.033211917987505015181173251626118
-0.50270379490142613202111119352084 0.032523497612968065991291155247975
0.50270379490142613202111119352084 0.032523497612968065991291155247975
-0.53486385942578531058024284752690 0.031789043866222150643548755560391
0.53486385942578531058024284752690 0.031789043866222150643548755560391
-0.56626688398124080300768385159894 0.031009596284739194843067045617186
0.56626688398124080300768385159894 0.031009596284739194843067045617186
-0.59686842110041831239183057678926 0.030186258089814417054101741935958
0.59686842110041831239183057678926 0.030186258089814417054101741935958
-0.62662515773223935849492293220676 0.029320194625104527918041392776319
0.62662515773223935849492293220676 0.029320194625104527918041392776319
-0.65549497654682371748308633656852 0.028412631707247641563750739732208
0.65549497654682371748308633656852 0.028412631707247641563750739732208
-0.68343701554802178025584078956532 0.027464853890903261238928034627164
0.68343701554802178025584078956532 0.027464853890903261238928034627164
-0.71041172590921746448045764914600 0.026478202650673762485108612139007
0.71041172590921746448045764914600 0.026478202650673762485108612139007
-0.73638092795056426740738231742428 0.025454074482489496750818169047054
0.73638092795056426740738231742428 0.025454074482489496750818169047054
-0.76130786517845874071925528382658 0.024393918927158557497434207686592
0.76130786517845874071925528382658 0.024393918927158557497434207686592
-0.78515725631081584028763616360197 0.023299236518900549370160963607474
0.78515725631081584028763616360197 0.023299236518900549370160963607474
-0.80789534521458963229786488620405 0.022171576661803622621990441151735
0.80789534521458963229786488620405 0.022171576661803622621990441151735
-0.82948994868498427640175541617147 0.021012535437269917874009344999866
0.82948994868498427640175541617147 0.021012535437269917874009344999866
-0.84991050199893379733842936327785 0.019823753345654939049312049458480
0.84991050199893379733842936327785 0.019823753345654939049312049458480
-0.86912810217871698349911604903993 0.018606912985478472841667748598226
0.86912810217871698349911604903993 0.018606912985478472841667748598226
-0.88711554890506334074051941179759 0.017363736673824622350165611499472
0.88711554890506334074051941179759 0.017363736673824622350165611499472
-0.90384738302289950808172068035942 0.016095984011935370915438071294666
0.90384738302289950808172068035942 0.016095984011935370915438071294666
-0.91929992258720794378099621917563 0.014805449400717877680849429259240
0.91929992258720794378099621917563 0.014805449400717877680849429259240
-0.93345129640183861923567977357284 0.013493959512375234980699549624698
0.93345129640183861923567977357284 0.013493959512375234980699549624698
-0.94628147501179087444229525637198 0.012163370727798612063033263726873
0.94628147501179087444229525637198 0.012163370727798612063033263726873
-0.95777229912276710596151174015309 0.010815566558037158720361261390280
0.95777229912276710596151174015309 0.010815566558037158720361261390280
-0.96790750545012872954701485189380 0.0094524550924796998882430165211687
0.96790750545012872954701485189380 0.0094524550924796998882430165211687
-0.97667275007284293423218787021119 0.0080759665931234522835930513436351
0.97667275007284293423218787021119 0.0080759665931234522835930513436351
-0.98405562959668147153706685169923 0.0066880516352436857413567529257203
0.98405562959668147153706685169923 0.0066880516352436857413567529257203
-0.99004570129726522277232805722551 0.0052906814458598655552384994503700
0.99004570129726522277232805722551 0.0052906814458598655552384994503700
-0.99463450763178032340796647882606 0.0038858594353532021920025024700414
0.99463450763178032340796647882606 0.0038858594353532021920025024700414
-0.99781564040342996175626627363775 0.0024757193225459397433287651096398
0.99781564040342996175626627363775 0.0024757193225459397433287651096398
-0.99958530480704934381260447981170 0.0010641682196665677563807524826021
0.99958530480704934381260447981170 0.0010641682196665677563807524826021
