74
2
-0.021082477516748304447535218514047 0.042158706609943422122230664890340
0.021082477516748304447535218514047 0.042158706609943422122230664890340
-0.063209948675116291895726601776621 0.042083749969156972474895765002383
0.063209948675116291895726601776621 0.042083749969156972474895765002383
-0.10522503485307097186398879924795 0.041933969957777021469955207839887
0.10522503485307097186398879924795 0.041933969957777021469955207839887
-0.14705303476175341172885135688852 0.041709632879240754378709933608623
0.14705303476175341172885135688852 0.041709632879240754378709933608623
-0.18861957974491857831072106767993 0.041411137596753510820068070019882
0.18861957974491857831072106767993 0.041411137596753510820068070019882
-0.22985076600371703101816943322575 0.041039014824127266847418809816517
0.22985076600371703101816943322575 0.041039014824127266847418809816517
-0.27067328599498040553767224127028 0.040593926182194728058076819827908
0.27067328599498040553767224127028 0.040593926182194728058076819827908
-0.31101455876939063704975772160930 0.040076663022476966759151171923377
0.31101455876939063704975772160930 0.040076663022476966759151171923377
-0.35080285901779804749253496882847 0.039488145020196468323632720490340
0.35080285901779804749253496882847 0.039488145020196468323632720490340
-0.38996744459625075057107192996657 0.038829418539137707758082272911882
0.38996744459625075057107192996657 0.038829418539137707758082272911882
-0.42843868230300327937582929402023 0.038101654771263248896351656658635
0.42843868230300327937582929402023 0.038101654771263248896351656658635
-0.46614817168388118342205983197542 0.037306147654394155733706685625695
0.46614817168388118342205983197542 0.037306147654394155733706685625695
-0.50302886664588516591407304387782 0.036444311571658564481810907516281
0.50302886664588516591407304387782 0.036444311571658564481810907516281
-0.53901519466281708324072703264630 0.035517678836800959925853869453858
0.53901519466281708324072703264630 0.035517678836800959925853869453858
-0.57404317336099415250189262026130 0.034527896969826461003333973798606
0.57404317336099415250189262026130 0.034527896969826461003333973798606
-0.60805052427777982552516290547092 0.033476725767828766263722474021667
0.60805052427777982552516290547092 0.033476725767828766263722474021667
-0.64097678359069238859534194528053 0.032366034176216999525280186490137
0.64097678359069238859534194528053 0.032366034176216999525280186490137
-0.67276340962024760271850546675031 0.031197796965915426033372351105608
0.67276340962024760271850546675031 0.031197796965915426033372351105608
-0.70335388691544185906031995921449 0.029974091222461187339964777100380
0.70335388691544185906031995921449 0.029974091222461187339964777100380
-0.73269382673688027776246340399061 0.028697092653269875342095106448663
0.73269382673688027776246340399061 0.028697092653269875342095106448663
-0.76073106375899447596862289855348 0.027369071719679352302437772712461
0.76073106375899447596862289855348 0.027369071719679352302437772712461
-0.78741574881957551781998670990640 0.025992389600723787866773546043617
0.78741574881957551781998670990640 0.025992389600723787866773546043617
-0.81270043755197437387525511128246 0.024569493995942767245649205783226
0.81270043755197437387525511128246 0.024569493995942767245649205783226
-0.83654017474281573916834801702133 0.023102914774915823030932626889175
0.83654017474281573916834801702133 0.023102914774915823030932626889175
-0.85889257426598357679648638728792 0.021595259481675888969699547322062
0.85889257426598357679648638728792 0.021595259481675888969699547322062
-0.87971789445208880922876326467395 0.020049208702794944252734655470477
0.87971789445208880922876326467395 0.020049208702794944252734655470477
-0.89897910876189579558371540380128 0.018467511308979879782853729659258
0.89897910876189579558371540380128 0.018467511308979879782853729659258
-0.91664197164290646067714825828604 0.016852979582024853584847472766436
0.91664197164290646067714825828604 0.016852979582024853584847472766436
-0.93267507946205456608560112970187 0.015208484243401234808874740727540
0.93267507946205456608560112970187 0.015208484243401234808874740727540
-0.94704992642838500827262834841452 0.013536949411787494341053351354474
0.94704992642838500827262834841452 0.013536949411787494341053351354474
-0.95974095545952891269991721603850 0.011841347547499667323168474119335
0.95974095545952891269991721603850 0.011841347547499667323168474119335
-0.97072560404251872681935455982274 0.010124694538287305421119936018077
0.97072560404251872681935455982274 0.010124694538287305421119936018077
-0.97998434543130033609880406640840 0.0083900454339713970640883408508292
0.97998434543130033609880406640840 0.0083900454339713970640883408508292
-0.98750072661623855960712432713948 0.0066404929091143576347612487075257
0.98750072661623855960712432713948 0.0066404929091143576347612487075257
-0.99326140980464497271388492784157 0.0048791797585941445842898117670416
0.99326140980464497271388492784157 0.0048791797585941445842898117670416
-0.99725626171101639083806409634446 0.0031094201498967546786733661213292
0.99725626171101639083806409634446 0.0031094201498967546786733661213292
-0.99947906878032952427104451510953 0.0013367616500698835503287491364680
0.99947906878032952427104451510953 0.0013367616500698835503287491364680
