57
2
0 0.054634328756584024062841387988052
-0.054607151001646824219830559737332 0.054552803604761886480138995364197
0.054607151001646824219830559737332 0.054552803604761886480138995364197
-0.10905133280878780097852652131098 0.054308471452498643138746772954792
0.10905133280878780097852652131098 0.054308471452498643138746772954792
-0.16317006259126425104328037832151 0.053902061483298574642809481730601
0.16317006259126425104328037832151 0.053902061483298574642809481730601
-0.21680182879612403641361397597956 0.053334786584819158426576977991441
0.21680182879612403641361397597956 0.053334786584819158426576977991441
-0.26978657316183876576334560979964 0.052608339729177432440231381640884
0.26978657316183876576334560979964 0.052608339729177432440231381640884
-0.32196616839537864059020791580540 0.051724888920517824720623908665147
0.32196616839537864059020791580540 0.051724888920517824720623908665147
-0.37318489008659445855213439614489 0.050687070724927408656640425563637
0.37318489008659445855213439614489 0.050687070724927408656640425563637
-0.42328988145156395096002435347152 0.049497982402019678993837944499388
0.42328988145156395096002435347152 0.049497982402019678993837944499388
-0.47213160951797570958806008204923 0.048161172661687751268851051756817
0.47213160951797570958806008204923 0.048161172661687751268851051756817
-0.51956431139118760631515381980621 0.046680631073641503783840892778834
0.51956431139118760631515381980621 0.046680631073641503783840892778834
-0.56544642926923675901898555280524 0.045060776161381157797213529525833
0.56544642926923675901898555280524 0.045060776161381157797213529525833
-0.60964103290871536542384890192474 0.043306442216215196596432108328426
0.60964103290871536542384890192474 0.043306442216215196596432108328426
-0.65201622828097689124936184079571 0.041422864870801110363196905273610
0.65201622828097689124936184079571 0.041422864870801110363196905273610
-0.69244555119951773904048368844401 0.039415665475480114089952720801056
0.69244555119951773904048368844401 0.039415665475480114089952720801056
-0.73080834474452332282734467073678 0.037290834324417317354735263995699
0.73080834474452332282734467073678 0.037290834324417317354735263995699
-0.76699011935945019549171614401813 0.035054712782312617505750970596550
0.76699011935945019549171614401813 0.035054712782312617505750970596550
-0.80088289454721824207600871879495 0.032713974366371568542490109910393
0.80088289454721824207600871879495 0.032713974366371568542490109910393
-0.83238552115043912082901089586520 0.030275604842693999458490598833137
0.83238552115043912082901089586520 0.030275604842693999458490598833137
-0.86140398326204694472224188180521 0.027746881402180192321257950038364
0.86140398326204694472224188180521 0.027746881402180192321257950038364
-0.88785167888222132951300014764186 0.025135350990918122647273788140955
0.88785167888222132951300014764186 0.025135350990918122647273788140955
-0.91164967852139121272843056161967 0.022448807890776438079689238845091
0.91164967852139121272843056161967 0.022448807890776438079689238845091
-0.93272696106710169610075415429736 0.019695270699488520382422452273515
0.93272696106710169610075415429736 0.019695270699488520382422452273515
-0.95102062644787674191190411060519 0.016882959023441549035000821566833
0.95102062644787674191190411060519 0.016882959023441549035000821566833
-0.96647608517188667911485858394233 0.014020270790753556170247151338150
0.96647608517188667911485858394233 0.014020270790753556170247151338150
-0.97904722670946871379882087536651 0.011115763732335990145675448768190
0.97904722670946871379882087536651 0.011115763732335990145675448768190
-0.98869657765022204884975839838386 0.0081781600678212326262109981303794
0.98869657765022204884975839838386 0.0081781600678212326262109981303794
-0.99539552367843031113512502736242 0.0052165334747187793905066298714201
0.99539552367843031113512502736242 0.0052165334747187793905066298714201
-0.99912556562526285057200984955425 0.0022437538722506629097347868226350
0.99912556562526285057200984955425 0.0022437538722506629097347868226350
