125
2
0 0.025032412125886148393386018171746
-0.025029797857712765206923589633910 0.025024569485184551968955875728116
0.025029797857712765206923589633910 0.025024569485184551968955875728116
-0.050043912072119881878974402666141 0.025001046477269747159226599982668
0.050043912072119881878974402666141 0.025001046477269747159226599982668
-0.075026668827269240757810658328006 0.024961857841632462723516105303767
0.075026668827269240757810658328006 0.024961857841632462723516105303767
-0.099962413955758005044986976407480 0.024907028133828427291228809662768
0.099962413955758005044986976407480 0.024907028133828427291228809662768
-0.12483552274761658993316319061968 0.024836591710091892339152106845233
0.12483552274761658993316319061968 0.024836591710091892339152106845233
-0.14963040974073465557876718194425 0.024750592705808063874616382568293
0.14963040974073465557876718194425 0.024750592705808063874616382568293
-0.17433153848669444655086297760720 0.024649085007857932197020823716818
0.17433153848669444655086297760720 0.024649085007857932197020823716818
-0.19892343128589222077984564403885 0.024532132220852828735040441988729
0.19892343128589222077984564403885 0.024532132220852828735040441988729
-0.22339067888584775541929462879960 0.024399807627279867733735002614880
0.22339067888584775541929462879960 0.024399807627279867733735002614880
-0.24771795013662498377837594668028 0.024252194141583246098967526628106
0.24771795013662498377837594668028 0.024252194141583246098967526628106
-0.27189000159731369214263924659776 0.024089384258210174609180568895283
0.27189000159731369214263924659776 0.024089384258210174609180568895283
-0.29589168708755287105833293584679 0.023911479993653995600543552300722
0.29589168708755287105833293584679 0.023911479993653995600543552300722
-0.31970796717811075331983994408254 0.023718592822530803757116384576782
0.31970796717811075331983994408254 0.023718592822530803757116384576782
-0.34332391861457475892524341799838 0.023510843607729625443635371560977
0.34332391861457475892524341799838 0.023510843607729625443635371560977
-0.36672474366824648176372090098821 0.023288362524679925771751595011656
0.36672474366824648176372090098821 0.023288362524679925771751595011656
-0.38989577940838246755872974904028 0.023051288979783898976343176111668
0.38989577940838246755872974904028 0.023051288979783898976343176111668
-0.41282250688997081909651241950817 0.022799771523064654402848733613813
0.41282250688997081909651241950817 0.022799771523064654402848733613813
-0.43549056025128659222140013161848 0.022533967755085035198629190870700
0.43549056025128659222140013161848 0.022533967755085035198629190870700
-0.45788573571552548142083333878786 0.022254044228195397416536991201710
0.45788573571552548142083333878786 0.022254044228195397416536991201710
-0.47999400049087540176694193430235 0.021960176342172231462187459245731
0.47999400049087540176694193430235 0.021960176342172231462187459245731
-0.50180150156344921704250794631654 0.021652548234313023466785559881779
0.50180150156344921704250794631654 0.021652548234313023466785559881779
-0.52329457437756900240970787627950 0.021331352664056229102783153437016
0.52329457437756900240970787627950 0.021331352664056229102783153437016
-0.54445975139796282221304844099673 0.020996790892198664483997059895606
0.54445975139796282221304844099673 0.020996790892198664483997059895606
-0.56528377054850900560658117532282 0.020649072554786006063657285937102
0.56528377054850900560658117532282 0.020649072554786006063657285937102
-0.58575358352224026881369287473284 0.020288415531755431888261342076849
0.58575358352224026881369287473284 0.020288415531755431888261342076849
-0.60585636395740071518428853327913 0.019915045810412728289931603456806
0.60585636395740071518428853327913 0.019915045810412728289931603456806
-0.62557951547443269318609807039136 0.019529197343829427318441817307984
0.62557951547443269318609807039136 0.019529197343829427318441817307984
-0.64491067956885765671001548733470 0.019131111904248729276862595936785
0.64491067956885765671001548733470 0.019131111904248729276862595936785
-0.66383774335510549867751719522215 0.018721038931592100166037697039667
0.66383774335510549867751719522215 0.018721038931592100166037697039667
-0.68234884715644026365775840372834 0.018299235377161514447634041152412
0.68234884715644026365775840372834 0.018299235377161514447634041152412
-0.70043239193622663272904827483455 0.017865965542635338437850782366077
0.70043239193622663272904827483455 0.017865965542635338437850782366077
-0.71807704656588105821871992183263 0.017421500914458818476582214601372
0.71807704656588105821871992183263 0.017421500914458818476582214601372
-0.73527175492495385126259406427998 0.016966119993733051135114080236375
0.73527175492495385126259406427998 0.016966119993733051135114080236375
-0.75200574282889383622954610125554 0.016500108121709171552007521847816
0.75200574282889383622954610125554 0.016500108121709171552007521847816
-0.76826852478015533001680842093532 0.016023757300997303548533321854887
0.76826852478015533001680842093532 0.016023757300997303548533321854887
-0.78404991053841813226068724219788 0.015537366012602576949751222003654
0.78404991053841813226068724219788 0.015537366012602576949751222003654
-0.79934001150580488308837353790570 0.015041239028903242810673854346275
0.79934001150580488308837353790570 0.015041239028903242810673854346275
-0.81412924692309652868331051064170 0.014535687222688621319855931270376
0.81412924692309652868331051064170 0.014535687222688621319855931270376
-0.82840834987306572192053627755921 0.014021027372377324994650251359736
0.82840834987306572192053627755921 0.014021027372377324994650251359736
-0.84216837308716979814337112511572 0.013497581963538952185451719486971
0.84216837308716979814337112511572 0.013497581963538952185451719486971
-0.85540069455196958013988670855188 0.012965678986845310054042290911639
0.85540069455196958013988670855188 0.012965678986845310054042290911639
-0.86809702291176784450290789640262 0.012425651732580314186915835720649
0.86809702291176784450290789640262 0.012425651732580314186915835720649
-0.88024940266409213430320452905537 0.011877838581841214087597021975694
0.88024940266409213430320452905537 0.011877838581841214087597021975694
-0.89185021914478129387880590573641 0.011322582794568039345237214259038
0.89185021914478129387880590573641 0.011322582794568039345237214259038
-0.90289220329957463757657100153563 0.010760232294543733867555943425388
0.90289220329957463757657100153563 0.010760232294543733867555943425388
-0.91336843623924884934736465741255 0.010191139451515406217946713480521
0.91336843623924884934736465741255 0.010191139451515406217946713480521
-0.92327235357550381972997286410875 0.0096156608605994585333347591814753
0.92327235357550381972997286410875 0.0096156608605994585333347591814753
-0.93259774953497073951073478581140 0.0090341571191539028505210898981796
0.93259774953497073951073478581140 0.0090341571191539028505210898981796
-0.94133878084891548940631738163745 0.0084469926013376227396771209588432
0.94133878084891548940631738163745 0.0084469926013376227396771209588432
-0.94948997041646061771632107887904 0.0078545352306447368524865596614491
0.94948997041646061771632107887904 0.0078545352306447368524865596614491
-0.95704621073949713338699362883599 0.0072571562508376166913405876400971
0.95704621073949713338699362883599 0.0072571562508376166913405876400971
-0.96400276712800457128579121040416 0.0066552299959851367707651778152150
0.96400276712800457128579121040416 0.0066552299959851367707651778152150
-0.97035528067547548009608886192625 0.0060491336609403391010996528735489
0.97035528067547548009608886192625 0.0060491336609403391010996528735489
-0.97609977100610891487923293273655 0.0054392470750795889048945868869450
0.97609977100610891487923293273655 0.0054392470750795889048945868869450
-0.98123263879985988211139897704173 0.0048259524859394438806811175180816
0.98123263879985988211139897704173 0.0048259524859394438806811175180816
-0.98575066811248719692739551702979 0.0042096343701266988891712963033867
0.98575066811248719692739551702979 0.0042096343701266988891712963033867
-0.98965102853875062524868146577727 0.0035906793228245126417876126542050
0.98965102853875062524868146577727 0.0035906793228245126417876126542050
-0.99293127736660251123362678002735 0.0029694762015580528967858288234604
0.99293127736660251123362678002735 0.0029694762015580528967858288234604
-0.99558936225216279660537464263381 0.0023464172536737895748316015925132
0.99558936225216279660537464263381 0.0023464172536737895748316015925132
-0.99762362681096157758032429180797 0.0017219042078884712452196980337873
0.99762362681096157758032429180797 0.0017219042078884712452196980337873
-0.99903283475297643860266032210550 0.0010963927055869938280419300514486
0.99903283475297643860266032210550 0.0010963927055869938280419300514486
-0.99981641629776851715784633234528 0.00047112064849352396827759732459301
0.99981641629776851715784633234528 0.00047112064849352396827759732459301
