128
2
-0.012223698960615764198052119667407 0.024446180196262518211325852610626
0.012223698960615764198052119667407 0.024446180196262518211325852610626
-0.036663790968733493330215348789449 0.024431569097850045054848561428640
0.036663790968733493330215348789449 0.024431569097850045054848561428640
-0.061081969604139568103787023522318 0.024402355633849582093297989694203
0.061081969604139568103787023522318 0.024402355633849582093297989694203
-0.085463640504515498636498034460249 0.024358557264690625853268520246286
0.085463640504515498636498034460249 0.024358557264690625853268520246286
-0.10979423112764374667297466740118 0.024300200167971865323442606363843
0.10979423112764374667297466740118 0.024300200167971865323442606363843
-0.13405919946118778511757531726080 0.024227319222815248120093308441786
0.13405919946118778511757531726080 0.024227319222815248120093308441786
-0.15824404271422493399747545213947 0.024139957989019284997716653890466
0.15824404271422493399747545213947 0.024139957989019284997716653890466
-0.18233430598533718241038257486078 0.024038168681024052637587316819638
0.18233430598533718241038257486078 0.024038168681024052637587316819638
-0.20631559090207921715405801082795 0.023922012136703455672450408817072
0.20631559090207921715405801082795 0.023922012136703455672450408817072
-0.23017356422665998641098657721176 0.023791557781003400638780709885413
0.23017356422665998641098657721176 0.023791557781003400638780709885413
-0.25389396642269432085561799649566 0.023646883584447615143651392302866
0.25389396642269432085561799649566 0.023646883584447615143651392302866
-0.27746262017790440280623163407639 0.023488076016535913153025273281787
0.27746262017790440280623163407639 0.023488076016535913153025273281787
-0.30086543887767720266715409450699 0.023315229994062760122415671272798
0.30086543887767720266715409450699 0.023315229994062760122415671272798
-0.32408843502441337518325227916746 0.023128448824387027879297902402768
0.32408843502441337518325227916746 0.023128448824387027879297902402768
-0.34711772859763550842616277197145 0.022927844143686846920410987209321
0.34711772859763550842616277197145 0.022927844143686846920410987209321
-0.36993955534985902661659174116765 0.022713535850236461309712635922931
0.36993955534985902661659174116765 0.022713535850236461309712635922931
-0.39254027503326744273564818912230 0.022485652032744966871824603940588
0.39254027503326744273564818912230 0.022485652032744966871824603940588
-0.41490637955227501549227387924596 0.022244328893799765104629133607198
0.41490637955227501549227387924596 0.022244328893799765104629133607198
-0.43702450103710416293704294341726 0.021989710668460491434122106599161
0.43702450103710416293704294341726 0.021989710668460491434122106599161
-0.45888141983355219544908913042271 0.021721949538052075375260957767614
0.45888141983355219544908913042271 0.021721949538052075375260957767614
-0.48046407240417202585827570667104 0.021441205539208460137111853878017
0.48046407240417202585827570667104 0.021441205539208460137111853878017
-0.50175955913614446428960629334211 0.021147646468221348537019535180397
0.50175955913614446428960629334211 0.021147646468221348537019535180397
-0.52275515205117547845394793949584 0.020841447780751149113583948422898
0.52275515205117547845394793949584 0.020841447780751149113583948422898
-0.54343830241281036344419362717208 0.020522792486960069432284967788161
0.54343830241281036344419362717208 0.020522792486960069432284967788161
-0.56379664822661808391443077020811 0.020191871042130041180673158406118
0.56379664822661808391443077020811 0.020191871042130041180673158406118
-0.58381802162876308955003885728390 0.019848881232830862219944413264877
0.58381802162876308955003885728390 0.019848881232830862219944413264877
-0.60349045615854862420357319753077 0.019494028058706602823021918681216
0.60349045615854862420357319753077 0.019494028058706602823021918681216
-0.62280219391058491076153959864101 0.019127523609950945486518531667840
0.62280219391058491076153959864101 0.019127523609950945486518531667840
-0.64174169256230755715352491617732 0.018749586940544708650919548473845
0.64174169256230755715352491617732 0.018749586940544708650919548473845
-0.66029763227264605210594683479070 0.018360443937331343221289290991305
0.66029763227264605210594683479070 0.018360443937331343221289290991305
-0.67845892244771925936775565670475 0.017960327185008685940196927524968
0.67845892244771925936775565670475 0.017960327185008685940196927524968
-0.69621470836951433238508660241935 0.017549475827117704648706925634376
0.69621470836951433238508660241935 0.017549475827117704648706925634376
-0.71355437768358741334385991303085 0.017128135423111376830680987618846
0.71355437768358741334385991303085 0.017128135423111376830680987618846
-0.73046756674190880647173694295444 0.016696557801589204589091507953799
0.73046756674190880647173694295444 0.016696557801589204589091507953799
-0.74694416679706198116988242143449 0.016255000909785187051657456477058
0.74694416679706198116988242143449 0.016255000909785187051657456477058
-0.76297433004409472277976914348633 0.015803728659399346858965631687381
0.76297433004409472277976914348633 0.015803728659399346858965631687381
-0.77854847550641196685049406669929 0.015343010768865144085990853741437
0.77854847550641196685049406669929 0.015343010768865144085990853741437
-0.79365729476219329024333294669381 0.014873122602147314252385498520077
0.79365729476219329024333294669381 0.014873122602147314252385498520077
-0.80829175750791366011964224858142 0.014394345004166846176823892008536
0.80829175750791366011964224858142 0.014394345004166846176823892008536
-0.82244311695564384246459418585636 0.013906964132951985244288007395606
0.82244311695564384246459418585636 0.013906964132951985244288007395606
-0.83610291506090684711687530981391 0.013411271288616332314488951616165
0.83610291506090684711687530981391 0.013411271288616332314488951616165
-0.84926298757796896916360012899858 0.012907562739267347220442834003864
0.84926298757796896916360012899858 0.012907562739267347220442834003864
-0.86191546893954846059063227159507 0.012396139543950922968821728197324
0.86191546893954846059063227159507 0.012396139543950922968821728197324
-0.87405279695803179869541795483827 0.011877307372740279575891106925578
0.87405279695803179869541795483827 0.011877307372740279575891106925578
-0.88566771734539721740829242453244 0.011351376324080416693281668452537
0.88566771734539721740829242453244 0.011351376324080416693281668452537
-0.89675328804915818438644739762605 0.010818660739503076247659646277469
0.89675328804915818438644739762605 0.010818660739503076247659646277469
-0.90730288340175681392148594748914 0.010279479015832157133215340326385
0.90730288340175681392148594748914 0.010279479015832157133215340326385
-0.91731019808096053703648358014217 0.0097341534150068058635482660935589
0.91731019808096053703648358014217 0.0097341534150068058635482660935589
-0.92676925087894784333462451817459 0.0091830098716608743344787436884267
0.92676925087894784333462451817459 0.0091830098716608743344787436884267
-0.93567438827791637578312675480142 0.0086263777986167497049788437819684
0.93567438827791637578312675480142 0.0086263777986167497049788437819684
-0.94402028783022018212111141790049 0.0080645898904860579729285986978630
0.94402028783022018212111141790049 0.0080645898904860579729285986978630
-0.95180196134126438621779630159196 0.0074979819256347286876719626884702
0.95180196134126438621779630159196 0.0074979819256347286876719626884702
-0.95901475785369992809891854997313 0.0069268925668988135634266703603288
0.95901475785369992809891854997313 0.0069268925668988135634266703603288
-0.96565436643196526864582902658880 0.0063516631617071887872143278262313
0.96565436643196526864582902658880 0.0063516631617071887872143278262313
-0.97171681874713658090433836018322 0.0057726375428656985893346176260676
0.97171681874713658090433836018322 0.0057726375428656985893346176260676
-0.97719849146390738716537442652332 0.0051901618326763302050707671348495
0.97719849146390738716537442652332 0.0051901618326763302050707671348495
-0.98209610843571853602476562989160 0.0046045842567029551182905419802847
0.98209610843571853602476562989160 0.0046045842567029551182905419802847
-0.98640674272458620887123551924049 0.0040162549837386423131943434863031
0.98640674272458620887123551924049 0.0040162549837386423131943434863031
-0.99012781849173438333793031547197 0.0034255260409102157743377846601332
0.99012781849173438333793031547197 0.0034255260409102157743377846601332
-0.99325711290021293530343722108599 0.0028327514714579910952857346468191
0.99325711290021293530343722108599 0.0028327514714579910952857346468191
-0.99579275853498118686416120962055 0.0022382884309626187436220542727159
0.99579275853498118686416120962055 0.0022382884309626187436220542727159
-0.99773324862551401988215744334770 0.0016425030186690295387908755947981
0.99773324862551401988215744334770 0.0016425030186690295387908755947981
-0.99907745997737589501198775768354 0.0010458126793403487793128516001070
0.99907745997737589501198775768354 0.0010458126793403487793128516001070
-0.99982488794713191447360808298187 0.00044938096029209037639429223998872
0.99982488794713191447360808298187 0.00044938096029209037639429223998872
