122
2
-0.012822368957160015262448578905585 0.025643332354457921464524709191226
0.012822368957160015262448578905585 0.025643332354457921464524709191226
-0.038458674066954320753503566537612 0.025626467669791963853751446178164
0.038458674066954320753503566537612 0.025626467669791963853751446178164
-0.064069686309119634993447653931457 0.025592749391748481984600256991847
0.064069686309119634993447653931457 0.025592749391748481984600256991847
-0.089638562254749877126216287478734 0.025542199695610010004804241455177
0.089638562254749877126216287478734 0.025542199695610010004804241455177
-0.11514848618644545337814471256167 0.025474851826069315041678068579189
0.11514848618644545337814471256167 0.025474851826069315041678068579189
-0.14058268115739772015546951933990 0.025390750075365585572253641093265
0.14058268115739772015546951933990 0.025390750075365585572253641093265
-0.16592442002497545570703719767374 0.025289949754155055268088662899317
0.16592442002497545570703719767374 0.025289949754155055268088662899317
-0.19115703645155695694643354346255 0.025172517155135220000200716140899
0.19115703645155695694643354346255 0.025172517155135220000200716140899
-0.21626393586537291979779967515021 0.025038529509446571499927144007284
0.21626393586537291979779967515021 0.025038529509446571499927144007284
-0.24122860637415156141229370562152 0.024888074935880521265666994127140
0.24122860637415156141229370562152 0.024888074935880521265666994127140
-0.26603462962438848352095202356407 0.024721252382926919564797237477130
0.26603462962438848352095202356407 0.024721252382926919564797237477130
-0.29066569159909953765603203546785 0.024538171563699283699540562460702
0.29066569159909953765603203546785 0.024538171563699283699540562460702
-0.31510559334695541150098896249044 0.024338952883780533996197828839528
0.31510559334695541150098896249044 0.024338952883780533996197828839528
-0.33933826163574178465333435838055 0.024123727362036692168521027682810
0.33933826163574178465333435838055 0.024123727362036692168521027682810
-0.36334775952313867197900203427444 0.023892636544450621748933801073224
0.36334775952313867197900203427444 0.023892636544450621748933801073224
-0.38711829683786695083843676764750 0.023645832411032481150808394983617
0.38711829683786695083843676764750 0.023645832411032481150808394983617
-0.41063424056430901909874411440490 0.023383477275868113623422731213267
0.41063424056430901909874411440490 0.023383477275868113623422731213267
-0.43388012512377401535569900912943 0.023105743680371111921805871693658
0.43388012512377401535569900912943 0.023105743680371111921805871693658
-0.45684066254564600956741428992958 0.022812814279808766004730510939475
0.45684066254564600956741428992958 0.022812814279808766004730510939475
-0.47950075252172599682904177837792 0.022504881723176526603859203520594
0.47950075252172599682904177837792 0.022504881723176526603859203520594
-0.50184549233715535190667954538129 0.022182148526499993229649394255365
0.50184549233715535190667954538129 0.022182148526499993229649394255365
-0.52386018667138957719052061524838 0.021844826939647759302671786420237
0.52386018667138957719052061524838 0.021844826939647759302671786420237
-0.54553035726277664895229654978463 0.021493138806742716893276315972438
0.54553035726277664895229654978463 0.021493138806742716893276315972438
-0.56684175243038398053791705243598 0.021127315420263636364904518874012
0.56684175243038398053791705243598 0.021127315420263636364904518874012
-0.58778035644681191812249456930576 0.020747597368932989487212308571834
0.58778035644681191812249456930576 0.020747597368932989487212308571834
-0.60833239875582970412820476228659 0.020354234379491075872701578657707
0.60833239875582970412820476228659 0.020354234379491075872701578657707
-0.62848436302877192221292316654150 0.019947485152460539604758624247187
0.62848436302877192221292316654150 0.019947485152460539604758624247187
-0.64822299605373951054200176085834 0.019527617192009323576468000400726
0.64822299605373951054200176085834 0.019527617192009323576468000400726
-0.66753531645175942955887615957375 0.019094906630024001530413912430624
0.66753531645175942955887615957375 0.019094906630024001530413912430624
-0.68640862321417092773395968704565 0.018649638044509250637954544458733
0.68640862321417092773395968704565 0.018649638044509250637954544458733
-0.70483050405562399366526847372319 0.018192104272432979772197597451981
0.70483050405562399366526847372319 0.018192104272432979772197597451981
-0.72278884357719694474827738408538 0.017722606217140310270322866442416
0.72278884357719694474827738408538 0.017722606217140310270322866442416
-0.74027183123426511113279871484365 0.017241452650463217936711435396329
0.74027183123426511113279871484365 0.017241452650463217936711435396329
-0.75726796910388116032502841676150 0.016748960009656189991408785743377
0.75726796910388116032502841676150 0.016748960009656189991408785743377
-0.77376607944655970793938644730768 0.016245452189291733885055125814390
0.77376607944655970793938644730768 0.016245452189291733885055125814390
-0.78975531205749441624471092099115 0.015731260328253005655561975637753
0.78975531205749441624471092099115 0.015731260328253005655561975637753
-0.80522515140237474896265182161016 0.015206722591964219392696515664964
0.80522515140237474896265182161016 0.015206722591964219392696515664964
-0.82016542353311190321487771501247 0.014672183950002882163373406786696
0.82016542353311190321487771501247 0.014672183950002882163373406786696
-0.83456630277892918590982164005608 0.014127995949241312811402600913625
0.83456630277892918590982164005608 0.014127995949241312811402600913625
-0.84841831820842130557668242858658 0.013574516482668418471747287012288
0.84841831820842130557668242858658 0.013574516482668418471747287012288
-0.86171235985833986661427210708658 0.013012109554046436681897270723405
0.86171235985833986661427210708658 0.013012109554046436681897270723405
-0.87443968472501909047132448484291 0.012441145038561502906103027948189
0.87443968472501909047132448484291 0.012441145038561502906103027948189
-0.88659192251451702193838901126764 0.011861998439631818442066083542101
0.88659192251451702193838901126764 0.011861998439631818442066083542101
-0.89816108114771424817410262299262 0.011275050642043484185507044449963
0.89816108114771424817410262299262 0.011275050642043484185507044449963
-0.90913955201678633895978907209477 0.010680687661592844859917320505551
0.90913955201678633895978907209477 0.010680687661592844859917320505551
-0.91952011498965122890744825762952 0.010079300391427539913134143667177
0.91952011498965122890744825762952 0.010079300391427539913134143667177
-0.92929594315919496752306019274855 0.0094712843453004094390078447775881
0.92929594315919496752306019274855 0.0094712843453004094390078447775881
-0.93846060733431082202242742078829 0.0088570393979890280103297210021463
0.93846060733431082202242742078829 0.0088570393979890280103297210021463
-0.94700808027007167352331245291576 0.0082369695232057784465377533515455
0.94700808027007167352331245291576 0.0082369695232057784465377533515455
-0.95493274063474346854284993064613 0.0076114825294658160273715129189265
0.95493274063474346854284993064613 0.0076114825294658160273715129189265
-0.96222937671194480399025380560365 0.0069809897946776422542655339925541
0.96222937671194480399025380560365 0.0069809897946776422542655339925541
-0.96889318983730714723421554033296 0.0063459060008800182193905839790246
0.96889318983730714723421554033296 0.0063459060008800182193905839790246
-0.97491979757107975580200131022522 0.0057066488721108834266080360975415
0.97491979757107975580200131022522 0.0057066488721108834266080360975415
-0.98030523661278878578241265209107 0.0050636389223974485735033348475213
0.98030523661278878578241265209107 0.0050636389223974485735033348475213
-0.98504596547568776327393766499088 0.0044172992321285569610064358046099
0.98504596547568776327393766499088 0.0044172992321285569610064358046099
-0.98913886697130667376513745668114 0.0037680553067011941600129797028357
0.98913886697130667376513745668114 0.0037680553067011941600129797028357
-0.99258125065906859876586756632889 0.0031163352018386042948566752399366
0.99258125065906859876586756632889 0.0031163352018386042948566752399366
-0.99537085581684810165082265315711 0.0024625706812254887289872821824961
0.99537085581684810165082265315711 0.0024625706812254887289872821824961
-0.99750585744656739764391391785987 0.0018072035841884062263773369925574
0.99750585744656739764391391785987 0.0018072035841884062263773369925574
-0.99898489171704126806023063916626 0.0011507324338946798936183573160786
0.99898489171704126806023063916626 0.0011507324338946798936183573160786
-0.99980731468147926315758843822084 0.00049447687018516506090008925805471
0.99980731468147926315758843822084 0.00049447687018516506090008925805471
