45
2
0 0.069041824829232020110798555159405
-0.068986980163144172490414614103812 0.068877316977661322882002848298056
0.068986980163144172490414614103812 0.068877316977661322882002848298056
-0.13764520598325302875659004142307 0.068384577378669674531692099334316
0.13764520598325302875659004142307 0.068384577378669674531692099334316
-0.20564748978326374571978722547154 0.067565954163607536270910223873649
0.20564748978326374571978722547154 0.067565954163607536270910223873649
-0.27266976975237756060876539161565 0.066425348449842528082914715639104
0.27266976975237756060876539161565 0.066425348449842528082914715639104
-0.33839265425060216164340410003187 0.064968195750723430853826570359076
0.33839265425060216164340410003187 0.064968195750723430853826570359076
-0.40250294385854191407797450854835 0.063201440073819937749963730290667
0.40250294385854191407797450854835 0.063201440073819937749963730290667
-0.46469512391963509857960150230975 0.061133500831066522501886370536326
0.46469512391963509857960150230975 0.061133500831066522501886370536326
-0.52467282046291606709113410046016 0.058774232718841738574361517631831
0.52467282046291606709113410046016 0.058774232718841738574361517631831
-0.58215021256935318668096733444418 0.056134878759786476643923940374870
0.58215021256935318668096733444418 0.056134878759786476643923940374870
-0.63685339445322335927122384590338 0.053228016731268951945904044019310
0.63685339445322335927122384590338 0.053228016731268951945904044019310
-0.68852168077120052523201982588044 0.050067499237952029799132102474874
0.68852168077120052523201982588044 0.050067499237952029799132102474874
-0.73690884894549035262373884859489 0.046668387718373365267768475741654
0.73690884894549035262373884859489 0.046668387718373365267768475741654
-0.78178431259390629131236318809860 0.043046880709164971151691113081167
0.78178431259390629131236318809860 0.043046880709164971151691113081167
-0.82293422050208633703577526002650 0.039220236729302447564187185343929
0.82293422050208633703577526002650 0.039220236729302447564187185343929
-0.86016247596066422533907887056713 0.035206692201609016247699798261575
0.86016247596066422533907887056713 0.035206692201609016247699798261575
-0.89329167175324173846464905149306 0.031025374934515467162507938893768
0.89329167175324173846464905149306 0.031025374934515467162507938893768
-0.92216393671900038809746736096053 0.026696213967577664805674778793108
0.92216393671900038809746736096053 0.026696213967577664805674778793108
-0.94664169099562906178472059695384 0.022239847550578732393950758552169
0.94664169099562906178472059695384 0.022239847550578732393950758552169
-0.96660831039689460473642516089248 0.017677535257937590617092546669577
0.96660831039689460473642516089248 0.017677535257937590617092546669577
-0.98196871503454056823931847363434 0.013031104991582784320631082469687
0.98196871503454056823931847363434 0.013031104991582784320631082469687
-0.99264999844720374174861712059774 0.0083231892962182416457358531222339
0.99264999844720374174861712059774 0.0083231892962182416457358531222339
-0.99860364518193663815654767690082 0.0035826631552835589311430286593514
0.99860364518193663815654767690082 0.0035826631552835589311430286593514
