21
2
0 0.14608113364969042719198514768337
-0.14556185416089509093703098233869 0.14452440398997005906382716655375
0.14556185416089509093703098233869 0.14452440398997005906382716655375
-0.28802131680240109660079251606460 0.13988739479107315472213342386758
0.28802131680240109660079251606460 0.13988739479107315472213342386758
-0.42434212020743878357366888854379 0.13226893863333746178105257449678
0.42434212020743878357366888854379 0.13226893863333746178105257449678
-0.55161883588721980705901879672431 0.12183141605372853419536717712573
0.55161883588721980705901879672431 0.12183141605372853419536717712573
-0.66713880419741231930596666999034 0.10879729916714837766347457807011
0.66713880419741231930596666999034 0.10879729916714837766347457807011
-0.76843996347567790861587785130623 0.093444423456033861553289741113932
0.76843996347567790861587785130623 0.093444423456033861553289741113932
-0.85336336458331728364725063858757 0.076100113628379302017051653300183
0.85336336458331728364725063858757 0.076100113628379302017051653300183
-0.92009933415040082879018713371497 0.057134425426857208283635826472448
0.92009933415040082879018713371497 0.057134425426857208283635826472448
-0.96722683856630629431662221490770 0.036953789770852493799950668299330
0.96722683856630629431662221490770 0.036953789770852493799950668299330
-0.99375217062038950026024203593794 0.016017228257774333324224616858471
0.99375217062038950026024203593794 0.016017228257774333324224616858471
