29
2
0 0.10647938171831424424651112690968
-0.10627823013267923017098239243038 0.10587615509732094140659132785219
0.10627823013267923017098239243038 0.10587615509732094140659132785219
-0.21135228616600107450637572890294 0.10407331007772937391332847128512
0.21135228616600107450637572890294 0.10407331007772937391332847128512
-0.31403163786763993494819592319105 0.10109127375991496612182054690750
0.31403163786763993494819592319105 0.10109127375991496612182054690750
-0.41315288817400866389070658603162 0.096963834094408606301900074882689
0.41315288817400866389070658603162 0.096963834094408606301900074882689
-0.50759295512422764210262791962752 0.091737757139258763347966411077111
0.50759295512422764210262791962752 0.091737757139258763347966411077111
-0.59628179713822782037958621118899 0.085472257366172527545344849297208
0.59628179713822782037958621118899 0.085472257366172527545344849297208
-0.67821453760268651515618500539199 0.078238327135763783828144888659680
0.67821453760268651515618500539199 0.078238327135763783828144888659680
-0.75246285173447713391261007721214 0.070117933255051278569581486948879
0.75246285173447713391261007721214 0.070117933255051278569581486948879
-0.81818548761525244498957221457878 0.061203090657079138542109848023907
0.81818548761525244498957221457878 0.061203090657079138542109848023907
-0.87463780492010279041779342125658 0.051594826902497923912594381179543
0.87463780492010279041779342125658 0.051594826902497923912594381179543
-0.92118023295305878509375343608311 0.041402062518682836104830010114077
0.92118023295305878509375343608311 0.041402062518682836104830010114077
-0.95728559577808772579820803698082 0.030740492202093622644408525374617
0.95728559577808772579820803698082 0.030740492202093622644408525374617
-0.98254550526141317487092601578638 0.019732085056122705983859801640396
0.98254550526141317487092601578638 0.019732085056122705983859801640396
-0.99667944226059658616319153254935 0.0085169038787464096542638133022498
0.99667944226059658616319153254935 0.0085169038787464096542638133022498
