14
2
-0.10805494870734366206624465021983 0.21526385346315779019587644331626
0.10805494870734366206624465021983 0.21526385346315779019587644331626
-0.31911236892788976043567182416848 0.20519846372129560396592406566122
0.31911236892788976043567182416848 0.20519846372129560396592406566122
-0.51524863635815409196529071855119 0.18553839747793781374171659012516
0.51524863635815409196529071855119 0.18553839747793781374171659012516
-0.68729290481168547014801980301933 0.15720316715819353456960193862384
0.68729290481168547014801980301933 0.15720316715819353456960193862384
-0.82720131506976499318979474265039 0.12151857068790318468941480907248
0.82720131506976499318979474265039 0.12151857068790318468941480907248
-0.92843488366357351733639113937787 0.080158087159760209805633277062854
0.92843488366357351733639113937787 0.080158087159760209805633277062854
-0.98628380869681233884159726670405 0.035119460331751863031832876138192
0.98628380869681233884159726670405 0.035119460331751863031832876138192
