100
2
-0.015628984421543082872216699997429 0.031255423453863356947642474386198
0.015628984421543082872216699997429 0.031255423453863356947642474386198
-0.046871682421591631614923912933848 0.031224884254849357732376498648098
0.046871682421591631614923912933848 0.031224884254849357732376498648098
-0.078068582813436636694817371201553 0.031163835696209906783818321217187
0.078068582813436636694817371201553 0.031163835696209906783818321217187
-0.10918920358006111500342600657938 0.031072337427566516587810170242918
0.10918920358006111500342600657938 0.031072337427566516587810170242918
-0.14020313723611397320751460468241 0.030950478850490988234063463470748
0.14020313723611397320751460468241 0.030950478850490988234063463470748
-0.17108008053860327488753237470709 0.030798379031152590427713903030560
0.17108008053860327488753237470709 0.030798379031152590427713903030560
-0.20178986409573599723604885953040 0.030616186583980448496459443262053
0.20178986409573599723604885953040 0.030616186583980448496459443262053
-0.23230248184497396964950996320796 0.030404079526454820016507859818825
0.23230248184497396964950996320796 0.030404079526454820016507859818825
-0.26258812037150347916892933625498 0.030162265105169144919068681610479
0.26258812037150347916892933625498 0.030162265105169144919068681610479
-0.29261718803847196473755588823549 0.029890979593332830916836806668596
0.29261718803847196473755588823549 0.029890979593332830916836806668596
-0.32236034390052915172247658239833 0.029590488059912642511754510678837
0.32236034390052915172247658239833 0.029590488059912642511754510678837
-0.35178852637242172097234382954897 0.029261084110638276620119023495641
0.35178852637242172097234382954897 0.029261084110638276620119023495641
-0.38087298162462995676336254886959 0.028903089601125203134876228134515
0.38087298162462995676336254886959 0.028903089601125203134876228134515
-0.40958529167830154252886840005716 0.028516854322395097990936762864458
0.40958529167830154252886840005716 0.028516854322395097990936762864458
-0.43789740217203151310897804362220 0.028102755659101173317648330186995
0.43789740217203151310897804362220 0.028102755659101173317648330186995
-0.46578164977335804224921662339575 0.027661198220792388294204155870426
0.46578164977335804224921662339575 0.027661198220792388294204155870426
-0.49321078920819093356930879344933 0.027192613446576880136491567802171
0.49321078920819093356930879344933 0.027192613446576880136491567802171
-0.52015801988176305664681574945521 0.026697459183570962660384664186336
0.52015801988176305664681574945521 0.026697459183570962660384664186336
-0.54659701206509416746799425718175 0.026176219239545676342308741757302
0.54659701206509416746799425718175 0.026176219239545676342308741757302
-0.57250193262138119131687044352573 0.025629402910208116075642009862151
0.57250193262138119131687044352573 0.025629402910208116075642009862151
-0.59784747024717872126480654514934 0.025057544481579589703764225620923
0.59784747024717872126480654514934 0.025057544481579589703764225620923
-0.62260886020370777160419084517231 0.024461202707957052719975023349773
0.62260886020370777160419084517231 0.024461202707957052719975023349773
-0.64676190851412927983263030445863 0.023840960265968205962560411902283
0.64676190851412927983263030445863 0.023840960265968205962560411902283
-0.67028301560314101580258701432323 0.023197423185254121622488854182727
0.67028301560314101580258701432323 0.023197423185254121622488854182727
-0.69314919935580196594864794167544 0.022531220256336272701796970931674
0.69314919935580196594864794167544 0.022531220256336272701796970931674
-0.71533811757305644645996712270437 0.021843002416247386313953741304398
0.71533811757305644645996712270437 0.021843002416247386313953741304398
-0.73682808980202070551242771482010 0.021133442112527641542672300440970
0.73682808980202070551242771482010 0.021133442112527641542672300440970
-0.75759811851970717603566796443840 0.020403232646209432766838851657584
0.75759811851970717603566796443840 0.020403232646209432766838851657584
-0.77762790964949547562755138683449 0.019653087494435305865381470245444
0.77762790964949547562755138683449 0.019653087494435305865381470245444
-0.79689789239031447638957288218325 0.018883739613374904552941165881543
0.79689789239031447638957288218325 0.018883739613374904552941165881543
-0.81538923833917625439398875864926 0.018095940722128116664390751420493
0.81538923833917625439398875864926 0.018095940722128116664390751420493
-0.83308387988840082354291583384476 0.017290460568323582439344198366742
0.83308387988840082354291583384476 0.017290460568323582439344198366742
-0.84996452787959128429336259142010 0.016468086176145212643104980088211
0.84996452787959128429336259142010 0.016468086176145212643104980088211
-0.86601468849716462341073996967624 0.015629621077546002723936865953792
0.86601468849716462341073996967624 0.015629621077546002723936865953792
-0.88121867938501841557331682542781 0.014775884527441301768879987520354
0.88121867938501841557331682542781 0.014775884527441301768879987520354
-0.89556164497072698669852102243023 0.013907710703718772687954149108005
0.89556164497072698669852102243023 0.013907710703718772687954149108005
-0.90902957098252969046712633778915 0.013025947892971542285558583758902
0.90902957098252969046712633778915 0.013025947892971542285558583758902
-0.92160929814533395266695132848199 0.012131457662979497407744792448748
0.92160929814533395266695132848199 0.012131457662979497407744792448748
-0.93328853504307954592433366813086 0.011225114023185977117221573366334
0.93328853504307954592433366813086 0.011225114023185977117221573366334
-0.94405587013625597796277470641522 0.010307802574868969585782101727835
0.94405587013625597796277470641522 0.010307802574868969585782101727835
-0.95390078292549174284933693089436 0.0093804196536944579514182376608121
0.95390078292549174284933693089436 0.0093804196536944579514182376608121
-0.96281365425581552729365932603017 0.0084438714696689714026208349023010
0.96281365425581552729365932603017 0.0084438714696689714026208349023010
-0.97078577576370633193089785789751 0.0074990732554647115788287440163978
0.97078577576370633193089785789751 0.0074990732554647115788287440163978
-0.97780935848691828855378108842920 0.0065469484508453227641521033314953
0.97780935848691828855378108842920 0.0065469484508453227641521033314953
-0.98387754070605701549610015551101 0.0055884280038655151572119463484392
0.98387754070605701549610015551101 0.0055884280038655151572119463484392
-0.98898439524299174800441874580774 0.0046244500634221193510957890829785
0.98898439524299174800441874580774 0.0046244500634221193510957890829785
-0.99312493703744345965200989284878 0.0036559612013263751823424587275252
0.99312493703744345965200989284878 0.0036559612013263751823424587275252
-0.99629513473312514918613173224113 0.0026839253715534824194395904290011
0.99629513473312514918613173224113 0.0026839253715534824194395904290011
-0.99849195063959581840016335918635 0.0017093926535181052395293583714912
0.99849195063959581840016335918635 0.0017093926535181052395293583714912
-0.99971372677344123367822846934230 0.00073463449050567173040632065833034
0.99971372677344123367822846934230 0.00073463449050567173040632065833034
