126
2
-0.012416946171923206672782458620060 0.024832615944109514359649801722035
0.012416946171923206672782458620060 0.024832615944109514359649801722035
-0.037243180589678537652247217902880 0.024817300879123727308580972987478
0.037243180589678537652247217902880 0.024817300879123727308580972987478
-0.062046445952047586596584967604650 0.024786680194440594460055617671548
0.062046445952047586596584967604650 0.024786680194440594460055617671548
-0.086811445295483295447169977825867 0.024740772774811790583965501250753
0.086811445295483295447169977825867 0.024740772774811790583965501250753
-0.11152290525631145998036924949359 0.024679606932805401136744108396876
0.11152290525631145998036924949359 0.024679606932805401136744108396876
-0.13616558549030065510312530761597 0.024603220391344667415157794164098
0.13616558549030065510312530761597 0.024603220391344667415157794164098
-0.16072428807186802715238303617025 0.024511660260443068774168152893395
0.16072428807186802715238303617025 0.024511660260443068774168152893395
-0.18518386686712416654103237378404 0.024404983008150090358041452831272
0.18518386686712416654103237378404 0.024404983008150090358041452831272
-0.20952923687497640863444144196017 0.024283254425725595321318819303523
0.20952923687497640863444144196017 0.024283254425725595321318819303523
-0.23374538353052961047320249957278 0.024146549587064280003112309397330
0.23374538353052961047320249957278 0.024146549587064280003112309397330
-0.25781737196504670374211277495832 0.023994952802395236772389752029867
0.25781737196504670374211277495832 0.023994952802395236772389752029867
-0.28173035621675811589759751720703 0.023828557566285180100233256391301
0.28173035621675811589759751720703 0.023828557566285180100233256391301
-0.30546958838683946510253685642220 0.023647466499977404664688038073402
0.30546958838683946510253685642220 0.023647466499977404664688038073402
-0.32902042773491075190862469944330 0.023451791288102037793969548012310
0.32902042773491075190862469944330 0.023451791288102037793969548012310
-0.35236834970844757064773387838257 0.023241652609796620157394750419030
0.35236834970844757064773387838257 0.023241652609796620157394750419030
-0.37549895490053562328158272444927 0.023017180064279496188887974626514
0.37549895490053562328158272444927 0.023017180064279496188887974626514
-0.39839797793044401292658704207926 0.022778512090921917161174865197687
0.39839797793044401292658704207926 0.022778512090921917161174865197687
-0.42105129624154039622692781059223 0.022525795883868153025296889313026
0.42105129624154039622692781059223 0.022525795883868153025296889313026
-0.44344493881112205391861646618239 0.022259187301256272017320208678164
0.44344493881112205391861646618239 0.022259187301256272017320208678164
-0.46556509476679126597534344727567 0.021978850769095577564309956617463
0.46556509476679126597534344727567 0.021978850769095577564309956617463
-0.48739812190406101828376346700463 0.021684959179859988175092501259953
0.48739812190406101828376346700463 0.021684959179859988175092501259953
-0.50893055509993798648818553848738 0.021377693785859905790423795902990
0.50893055509993798648818553848738 0.021377693785859905790423795902990
-0.53014911461729390212946722039383 0.021057244087458339541453653635080
0.53014911461729390212946722039383 0.021057244087458339541453653635080
-0.55104071429490376720806916383818 0.020723807716200233118001771922326
0.55104071429490376720806916383818 0.020723807716200233118001771922326
-0.57159246961809990467298216846118 0.020377590312927083124539525170411
0.57159246961809990467298216846118 0.020377590312927083124539525170411
-0.59179170566506447109903416240791 0.020018805400952031111069535836512
0.59179170566506447109903416240791 0.020018805400952031111069535836512
-0.61162596492385976923479316926333 0.019647674254373661697109379679364
0.61162596492385976923479316926333 0.019647674254373661697109379679364
-0.63108301497537543578928919953922 0.019264425761609741750295611559485
0.63108301497537543578928919953922 0.019264425761609741750295611559485
-0.65015085603745429583954300415010 0.018869296284235089460520593155119
0.65015085603745429583954300415010 0.018869296284235089460520593155119
-0.66881772836554432025238035883244 0.018462529511210666068228624494837
0.66881772836554432025238035883244 0.018462529511210666068228624494837
-0.68707211950531264601102088805978 0.018044376308593835908165291419538
0.68707211950531264601102088805978 0.018044376308593835908165291419538
-0.70490277139274896991500186595340 0.017615094564822541605990455662634
0.70490277139274896991500186595340 0.017615094564822541605990455662634
-0.72229868729737975189423304719856 0.017174949031668890490909338426492
0.72229868729737975189423304719856 0.017174949031668890490909338426492
-0.73924913860431151336547686368791 0.016724211160960346047706257804926
0.73924913860431151336547686368791 0.016724211160960346047706257804926
-0.75574367143092103785747812643937 0.016263158937169366059142328709730
0.75574367143092103785747812643937 0.016263158937169366059142328709730
-0.77177211307411242700091824307566 0.015792076705974930093537099267443
0.77177211307411242700091824307566 0.015792076705974930093537099267443
-0.78732457828416569061010157232470 0.015311254998901958690986970420029
0.78732457828416569061010157232470 0.015311254998901958690986970420029
-0.80239147536130881791483871112535 0.014820990354147154258322456720189
0.80239147536130881791483871112535 0.014820990354147154258322456720189
-0.81696351207125506296663623981607 0.014321585133702304478360632900181
0.81696351207125506296663623981607 0.014321585133702304478360632900181
-0.83103170137605947533210076476350 0.013813347336888607667127692724883
0.83103170137605947533210076476350 0.013813347336888607667127692724883
-0.84458736697676354371848740616376 0.013296590410418146237668950564891
0.84458736697676354371848740616376 0.013296590410418146237668950564891
-0.85762214866441427359941174554761 0.012771633055101315487386446964059
0.85762214866441427359941174554761 0.012771633055101315487386446964059
-0.87012800747616425502514925817800 0.012238799029321920763004589839063
0.87012800747616425502514925817800 0.012238799029321920763004589839063
-0.88209723065328260371289607975795 0.011698416949404974020844414987973
0.88209723065328260371289607975795 0.011698416949404974020844414987973
-0.89352243639803363646116885541019 0.011150820087006275186202098622838
0.89352243639803363646116885541019 0.011150820087006275186202098622838
-0.90439657842651176680225144061640 0.010596346163658228998407838340648
0.90439657842651176680225144061640 0.010596346163658228998407838340648
-0.91471295031465915886610201175038 0.010035337142614068614990106365958
0.91471295031465915886610201175038 0.010035337142614068614990106365958
-0.92446518963484038552693574082547 0.0094681390181446876811499408051299
0.92446518963484038552693574082547 0.0094681390181446876811499408051299
-0.93364728188051168884633662118541 0.0088951016024624006207627276965793
0.93364728188051168884633662118541 0.0088951016024624006207627276965793
-0.94225356417671286312657511758138 0.0083165783104817263431901112498359
0.94225356417671286312657511758138 0.0083165783104817263431901112498359
-0.95027872877434984289071593444270 0.0077329259426945176723799956803157
0.95027872877434984289071593444270 0.0077329259426945176723799956803157
-0.95771782632657219285845929933024 0.0071445044665699330851820474933122
0.95771782632657219285845929933024 0.0071445044665699330851820474933122
-0.96456626894608188056362494288295 0.0065516767971682322152709006190369
0.96456626894608188056362494288295 0.0065516767971682322152709006190369
-0.97081983304316549989935030310286 0.0059548085782750182668704762213915
0.97081983304316549989935030310286 0.0059548085782750182668704762213915
-0.97647466194617296150068820212274 0.0053542679668269408445769667036665
0.97647466194617296150068820212274 0.0053542679668269408445769667036665
-0.98152726831051173242172069565155 0.0047504254271538848606656522149398
0.98152726831051173242172069565155 0.0047504254271538848606656522149398
-0.98597453633310039577560456668961 0.0041436535521327256912106031280751
0.98597453633310039577560456668961 0.0041436535521327256912106031280751
-0.98981372381973861002486742893011 0.0035343269617605101802685876149632
0.98981372381973861002486742893011 0.0035343269617605101802685876149632
-0.99304246425096804346945387594278 0.0029228224520372727619934144659786
0.99304246425096804346945387594278 0.0029228224520372727619934144659786
-0.99565876936792079253761792587944 0.0023095201121181941349386203931242
0.99565876936792079253761792587944 0.0023095201121181941349386203931242
-0.99766103463595898470827702791315 0.0016948093274012729468407337469421
0.99766103463595898470827702791315 0.0016948093274012729468407337469421
-0.99904806296756677197678347636125 0.0010791325186222900370870690409008
0.99904806296756677197678347636125 0.0010791325186222900370870690409008
-0.99981930723240322915662107923409 0.00046370202711216304566442059118392
0.99981930723240322915662107923409 0.00046370202711216304566442059118392
