52
2
-0.029914109797338766043680776070800 0.059810365745291860247785378811477
0.029914109797338766043680776070800 0.059810365745291860247785378811477
-0.089635244648900565488854691122399 0.059596260171248158258310878748415
0.089635244648900565488854691122399 0.059596260171248158258310878748415
-0.14903550860694918048863404001811 0.059168815466042970369332002394871
0.14903550860694918048863404001811 0.059168815466042970369332002394871
-0.20790226415636605968646612812235 0.058529561771813868550290598971624
0.20790226415636605968646612812235 0.058529561771813868550290598971624
-0.26602478360500182747297173059884 0.057680787452526827653931997663404
0.26602478360500182747297173059884 0.057680787452526827653931997663404
-0.32319500343480782550109906660145 0.056625530902368597190808240478370
0.32319500343480782550109906660145 0.056625530902368597190808240478370
-0.37920826911609366924668176693945 0.055367569669302652549041093451219
0.37920826911609366924668176693945 0.055367569669302652549041093451219
-0.43386406771876167030908656820978 0.053911406932757264750836824893800
0.43386406771876167030908656820978 0.053911406932757264750836824893800
-0.48696674569809607778245824134647 0.052262255383906993034394144426392
0.48696674569809607778245824134647 0.052262255383906993034394144426392
-0.53832620928582743837595116797536 0.050426018566342377218211254082859
0.53832620928582743837595116797536 0.050426018566342377218211254082859
-0.58775860497957906990202578155720 0.048409269744074896853960249286046
0.58775860497957906990202578155720 0.048409269744074896853960249286046
-0.63508697769524592429812457928881 0.046219228372784793507645705335285
0.63508697769524592429812457928881 0.046219228372784793507645705335285
-0.68014190422716770209223877973664 0.043863734259000407995129665578764
0.68014190422716770209223877973664 0.043863734259000407995129665578764
-0.72276209974998319367681667607194 0.041351219500560271679040286423955
0.72276209974998319367681667607194 0.041351219500560271679040286423955
-0.76279499519374496027921116308905 0.038690678310423978985101206740353
0.76279499519374496027921116308905 0.038690678310423978985101206740353
-0.80009728343046832433475875422581 0.035891634835097232941942393285281
0.80009728343046832433475875422581 0.035891634835097232941942393285281
-0.83453543232673453496172638962124 0.032964109089718797915010044778695
0.83453543232673453496172638962124 0.032964109089718797915010044778695
-0.86598616284606758524435851762421 0.029918581147143946641282068739971
0.86598616284606758524435851762421 0.029918581147143946641282068739971
-0.89433689053449532252084408826353 0.026765953746504013449493080286018
0.89433689053449532252084408826353 0.026765953746504013449493080286018
-0.91948612891642453989359637654188 0.023517513553984461590322519910055
0.91948612891642453989359637654188 0.023517513553984461590322519910055
-0.94134385364135905684357918385057 0.020184891507980792202989034209478
0.94134385364135905684357918385057 0.020184891507980792202989034209478
-0.95983182693308655253202515342507 0.016780023396300735677921536870520
0.95983182693308655253202515342507 0.016780023396300735677921536870520
-0.97488388422174450314070647039965 0.013315114982340960656600344477799
0.97488388422174450314070647039965 0.013315114982340960656600344477799
-0.98644619565154984064532285911840 0.0098026345794627520619511681166895
0.98644619565154984064532285911840 0.0098026345794627520619511681166895
-0.99447759092921602924504327179957 0.0062555239629732768997161021698145
0.99447759092921602924504327179957 0.0062555239629732768997161021698145
-0.99895111110395027809096144071659 0.0026913169500471111189521798688452
0.99895111110395027809096144071659 0.0026913169500471111189521798688452
