78
2
-0.020008403124517922952067431441558 0.040011465118420482988778588574396
0.020008403124517922952067431441558 0.040011465118420482988778588574396
-0.059993167722217693635874899911273 0.039947390369088024879304889575453
0.059993167722217693635874899911273 0.039947390369088024879304889575453
-0.099881858677728410528494653838650 0.039819343480364089225031755779218
0.099881858677728410528494653838650 0.039819343480364089225031755779218
-0.13961059785348359490927581788346 0.039627529507810542956393493219690
0.13961059785348359490927581788346 0.039627529507810542956393493219690
-0.17911576326028915156242293537363 0.039372255624233121937220264337310
0.17911576326028915156242293537363 0.039372255624233121937220264337310
-0.21833409094221197881368930671956 0.039053930627773413147311365491204
0.21833409094221197881368930671956 0.039053930627773413147311365491204
-0.25720277628811244298852314689067 0.038673064287257674003895558126995
0.25720277628811244298852314689067 0.038673064287257674003895558126995
-0.29565957460758014522295825188173 0.038230266525850987649620252617282
0.29565957460758014522295825188173 0.038230266525850987649620252617282
-0.33364290081021056078271890272972 0.037726246444324247864290147801820
0.33364290081021056078271890272972 0.037726246444324247864290147801820
-0.37109192802859627432572686293537 0.037161811185498386850670998037893
0.37109192802859627432572686293537 0.037161811185498386850670998037893
-0.40794668502709839164684905209899 0.036537864641684700648192350756318
0.40794668502709839164684905209899 0.036537864641684700648192350756318
-0.44414815224040860306726430694719 0.035855406007191695445005726783369
0.44414815224040860306726430694719 0.035855406007191695445005726783369
-0.47963835628810723968515039016464 0.035115528178217189474880055662283
0.47963835628810723968515039016464 0.035115528178217189474880055662283
-0.51436046281386405802189043659209 0.034319416002689090290291799626308
0.51436046281386405802189043659209 0.034319416002689090290291799626308
-0.54825886750061260874676928118021 0.033468344382858977972981441038415
0.54825886750061260874676928118021 0.033468344382858977972981441038415
-0.58127928511595175522152961814436 0.032563676233689044408055559902797
0.58127928511595175522152961814436 0.032563676233689044408055559902797
-0.61336883644518477679940916280324 0.031606860300304797738882756191676
0.61336883644518477679940916280324 0.031606860300304797738882756191676
-0.64447613297279285459309768135673 0.030599428838013045289433204144916
0.64447613297279285459309768135673 0.030599428838013045289433204144916
-0.67455135917675079032389436089343 0.029542995158606946411620071205602
0.67455135917675079032389436089343 0.029542995158606946411620071205602
-0.70354635230392377212056470442147 0.028439251046897516262390496186269
0.70354635230392377212056470442147 0.028439251046897516262390496186269
-0.73141467949883039749844538869453 0.027289964051624364864564237543323
0.73141467949883039749844538869453 0.027289964051624364864564237543323
-0.75811171216231531507040066554139 0.026096974655108835029833696180113
0.75811171216231531507040066554139 0.026096974655108835029833696180113
-0.78359469742114278707131774710290 0.024862193326222450761443443436846
0.78359469742114278707131774710290 0.024862193326222450761443443436846
-0.80782282659420168676865199043681 0.023587597461457472096451373515065
0.80782282659420168676865199043681 0.023587597461457472096451373515065
-0.83075730054591127273726781722832 0.022275228219113886763050474708122
0.83075730054591127273726781722832 0.022275228219113886763050474708122
-0.85236139182255770328600159406700 0.020927187251877726785378097643046
0.85236139182255770328600159406700 0.020927187251877726785378097643046
-0.87260050347272450493139189927177 0.019545633343399923377917872448914
0.87260050347272450493139189927177 0.019545633343399923377917872448914
-0.89144222445881857880855486176172 0.018132778954982328644406367807272
0.89144222445881857880855486176172 0.018132778954982328644406367807272
-0.90885638157318825820732625805102 0.016690886689343891866212360850871
0.90885638157318825820732625805102 0.016690886689343891866212360850871
-0.92481508778006377636032747810932 0.015222265680178451693315569764516
0.92481508778006377636032747810932 0.015222265680178451693315569764516
-0.93929278691494659307064714536868 0.013729267920144148393726727471052
0.93929278691494659307064714536868 0.013729267920144148393726727471052
-0.95226629468986336371721161691895 0.012214284549789886397682836293064
0.95226629468986336371721161691895 0.012214284549789886397682836293064
-0.96371483598675590155983986563815 0.010679742157481113353515913108223
0.96371483598675590155983986563815 0.010679742157481113353515913108223
-0.97362007850623644205991046354551 0.0091280992272550872769423553615881
0.97362007850623644205991046354551 0.0091280992272550872769423553615881
-0.98196616309955049778451782548979 0.0075618431894397188269781460128243
0.98196616309955049778451782548979 0.0075618431894397188269781460128243
-0.98873973209371743438456349702934 0.0059834899444404079896487378350982
0.98873973209371743438456349702934 0.0059834899444404079896487378350982
-0.99392996169448874318218980542381 0.0043955960394603467427381851807475
0.99392996169448874318218980542381 0.0043955960394603467427381851807475
-0.99752863837872436150229804003438 0.0028008688118386304116129563286265
0.99752863837872436150229804003438 0.0028008688118386304116129563286265
-0.99953079999242375951868996689215 0.0012040245660673532803298734514725
0.99953079999242375951868996689215 0.0012040245660673532803298734514725
