118
2
-0.013255159021578747448682156354746 0.026508765292137800500195062417402
0.013255159021578747448682156354746 0.026508765292137800500195062417402
-0.039756161213410692565461556029260 0.026490134680774855761179438179471
0.039756161213410692565461556029260 0.026490134680774855761179438179471
-0.066229222398534723065316353634321 0.026452886551819468489777881038282
0.066229222398534723065316353634321 0.026452886551819468489777881038282
-0.092655737058773198263313458587635 0.026397047083610222095360745378836
0.092655737058773198263313458587635 0.026397047083610222095360745378836
-0.11901713238928798500984435049702 0.026322655520655406856994767478890
0.11901713238928798500984435049702 0.026322655520655406856994767478890
-0.14529488135172400882154781936306 0.026229764146051623069915676315821
0.14529488135172400882154781936306 0.026229764146051623069915676315821
-0.17147051569518770533088012952840 0.026118438244738746535977018565583
0.17147051569518770533088012952840 0.026118438244738746535977018565583
-0.19752563893590911103659493826272 0.025988756057617081709708772045840
0.19752563893590911103659493826272 0.025988756057617081709708772045840
-0.22344193928646537050698990834553 0.025840808726558950130098549526500
0.22344193928646537050698990834553 0.025840808726558950130098549526500
-0.24920120252547888673325960222366 0.025674700230353361451826215599964
0.24920120252547888673325960222366 0.025674700230353361451826215599964
-0.27478532479874517737087079817165 0.025490547311628786949801091584638
0.27478532479874517737087079817165 0.025490547311628786949801091584638
-0.30017632534279369278342255073623 0.025288479394805396340078944935757
0.30017632534279369278342255073623 0.025288479394805396340078944935757
-0.32535635912193936830168387749377 0.025068638495134423696303411681151
0.32535635912193936830168387749377 0.025068638495134423696303411681151
-0.35030772936994348468811319791121 0.024831179118888592730659517252148
0.35030772936994348468811319791121 0.024831179118888592730659517252148
-0.37501290002746945481520250687083 0.024576268154773751372471661222911
0.37501290002746945481520250687083 0.024576268154773751372471661222911
-0.39945450806659239402480221593362 0.024304084756638036074940191010838
0.39945450806659239402480221593362 0.024304084756638036074940191010838
-0.42361537569370071521583848487490 0.024014820217561003313775378842968
0.42361537569370071521583848487490 0.024014820217561003313775378842968
-0.44747852242221346181731463012715 0.023708677835411225063310803736509
0.44747852242221346181731463012715 0.023708677835411225063310803736509
-0.47102717700662859263061799693263 0.023385872769966842456039542361770
0.47102717700662859263061799693263 0.023385872769966842456039542361770
-0.49424478922951489810066460822167 0.023046631891699503226715283043963
0.49424478922951489810066460822167 0.023046631891699503226715283043963
-0.51711504153316358984409917976952 0.022691193622327969866155296346963
0.51711504153316358984409917976952 0.022691193622327969866155296346963
-0.53962186048772479216816498930011 0.022319807767253472709007036530960
0.53962186048772479216816498930011 0.022319807767253472709007036530960
-0.56174942808776909989993956375180 0.021932735339994591612313598705367
0.56174942808776909989993956375180 0.021932735339994591612313598705367
-0.58348219286933497138145717559951 0.021530248378745077744802980767805
0.58348219286933497138145717559951 0.021530248378745077744802980767805
-0.60480488083964891562229853722850 0.021112629755183569773564442249259
0.60480488083964891562229853722850 0.021112629755183569773564442249259
-0.62570250621183712157043328783599 0.020680172975669613107379892805321
0.62570250621183712157043328783599 0.020680172975669613107379892805321
-0.64616038193708427534478832161442 0.020233181974965753842381521343641
0.64616038193708427534478832161442 0.020233181974965753842381521343641
-0.66616413002683772535525070006709 0.019771970902630748082049883049783
0.66616413002683772535525070006709 0.019771970902630748082049883049783
-0.68569969165780279050574917824837 0.019296863902234100381787993622373
0.68569969165780279050574917824837 0.019296863902234100381787993622373
-0.70475333705262776652751652569319 0.018808194883547221049374860015258
0.70475333705262776652751652569319 0.018808194883547221049374860015258
-0.72331167512933497274118803140045 0.018306307287871470994560986147454
0.72331167512933497274118803140045 0.018306307287871470994560986147454
-0.74136166291271689994756228071544 0.017791553846668246672157337157085
0.74136166291271689994756228071544 0.017791553846668246672157337157085
-0.75889061470108407664733081795084 0.017264296333661051092749768464391
0.75889061470108407664733081795084 0.017264296333661051092749768464391
-0.77588621098192357902203585591400 0.016724905310584208877369088843175
0.77588621098192357902203585591400 0.016724905310584208877369088843175
-0.79233650709020409582774149226083 0.016173759866757529682283619342696
0.79233650709020409582774149226083 0.016173759866757529682283619342696
-0.80822994160324506909560665127361 0.015611247352670831672887194049839
0.80822994160324506909560665127361 0.015611247352670831672887194049839
-0.82355534446625364664471349462005 0.015037763107766849520773061043522
0.82355534446625364664471349462005 0.015037763107766849520773061043522
-0.83830194484282404221669499102509 0.014453710182615743714070411937853
0.83830194484282404221669499102509 0.014453710182615743714070411937853
-0.85245937868488953988922212935519 0.013859499055679324308873129510926
0.85245937868488953988922212935519 0.013859499055679324308873129510926
-0.86601769601681810190770177943796 0.013255547344868414790069436977392
0.86601769601681810190770177943796 0.013255547344868414790069436977392
-0.87896736792854892640625327171174 0.012642279514102878743007685382101
0.87896736792854892640625327171174 0.012642279514102878743007685382101
-0.89129929327288043322244377434063 0.012020126575091366997467381436611
0.89129929327288043322244377434063 0.012020126575091366997467381436611
-0.90300480506224200436688890557119 0.011389525784558004801211986770662
0.90300480506224200436688890557119 0.011389525784558004801211986770662
-0.91407567656051599253055586690879 0.010750920337158253642044349562899
0.91407567656051599253055586690879 0.010750920337158253642044349562899
-0.92450412706572980109435482781950 0.010104759054350354564138496888373
0.92450412706572980109435482781950 0.010104759054350354564138496888373
-0.93428282737972319403848937471488 0.0094514960695307145622227937089053
0.93428282737972319403848937471488 0.0094514960695307145622227937089053
-0.94340490496123907269525172301434 0.0087915905098193327967204371667527
0.94340490496123907269525172301434 0.0087915905098193327967204371667527
-0.95186394875933958811956935387712 0.0081255061750341884873500675815211
0.95186394875933958811956935387712 0.0081255061750341884873500675815211
-0.95965401372472755681012383018737 0.0074537112147118677036170206908521
0.95965401372472755681012383018737 0.0074537112147118677036170206908521
-0.96676962499771494520433067127812 0.0067766778047364948288971898761253
0.96676962499771494520433067127812 0.0067766778047364948288971898761253
-0.97320578177385404993946665881350 0.0060948818268086982454606590325208
0.97320578177385404993946665881350 0.0060948818268086982454606590325208
-0.97895796085327404108145797823183 0.0054088025582651508863388046291702
0.97895796085327404108145797823183 0.0054088025582651508863388046291702
-0.98402211989223324993234606649510 0.0047189223918054129328496976380327
0.98402211989223324993234606649510 0.0047189223918054129328496976380327
-0.98839470041024582818180953440012 0.0040257266427600877365405698932078
0.98839470041024582818180953440012 0.0040257266427600877365405698932078
-0.99207263071803081733689224701576 0.0033297036409996474938530324792533
0.99207263071803081733689224701576 0.0033297036409996474938530324792533
-0.99505332936000259055491529620327 0.0026313459257351678913614244742466
0.99505332936000259055491529620327 0.0026313459257351678913614244742466
-0.99733471175772137786496889755901 0.0019311570077891656909879737554635
0.99733471175772137786496889755901 0.0019311570077891656909879737554635
-0.99891521758231650851315136134158 0.0012297011347328742300995672692070
0.99891521758231650851315136134158 0.0012297011347328742300995672692070
-0.99979408737319030944965798531033 0.00052842015948947044608937063379571
0.99979408737319030944965798531033 0.00052842015948947044608937063379571
