96
2
-0.016276744849602969579134563695238 0.032550614492363166241961418297286
0.016276744849602969579134563695238 0.032550614492363166241961418297286
-0.048812985136049731111958204261275 0.032516118713868835987205491447778
0.048812985136049731111958204261275 0.032516118713868835987205491447778
-0.081297495464425558994471262974753 0.032447163714064269364012788448846
0.081297495464425558994471262974753 0.032447163714064269364012788448846
-0.11369585011066592091120809541433 0.032343822568575928428774838828943
0.11369585011066592091120809541433 0.032343822568575928428774838828943
-0.14597371465489694198910733334333 0.032206204794030250668667114557233
0.14597371465489694198910733334333 0.032206204794030250668667114557233
-0.17809688236761860275940262517649 0.032034456231992663218138977470211
0.17809688236761860275940262517649 0.032034456231992663218138977470211
-0.21003131046056720360284718571230 0.031828758894411006534753739885532
0.21003131046056720360284718571230 0.031828758894411006534753739885532
-0.24174315616384001232793190374063 0.031589330770727168558020746169964
0.24174315616384001232793190374063 0.031589330770727168558020746169964
-0.27319881259104914148727215572456 0.031316425596861355812784266715063
0.27319881259104914148727215572456 0.031316425596861355812784266715063
-0.30436494435449635302392977929520 0.031010332586313837423249779970633
0.30436494435449635302392977929520 0.031010332586313837423249779970633
-0.33520852289262542261632562480563 0.030671376123669149014228830356204
0.33520852289262542261632562480563 0.030671376123669149014228830356204
-0.36569686147231363503089559399547 0.030299915420827593794088764206501
0.36569686147231363503089559399547 0.030299915420827593794088764206501
-0.39579764982890860328500024313516 0.029896344136328385984388075794400
0.39579764982890860328500024313516 0.029896344136328385984388075794400
-0.42547898840730054536481920357000 0.029461089958167905970436332182858
0.42547898840730054536481920357000 0.029461089958167905970436332182858
-0.45470942216774300863567614808631 0.028994614150555236542678781279682
0.45470942216774300863567614808631 0.028994614150555236542678781279682
-0.48345797392059635976840560936390 0.028497411065085385645599512945806
0.48345797392059635976840560936390 0.028497411065085385645599512945806
-0.51169417715466767358550974542885 0.027970007616848334439818576589023
0.51169417715466767358550974542885 0.027970007616848334439818576589023
-0.53938810832435743622680259732556 0.027412962726029242823421087489091
0.53938810832435743622680259732556 0.027412962726029242823421087489091
-0.56651041856139716840425019508346 0.026826866725591762198056728714157
0.56651041856139716840425019508346 0.026826866725591762198056728714157
-0.59303236477757208068355575504376 0.026212340735672413913457963964463
0.59303236477757208068355575504376 0.026212340735672413913457963964463
-0.61892584012546857038636928698786 0.025570036005349361498797167943600
0.61892584012546857038636928698786 0.025570036005349361498797167943600
-0.64416340378496710679841235006330 0.024900633222483610288382180868333
0.64416340378496710679841235006330 0.024900633222483610288382180868333
-0.66871831004391615395255720757277 0.024204841792364691282267337872677
0.66871831004391615395255720757277 0.024204841792364691282267337872677
-0.69256453664217156134424576981824 0.023483399085926219842235932667613
0.69256453664217156134424576981824 0.023483399085926219842235932667613
-0.71567681234896762622514414805762 0.022737069658329374001347841977490
0.71567681234896762622514414805762 0.022737069658329374001347841977490
-0.73803064374440013285116573109650 0.021966644438744349194756386801562
0.73803064374440013285116573109650 0.021966644438744349194756386801562
-0.75960234117664749870297044111962 0.021172939892191298987673867191004
0.75960234117664749870297044111962 0.021172939892191298987673867191004
-0.78036904386743321760360445588932 0.020356797154333324595245215417272
0.78036904386743321760360445588932 0.020356797154333324595245215417272
-0.80030874413914081722879614397133 0.019519081140145022410085220281205
0.80030874413914081722879614397133 0.019519081140145022410085220281205
-0.81940031073793167553899962422448 0.018660679627411467385156758622132
0.81940031073793167553899962422448 0.018660679627411467385156758622132
-0.83762351122818712149430281676469 0.017782502316045260837614226486071
0.83762351122818712149430281676469 0.017782502316045260837614226486071
-0.85495903343460145546278696989357 0.016885479864245172450477540606862
0.85495903343460145546278696989357 0.016885479864245172450477540606862
-0.87138850590929650287377476449304 0.015970562902562291380616456791493
0.87138850590929650287377476449304 0.015970562902562291380616456791493
-0.88689451740242041605687743339379 0.015038721026994938005876275222098
0.88689451740242041605687743339379 0.015038721026994938005876275222098
-0.90146063531585234131923269730969 0.014090941772314860915861624724637
0.90146063531585234131923269730969 0.014090941772314860915861624724637
-0.91507142312089807420588446615042 0.013128229566961572637063666902599
0.91507142312089807420588446615042 0.013128229566961572637063666902599
-0.92771245672230869096469047269655 0.012151604671088319635181352736667
0.92771245672230869096469047269655 0.012151604671088319635181352736667
-0.93937033975275521693185737943162 0.011162102099838498591213263828562
0.93937033975275521693185737943162 0.011162102099838498591213263828562
-0.95003271778443763575609894844386 0.010160770535008415757587636953825
0.95003271778443763575609894844386 0.010160770535008415757587636953825
-0.95968829144874253930006802588473 0.0091486712307833866325846026652079
0.95968829144874253930006802588473 0.0091486712307833866325846026652079
-0.96832682846326421217365936644365 0.0081268769256987592173824277078559
0.96832682846326421217365936644365 0.0081268769256987592173824277078559
-0.97593917458513646645260103424188 0.0070964707911538652691441608121434
0.97593917458513646645260103424188 0.0070964707911538652691441608121434
-0.98251726356301467744704583188255 0.0060585455042359616833167420317291
0.98251726356301467744704583188255 0.0060585455042359616833167420317291
-0.98805412632962379948076277241845 0.0050142027429275176924701949690309
0.98805412632962379948076277241845 0.0050142027429275176924701949690309
-0.99254390032376262457189229770160 0.0039645543384446866737334157674197
0.99254390032376262457189229770160 0.0039645543384446866737334157674197
-0.99598184298720929065039908487936 0.0029107318179349464084106179894007
0.99598184298720929065039908487936 0.0029107318179349464084106179894007
-0.99836437586318167772414943952672 0.0018539607889469217323359253508939
0.99836437586318167772414943952672 0.0018539607889469217323359253508939
-0.99968950388323076682769010578437 0.00079679206555201242943814349694357
0.99968950388323076682769010578437 0.00079679206555201242943814349694357
