48
2
-0.032380170962869362033322243152134 0.064737696812683922503024938736592
0.032380170962869362033322243152134 0.064737696812683922503024938736592
-0.097004699209462698930053955853625 0.064466164435950082206504193657705
0.097004699209462698930053955853625 0.064466164435950082206504193657705
-0.16122235606889171805643739078350 0.063924238584648186623906201825515
0.16122235606889171805643739078350 0.063924238584648186623906201825515
-0.22476379039468906122486544017469 0.063114192286254025657126022750233
0.22476379039468906122486544017469 0.063114192286254025657126022750233
-0.28736248735545557673588646131680 0.062039423159892663904197784137599
0.28736248735545557673588646131680 0.062039423159892663904197784137599
-0.34875588629216073815981793727041 0.060704439165893880052969232027820
0.34875588629216073815981793727041 0.060704439165893880052969232027820
-0.40868648199071672991622549581463 0.059114839698395635746474817433520
0.40868648199071672991622549581463 0.059114839698395635746474817433520
-0.46690290475095840454492886165080 0.057277292100403215705150234684701
0.46690290475095840454492886165080 0.057277292100403215705150234684701
-0.52316097472223303367822586913751 0.055199503699984162868203495191635
0.52316097472223303367822586913751 0.055199503699984162868203495191635
-0.57722472608397270381780923854048 0.052890189485193667095505056264699
0.57722472608397270381780923854048 0.052890189485193667095505056264699
-0.62886739677651362399516493306999 0.050359035553854474957807619087866
0.62886739677651362399516493306999 0.050359035553854474957807619087866
-0.67787237963266390521185128067591 0.047616658492490474825906623478930
0.67787237963266390521185128067591 0.047616658492490474825906623478930
-0.72403413092381465467448223349367 0.044674560856694280419448587125850
0.72403413092381465467448223349367 0.044674560856694280419448587125850
-0.76715903251574033925385543752297 0.041545082943464749214058822361065
0.76715903251574033925385543752297 0.041545082943464749214058822361065
-0.80706620402944262708255304302454 0.038241351065830706317217256523716
0.80706620402944262708255304302454 0.038241351065830706317217256523716
-0.84358826162439353071108984451966 0.034777222564770438892548585963802
0.84358826162439353071108984451966 0.034777222564770438892548585963802
-0.87657202027424788590569355480510 0.031167227832798088902065756846354
0.87657202027424788590569355480510 0.031167227832798088902065756846354
-0.90587913671556967282207483567101 0.027426509708356948200073836262506
0.90587913671556967282207483567101 0.027426509708356948200073836262506
-0.93138669070655433311417438010160 0.023570760839324379140519301378449
0.93138669070655433311417438010160 0.023570760839324379140519301378449
-0.95298770316043086072296066602572 0.019616160457355527814460719652213
0.95298770316043086072296066602572 0.019616160457355527814460719652213
-0.97059159254624725046141198380066 0.015579315722943848728176955834460
0.97059159254624725046141198380066 0.015579315722943848728176955834460
-0.98412458372282685774458360002660 0.011477234579234539489592667609092
0.98412458372282685774458360002660 0.011477234579234539489592667609092
-0.99353017226635075754792875084907 0.0073275539012762621023839796217866
0.99353017226635075754792875084907 0.0073275539012762621023839796217866
-0.99877100725242611860054149156311 0.0031533460523058386326773115438915
0.99877100725242611860054149156311 0.0031533460523058386326773115438915
