60
2
-0.025959772301247798589170385400345 0.051907877631220639732864938362270
0.025959772301247798589170385400345 0.051907877631220639732864938362270
-0.077809333949536569419285507082225 0.051767943174910187543803643028824
0.077809333949536569419285507082225 0.051767943174910187543803643028824
-0.12944913539694500314644416464958 0.051488451500980933995044397177054
0.12944913539694500314644416464958 0.051488451500980933995044397177054
-0.18073996487342541724087694126185 0.051070156069855627404549120734491
0.18073996487342541724087694126185 0.051070156069855627404549120734491
-0.23154355137602933801034463134676 0.050514184532509374598238735741654
0.23154355137602933801034463134676 0.050514184532509374598238735741654
-0.28172293742326169169069486033944 0.049822035690550181011159230893703
0.28172293742326169169069486033944 0.049822035690550181011159230893703
-0.33114284826844819425235296535055 0.048995575455756835389475686857894
0.33114284826844819425235296535055 0.048995575455756835389475686857894
-0.37967005657679797715495267052189 0.048037031819971180963666652728734
0.37967005657679797715495267052189 0.048037031819971180963666652728734
-0.42717374158307838930745285353031 0.046948988848912204847013156394702
0.42717374158307838930745285353031 0.046948988848912204847013156394702
-0.47352584176170711110816305375279 0.045734379716114486647196455290909
0.47352584176170711110816305375279 0.045734379716114486647196455290909
-0.51860140005856974741788934848472 0.044396478795787113327784164091377
0.51860140005856974741788934848472 0.044396478795787113327784164091377
-0.56227890075394453917827258748600 0.042938892835935641954231220656383
0.56227890075394453917827258748600 0.042938892835935641954231220656383
-0.60444059704851036344420877631120 0.041365551235584755613163836806659
0.60444059704851036344420877631120 0.041365551235584755613163836806659
-0.64497282848947706781344789642044 0.039680695452380799470122834811710
0.64497282848947706781344789642044 0.039680695452380799470122834811710
-0.68376632738135543722293023922430 0.037888867569243444030940794209276
0.68376632738135543722293023922430 0.037888867569243444030940794209276
-0.72071651335573039943602106101352 0.035994898051084503066578646288062
0.72071651335573039943602106101352 0.035994898051084503066578646288062
-0.75572377530658568686884206660237 0.034003892724946422834914401555259
0.75572377530658568686884206660237 0.034003892724946422834914401555259
-0.78869373993226405456994479977722 0.031921219019296328949458899536760
0.78869373993226405456994479977722 0.031921219019296328949458899536760
-0.81953752616214575936851810851972 0.029752491500788945240836484673488
0.81953752616214575936851810851972 0.029752491500788945240836484673488
-0.84817198478592963249051549499438 0.027503556749924791635223197638622
0.84817198478592963249051549499438 0.027503556749924791635223197638622
-0.87451992264689831512930809991244 0.025180477621521248379570965972361
0.87451992264689831512930809991244 0.025180477621521248379570965972361
-0.89851031081004594193778932957263 0.022789516943997819863783458192900
0.89851031081004594193778932957263 0.022789516943997819863783458192900
-0.92007847617762755285665686251990 0.020337120729457286775032147417106
0.92007847617762755285665686251990 0.020337120729457286775032147417106
-0.93916627611642324949541901160971 0.017829901014207720260396261248349
0.93916627611642324949541901160971 0.017829901014207720260396261248349
-0.95572225583999610739723184582970 0.015274618596784799306726038098825
0.95572225583999610739723184582970 0.015274618596784799306726038098825
-0.96970178876505273372154409891379 0.012678166476815960131495379269514
0.96970178876505273372154409891379 0.012678166476815960131495379269514
-0.98106720175259818561857679982677 0.010047557182287984357885764377057
0.98106720175259818561857679982677 0.010047557182287984357885764377057
-0.98978789522222171736727898701610 0.0073899311633454555315169560220861
0.98978789522222171736727898701610 0.0073899311633454555315169560220861
-0.99584052511883817387674671337744 0.0047127299269535686408948217140772
0.99584052511883817387674671337744 0.0047127299269535686408948217140772
-0.99921012322743602203422958579765 0.0020268119688737584964317102098923
0.99921012322743602203422958579765 0.0020268119688737584964317102098923
