124
2
-0.012616401494663604854791202203404 0.025231464083901559266284230562561
0.012616401494663604854791202203404 0.025231464083901559266284230562561
-0.037841171562943239014531335984804 0.025215399094293689438780038329983
0.037841171562943239014531335984804 0.025215399094293689438780038329983
-0.063041847982678155861759882907688 0.025183279343731186110164336685720
0.063041847982678155861759882907688 0.025183279343731186110164336685720
-0.088202385366908754923187532607284 0.025135125283007894087402821551876
0.088202385366908754923187532607284 0.025135125283007894087402821551876
-0.11330676388538512225542474586828 0.025070967572037157652841854159324
0.11330676388538512225542474586828 0.025070967572037157652841854159324
-0.13833899946446710802388044014341 0.024990847060330521134580817219640
0.13833899946446710802388044014341 0.024990847060330521134580817219640
-0.16328315396425801614165301227477 0.024894814760988668561710180987056
0.16328315396425801614165301227477 0.024894814760988668561710180987056
-0.18812334532649208140160703862806 0.024782931818221162781361416539935
0.18812334532649208140160703862806 0.024782931818221162781361416539935
-0.21284375768671453106575196010531 0.024655269468415664748231919407117
0.21284375768671453106575196010531 0.024655269468415664748231919407117
-0.23742865144431576338169751236952 0.024511908994781420877032099236782
0.23742865144431576338169751236952 0.024511908994781420877032099236782
-0.26186237328400801051611406077681 0.024352941675595897763203038508205
0.26186237328400801051611406077681 0.024352941675595897763203038508205
-0.28612936614236377086389727982008 0.024178468726087516627267397446056
0.28612936614236377086389727982008 0.024178468726087516627267397446056
-0.31021417911307027594952511464463 0.023988601233991491936190491494255
0.31021417911307027594952511464463 0.023988601233991491936190491494255
-0.33410147728459327794447129400554 0.023783460088819807228943124299973
0.33410147728459327794447129400554 0.023783460088819807228943124299973
-0.35777605150398648037821287698674 0.023563175904890363667914586289338
0.35777605150398648037821287698674 0.023563175904890363667914586289338
-0.38122282806062995957135066683060 0.023327888938164310717079472332216
0.38122282806062995957135066683060 0.023327888938164310717079472332216
-0.40442687828373190779349600792208 0.023077748996944511097819842974102
0.40442687828373190779349600792208 0.023077748996944511097819842974102
-0.42737342804748293876968080467579 0.022812915346492001304527339860255
0.42737342804748293876968080467579 0.022812915346492001304527339860255
-0.45004786717781099707497314615166 0.022533556607621182012713735336311
0.45004786717781099707497314615166 0.022533556607621182012713735336311
-0.47243575875474756786907610333287 0.022239850649338307251841546851478
0.47243575875474756786907610333287 0.022239850649338307251841546851478
-0.49452284830448235261927254826186 0.021931984475591634848709897367488
0.49452284830448235261927254826186 0.021931984475591634848709897367488
-0.51629507287525381785484428130519 0.021610154106205351021494140036286
0.51629507287525381785484428130519 0.021610154106205351021494140036286
-0.53773856999129699317267566618211 0.021274564452073086814150725950326
0.53773856999129699317267566618211 0.021274564452073086814150725950326
-0.55883968647914754497828575315849 0.020925429184690501057889208331351
0.55883968647914754497828575315849 0.020925429184690501057889208331351
-0.57958498716068243489075442072944 0.020562970600110011552303746585817
0.57958498716068243489075442072944 0.020562970600110011552303746585817
-0.59996126340736233531861667262841 0.020187419477404311081187375204162
0.59996126340736233531861667262841 0.020187419477404311081187375204162
-0.61995554155022936634148409175235 0.019799014931728805733899859798683
0.61995554155022936634148409175235 0.019799014931728805733899859798683
-0.63955509114030558270821152176975 0.019398004262076557951227099641371
0.63955509114030558270821152176975 0.019398004262076557951227099641371
-0.65874743305413292073472215271991 0.018984642793822704102619875333908
0.65874743305413292073472215271991 0.018984642793822704102619875333908
-0.67752034743929395387041820639534 0.018559193716158644834392740556403
0.67752034743929395387041820639534 0.018559193716158644834392740556403
-0.69586188149485474319244645312627 0.018121927914519574868802622561464
0.69586188149485474319244645312627 0.018121927914519574868802622561464
-0.71376035708177624477500490207409 0.017673123798112126853630306585703
0.71376035708177624477500490207409 0.017673123798112126853630306585703
-0.73120437815844908927646232664146 0.017213067122652051469871758853623
0.73120437815844908927646232664146 0.017213067122652051469871758853623
-0.74818283803661802041725430066721 0.016742050808424944598053796355458
0.74818283803661802041725430066721 0.016742050808424944598053796355458
-0.76468492645307681057020079176761 0.016260374753786064851283515075438
0.76468492645307681057020079176761 0.016260374753786064851283515075438
-0.78070013645263200982324836555087 0.015768345644218266628994748912209
0.78070013645263200982324836555087 0.015768345644218266628994748912209
-0.79621827107795438318953619724163 0.015266276757070014325490245453272
0.79621827107795438318953619724163 0.015266276757070014325490245453272
-0.81122944986206031483569190741693 0.014754487762098357853638618183116
0.81122944986206031483569190741693 0.014754487762098357853638618183116
-0.82572411511929179391289865708845 0.014233304517944663456305020711644
0.82572411511929179391289865708845 0.014233304517944663456305020711644
-0.83969303803079286205467875232249 0.013703058864673848197698965582521
0.83969303803079286205467875232249 0.013703058864673848197698965582521
-0.85312732452061266967150249546763 0.013164088412510929696007368615512
0.85312732452061266967150249546763 0.013164088412510929696007368615512
-0.86601842091870071756152946332668 0.012616736326911988367729048016441
0.86601842091870071756152946332668 0.012616736326911988367729048016441
-0.87835811940719876258167973572093 0.012061351110110340893658592864143
0.87835811940719876258167973572093 0.012061351110110340893658592864143
-0.89013856324657680868679981128353 0.011498286379283175368763491271970
0.89013856324657680868679981128353 0.011498286379283175368763491271970
-0.90135225177830860561829338246137 0.010927900641489693534055634398783
0.90135225177830860561829338246137 0.010927900641489693534055634398783
-0.91199204520093696456353725173543 0.010350557065540021640005972749689
0.91199204520093696456353725173543 0.010350557065540021640005972749689
-0.92205116911654429616847378804147 0.0097666232509668065096595332543029
0.92205116911654429616847378804147 0.0097666232509668065096595332543029
-0.93152321884482525244757140430730 0.0091764709942924071943798513064580
0.93152321884482525244757140430730 0.0091764709942924071943798513064580
-0.94040216350216799614855338095882 0.0085804760528217400060564713036216
0.94040216350216799614855338095882 0.0085804760528217400060564713036216
-0.94868234984341171829375413265241 0.0079790179062604413210324834266675
0.94868234984341171829375413265241 0.0079790179062604413210324834266675
-0.95635850586430848200809040136910 0.0073724795165956909372317812892344
0.95635850586430848200809040136910 0.0073724795165956909372317812892344
-0.96342574416328053236405810291618 0.0067612470869647225709392079071690
0.96342574416328053236405810291618 0.0067612470869647225709392079071690
-0.96987956506206477086412266403119 0.0061457098208738615609215076556314
0.96987956506206477086412266403119 0.0061457098208738615609215076556314
-0.97571585948684345385893571479531 0.0055262596846429042872442204668225
0.97571585948684345385893571479531 0.0055262596846429042872442204668225
-0.98093091161596112681084478401763 0.0049032911798253930298641733271055
0.98093091161596112681084478401763 0.0049032911798253930298641733271055
-0.98552140131156896391162533125537 0.0042772011432678630752275831440272
0.98552140131156896391162533125537 0.0042772011432678630752275831440272
-0.98948440638405363003035385994246 0.0036483886269661892002488948854600
0.98948440638405363003035385994246 0.0036483886269661892002488948854600
-0.99281740483941754781294627590558 0.0030172550362232488322040228300784
0.99281740483941754781294627590558 0.0030172550362232488322040228300784
-0.99551827764788908177466942775035 0.0023842052673350085036545056091679
0.99551827764788908177466942775035 0.0023842052673350085036545056091679
-0.99758531446783590601741045452235 0.0017496538893680952897304213666563
0.99758531446783590601741045452235 0.0017496538893680952897304213666563
-0.99901723820452555824883962339835 0.0011140702840322426228480093048180
0.99901723820452555824883962339835 0.0011140702840322426228480093048180
-0.99981345542605235362085257483322 0.00047871873270139919100266785381786
0.99981345542605235362085257483322 0.00047871873270139919100266785381786
