19
2
0 0.16105444984878369597916362532092
-0.16035864564022537586809611574074 0.15896884339395434764995643946505
0.16035864564022537586809611574074 0.15896884339395434764995643946505
-0.31656409996362983199011732884984 0.15276604206585966677885540089766
0.31656409996362983199011732884984 0.15276604206585966677885540089766
-0.46457074137596094571726714810410 0.14260670217360661177574610944190
0.46457074137596094571726714810410 0.14260670217360661177574610944190
-0.60054530466168102346963816494624 0.12875396253933622767551578485688
0.60054530466168102346963816494624 0.12875396253933622767551578485688
-0.72096617733522937861709586082378 0.11156664554733399471602390168177
0.72096617733522937861709586082378 0.11156664554733399471602390168177
-0.82271465653714282497892248671271 0.091490021622449999464462094123840
0.82271465653714282497892248671271 0.091490021622449999464462094123840
-0.90315590361481790164266092853231 0.069044542737641226580708258006013
0.90315590361481790164266092853231 0.069044542737641226580708258006013
-0.96020815213483003085277884068765 0.044814226765699600332838157401994
0.96020815213483003085277884068765 0.044814226765699600332838157401994
-0.99240684384358440318901767025326 0.019461788229726477036312041464438
0.99240684384358440318901767025326 0.019461788229726477036312041464438
