72
2
-0.021663946035424044670326379115319 0.043321112165486537076393836899381
0.021663946035424044670326379115319 0.043321112165486537076393836899381
-0.064951166311857114074675543892642 0.043239781305222617485265141192330
0.064951166311857114074675543892642 0.043239781305222617485265141192330
-0.10811644756210281480963328769227 0.043077272274913699745250360597038
0.10811644756210281480963328769227 0.043077272274913699745250360597038
-0.15107875148221003032670709592442 0.042833890168338813666839819408034
0.15107875148221003032670709592442 0.042833890168338813666839819408034
-0.19375742083702605980313294523112 0.042510091910057720077800827655541
0.19375742083702605980313294523112 0.042510091910057720077800827655541
-0.23607233088575992505780507780506 0.042106485397586464146587281786747
0.23607233088575992505780507780506 0.042106485397586464146587281786747
-0.27794403980784760698011086385474 0.041623828360138598207607807266260
0.27794403980784760698011086385474 0.041623828360138598207607807266260
-0.31929393784671217133298246473717 0.041063026936075061101936034551506
0.31929393784671217133298246473717 0.041063026936075061101936034551506
-0.36004439489141923754007377254973 0.040425133971733970043328914256342
0.36004439489141923754007377254973 0.040425133971733970043328914256342
-0.40011890621916161270270767415754 0.039711347044834901782398638790456
0.40011890621916161270270767415754 0.039711347044834901782398638790456
-0.43944223612496073208387577882104 0.038923006216169663799962932765853
0.43944223612496073208387577882104 0.038923006216169663799962932765853
-0.47794055916894045718375104040327 0.038061591513802163834375528146219
0.47794055916894045718375104040327 0.038061591513802163834375528146219
-0.51554159877600352386015865509149 0.037128720154502899460555212021545
0.51554159877600352386015865509149 0.037128720154502899460555212021545
-0.55217476292771439740025823496725 0.036126143507637992985631057902203
0.55217476292771439740025823496725 0.036126143507637992985631057902203
-0.58777127669165559920377298328640 0.035055743807217870434138410519933
0.58777127669165559920377298328640 0.035055743807217870434138410519933
-0.62226431133946819100772379455238 0.033919530618286059497196149775168
0.62226431133946819100772379455238 0.033919530618286059497196149775168
-0.65558910981120105614889694342024 0.032719637064293846704312701083203
0.65558910981120105614889694342024 0.032719637064293846704312701083203
-0.68768310829046780749140937830916 0.031458315822561813977775935487383
0.68768310829046780749140937830916 0.031458315822561813977775935487383
-0.71848605366223496136246157486238 0.030137934895375479292982741987467
0.71848605366223496136246157486238 0.030137934895375479292982741987467
-0.74794011663283239067080599453848 0.028760973164701761095125013710038
0.74794011663283239067080599453848 0.028760973164701761095125013710038
-0.77599000029998256214219668381361 0.027330015738950934433796248243132
0.77599000029998256214219668381361 0.027330015738950934433796248243132
-0.80258304396929185202700296106317 0.025847749100655890283897722592450
0.80258304396929185202700296106317 0.025847749100655890283897722592450
-0.82766932202275431461656018973525 0.024316956064419164326347142175770
0.82766932202275431461656018973525 0.024316956064419164326347142175770
-0.85120173765443785111195000087712 0.022740510555035754455931343063458
0.85120173765443785111195000087712 0.022740510555035754455931343063458
-0.87313611129877890528170816980533 0.021121372216440553509819519700340
0.87313611129877890528170816980533 0.021121372216440553509819519700340
-0.89343126358809125619589704568611 0.019462580863294278043017231415316
0.89343126358809125619589704568611 0.019462580863294278043017231415316
-0.91204909268867146992302984651383 0.017767250789200653594359795458826
0.91204909268867146992302984651383 0.017767250789200653594359795458826
-0.92895464588091801057222379911871 0.016038564950285155218161212178873
0.92895464588091801057222379911871 0.016038564950285155218161212178873
-0.94411618527253796500718097633073 0.014279769054554193266555292958279
0.94411618527253796500718097633073 0.014279769054554193266555292958279
-0.95750524757769822566420330579685 0.012494165619873757767782891362686
0.95750524757769822566420330579685 0.012494165619873757767782891362686
-0.96909669799878042592217093964428 0.010685108165351897158958307687523
0.96909669799878042592217093964428 0.010685108165351897158958307687523
-0.97886877855723377179618672995517 0.0088559960737061533839574135275298
0.97886877855723377179618672995517 0.0088559960737061533839574135275298
-0.98680315237583046580807339245460 0.0070102723218618632960813244556762
0.98680315237583046580807339245460 0.0070102723218618632960813244556762
-0.99288495101680190822810384090338 0.0051514360187908869082506347580234
0.99288495101680190822810384090338 0.0051514360187908869082506347580234
-0.99710287164272907846596653635227 0.0032831697746674958019005129023799
0.99710287164272907846596653635227 0.0032831697746674958019005129023799
-0.99944993445296264218185381764721 0.0014115163939734341357190617170905
0.99944993445296264218185381764721 0.0014115163939734341357190617170905
