59
2
0 0.052798012621990421415512332430855
-0.052773484088310003951680328603339 0.052724433859127931961304248870613
0.052773484088310003951680328603339 0.052724433859127931961304248870613
-0.10539987901634414383691438776187 0.052503902647828739050941322014288
0.10539987901634414383691438776187 0.052503902647828739050941322014288
-0.15773250558785796811521785627155 0.052137033648375391383987208307818
0.15773250558785796811521785627155 0.052137033648375391383987208307818
-0.20962550339203654492336679063149 0.051624849390891482146439939773423
0.20962550339203654492336679063149 0.051624849390891482146439939773423
-0.26093423734281171161061626741428 0.050968777425393916850247968993681
0.26093423734281171161061626741428 0.050968777425393916850247968993681
-0.31151570080301370031836014910575 0.050170646342996902810720430442166
0.31151570080301370031836014910575 0.050170646342996902810720430442166
-0.36122891416979480999231245233405 0.049232680679361985779693620015024
0.36122891416979480999231245233405 0.049232680679361985779693620015024
-0.40993531781041896672282369375588 0.048157494714606440388146829285936
0.40993531781041896672282369375588 0.048157494714606440388146829285936
-0.45749915825326669022621526043496 0.046948085186962019193159736482929
0.45749915825326669022621526043496 0.046948085186962019193159736482929
-0.50378786655771797876808728045731 0.045607822940509769831868213158374
0.50378786655771797876808728045731 0.045607822940509769831868213158374
-0.54867242780839638437225630038701 0.044140443530297380690798084733081
0.54867242780839638437225630038701 0.044140443530297380690798084733081
-0.59202774070403014446417615975653 0.042550036811067638667308200484713
0.59202774070403014446417615975653 0.042550036811067638667308200484713
-0.63373296623885009751258093017501 0.040841035538686707660202108089469
0.63373296623885009751258093017501 0.040841035538686707660202108089469
-0.67367186450493722702402721275525 0.039018203016160009503030777211286
0.67367186450493722702402721275525 0.039018203016160009503030777211286
-0.71173311867719773159591572196591 0.037086619818870922691837917035277
0.71173311867719773159591572196591 0.037086619818870922691837917035277
-0.74781064527864023188925757901321 0.035051669636400108783718358961078
0.74781064527864023188925757901321 0.035051669636400108783718358961078
-0.78180388986236090563267881276748 0.032919024271045277757511264353599
0.78180388986236090563267881276748 0.032919024271045277757511264353599
-0.81361810728821157143508977382120 0.030694627836111683239750328192481
0.81361810728821157143508977382120 0.030694627836111683239750328192481
-0.84316462581687220147035095397224 0.028384680200534797905152869335388
0.84316462581687220147035095397224 0.028384680200534797905152869335388
-0.87036109429288226096342623310415 0.025995619731298500186650506801708
0.87036109429288226096342623310415 0.025995619731298500186650506801708
-0.89513171174347208536429682946246 0.023534105393713363425275360078358
0.89513171174347208536429682946246 0.023534105393713363425275360078358
-0.91740743878815528135254148521525 0.021006998288437187350461473218669
0.91740743878815528135254148521525 0.021006998288437187350461473218669
-0.93712619035345385940513847104329 0.018421342753610029360615751056445
0.93712619035345385940513847104329 0.018421342753610029360615751056445
-0.95423300937695105586323311218565 0.015784347313081466147320480397249
0.95423300937695105586323311218565 0.015784347313081466147320480397249
-0.96868022168178153135363333967256 0.013103366306345191018319546484217
0.96868022168178153135363333967256 0.013103366306345191018319546484217
-0.98042757395671568844960798140327 0.010385885500995862193797874410983
0.98042757395671568844960798140327 0.010385885500995862193797874410983
-0.98944236513373093178218393502271 0.0076395294534875751427006829747544
0.98944236513373093178218393502271 0.0076395294534875751427006829747544
-0.99569964038324596468720182343345 0.0048722391682652847685820011329241
0.99569964038324596468720182343345 0.0048722391682652847685820011329241
-0.99918335390929468375642401950468 0.0020954922845412234027007314886401
0.99918335390929468375642401950468 0.0020954922845412234027007314886401
