80
2
-0.019511383256793997654351234107455 0.039017813656306654811280439252754
0.019511383256793997654351234107455 0.039017813656306654811280439252754
-0.058504437152420668628993321883418 0.038958395962769531198625524772261
0.058504437152420668628993321883418 0.038958395962769531198625524772261
-0.097408398441584599063278450104937 0.038839651059051968931774182668787
0.097408398441584599063278450104937 0.038839651059051968931774182668787
-0.13616402280914388655924107800072 0.038661759774076463327077110267157
0.13616402280914388655924107800072 0.038661759774076463327077110267157
-0.17471229183264681255933904801129 0.038424993006959423185212436329490
0.17471229183264681255933904801129 0.038424993006959423185212436329490
-0.21299450285766613257238853866632 0.038129711314477638344206791565736
0.21299450285766613257238853866632 0.038129711314477638344206791565736
-0.25095235839227212049315881603500 0.037776364362001397489774976426321
0.25095235839227212049315881603500 0.037776364362001397489774976426321
-0.28852805488451185310913930143471 0.037365490238730490026705377057839
0.28852805488451185310913930143471 0.037365490238730490026705377057839
-0.32566437074770191461911294362736 0.036897714638276008839150996573405
0.32566437074770191461911294362736 0.036897714638276008839150996573405
-0.36230475349948731561904328635896 0.036373749905835978043964991046523
0.36230475349948731561904328635896 0.036373749905835978043964991046523
-0.39839340588196922702437964251753 0.035794393953416054602861588816154
0.39839340588196922702437964251753 0.035794393953416054602861588816154
-0.43387537083175609306238670036318 0.035160529044747593495526592388697
0.43387537083175609306238670036318 0.035160529044747593495526592388697
-0.46869661517054447703607836493581 0.034473120451753928794364226731030
0.46869661517054447703607836493581 0.034473120451753928794364226731030
-0.50280411188878498759367275036757 0.033733214984611522816675163064239
0.50280411188878498759367275036757 0.033733214984611522816675163064239
-0.53614592089713193201985725312540 0.032941939397645401382836180901960
0.53614592089713193201985725312540 0.032941939397645401382836180901960
-0.56867126812270978472548578662483 0.032100498673487773148056490287251
0.56867126812270978472548578662483 0.032100498673487773148056490287251
-0.60033062282975174315474629916401 0.031210174188114701642442866720604
0.60033062282975174315474629916401 0.031210174188114701642442866720604
-0.63107577304687196624792838728934 0.030272321759557980661220010090901
0.63107577304687196624792838728934 0.030272321759557980661220010090901
-0.66085989898611980173596712284432 0.029288369583267847692767586019579
0.66085989898611980173596712284432 0.029288369583267847692767586019579
-0.68963764434202760077120761243894 0.028259816057276862396753197965015
0.68963764434202760077120761243894 0.028259816057276862396753197965015
-0.71736518536209988025406825829382 0.027188227500486380674418706680544
0.71736518536209988025406825829382 0.027188227500486380674418706680544
-0.74400029758359727231654052793091 0.026075235767565117902968743600269
0.74400029758359727231654052793091 0.026075235767565117902968743600269
-0.76950242013504137386561606874903 0.024922535764115491105117847003220
0.76950242013504137386561606874903 0.024922535764115491105117847003220
-0.79383271750460544994863931173845 0.023731882865930101293192524613568
0.79383271750460544994863931173845 0.023731882865930101293192524613568
-0.81695413868146347037112499401230 0.022505090246332461926221589686169
0.81695413868146347037112499401230 0.022505090246332461926221589686169
-0.83883147358025527561662304390287 0.021244026115782006388710737250613
0.83883147358025527561662304390287 0.021244026115782006388710737250613
-0.85943140666311109697719212349166 0.019950610878141998928891928715114
0.85943140666311109697719212349166 0.019950610878141998928891928715114
-0.87872256767821382870377334363912 0.018626814208299031428735414152157
0.87872256767821382870377334363912 0.018626814208299031428735414152157
-0.89667557943877068319432407196740 0.017274652056269306358584207131291
0.89667557943877068319432407196740 0.017274652056269306358584207131291
-0.91326310257175765416473365615095 0.015896183583725688044902909229179
0.91326310257175765416473365615095 0.015896183583725688044902909229179
-0.92845987717244579595304595907545 0.014493508040509076116962074583461
0.92845987717244579595304595907545 0.014493508040509076116962074583461
-0.94224276130987267475226600450000 0.013068761592401339293786825897056
0.94224276130987267475226600450000 0.013068761592401339293786825897056
-0.95459076634363490549348151702103 0.011624114120797826916466769995433
0.95459076634363490549348151702103 0.011624114120797826916466769995433
-0.96548508904379925145227315567145 0.010161766041103064520831850352407
0.96548508904379925145227315567145 0.010161766041103064520831850352407
-0.97490914058572779338564523006914 0.0086839452692608584264094522040343
0.97490914058572779338564523006914 0.0086839452692608584264094522040343
-0.98284857273862907041828802770912 0.0071929047681173127526755708679565
0.98284857273862907041828802770912 0.0071929047681173127526755708679565
-0.98929130249975553102650316713663 0.0056909224514031986492691071171620
0.98929130249975553102650316713663 0.0056909224514031986492691071171620
-0.99422754096568827789206350366491 0.0041803131246948952367393042016814
0.99422754096568827789206350366491 0.0041803131246948952367393042016814
-0.99764986439823768889949420818312 0.0026635335895126816692935358316685
0.99764986439823768889949420818312 0.0026635335895126816692935358316685
-0.99955382265163062988008049909457 0.0011449500031869415345441719413156
0.99955382265163062988008049909457 0.0011449500031869415345441719413156
