111
2
0 0.028175435589304957692066364672267
-0.028171707793122768886301563037191 0.028164252496697937959069172871804
0.028171707793122768886301563037191 0.028164252496697937959069172871804
-0.056321052360225595684987967230694 0.028130712096224248734543808493241
0.056321052360225595684987967230694 0.028130712096224248734543808493241
-0.084425688227634216505424787829909 0.028074841012879001176216314708998
0.084425688227634216505424787829909 0.028074841012879001176216314708998
-0.11246330541227359109468968229756 0.027996683598169645505497873095581
0.11246330541227359109468968229756 0.027996683598169645505497873095581
-0.14041164713174836964235847635911 0.027896301894908943631468160543514
0.14041164713174836964235847635911 0.027896301894908943631468160543514
-0.16824852747219169995430819053777 0.027773775587964265235155182311168
0.16824852747219169995430819053777 0.027773775587964265235155182311168
-0.19595184899985731916410883329979 0.027629201941002304495149163043327
0.19595184899985731916410883329979 0.027629201941002304495149163043327
-0.22349962030247453301881884878081 0.027462695719279432110133545376452
0.22349962030247453301881884878081 0.027462695719279432110133545376452
-0.25086997344644144295282968200823 0.027274389098538974951370288496605
0.25086997344644144295282968200823 0.027274389098538974951370288496605
-0.27804118133599859246255557258708 0.027064431560087744786819856297432
0.27804118133599859246255557258708 0.027064431560087744786819856297432
-0.30499167496060301677957880892244 0.026832989772135109330797079627046
0.30499167496060301677957880892244 0.026832989772135109330797079627046
-0.33170006051681143187182407623752 0.026580247457488804714293854835343
0.33170006051681143187182407623752 0.026580247457488804714293854835343
-0.35814513639108092009884078150939 0.026306405247712519729380567587472
0.35814513639108092009884078150939 0.026306405247712519729380567587472
-0.38430590999000588154937455498619 0.026011680523861030337550856786634
0.38430590999000588154937455498619 0.026011680523861030337550856786634
-0.41016161440463113484065228930858 0.025696307243919319492445649751263
0.41016161440463113484065228930858 0.025696307243919319492445649751263
-0.43569172489561277319665412987872 0.025360535757082673956429972492431
0.43569172489561277319665412987872 0.025360535757082673956429972492431
-0.46087597518614060688472577280160 0.025004632605025198246944076673206
0.46087597518614060688472577280160 0.025004632605025198246944076673206
-0.48569437354968863933818938304345 0.024628880310314518025927682568353
0.48569437354968863933818938304345 0.024628880310314518025927682568353
-0.51012721867982291126026747546295 0.024233577152140653197489898135094
0.51012721867982291126026747546295 0.024233577152140653197489898135094
-0.53415511532946907657190189237872 0.023819036929537116952504541664018
0.53415511532946907657190189237872 0.023819036929537116952504541664018
-0.55775898970722511047540020502891 0.023385588712282233480059686309649
0.55775898970722511047540020502891 0.023385588712282233480059686309649
-0.58092010461849745003068922453637 0.022933576579678456842863082838594
0.58092010461849745003068922453637 0.022933576579678456842863082838594
-0.60362007433944148132989277890819 0.022463359347417109766782877203074
0.60362007433944148132989277890819 0.022463359347417109766782877203074
-0.62584087921189945788551757527351 0.021975310282745437525657400021515
0.62584087921189945788551757527351 0.021975310282745437525657400021515
-0.64756487994775049953401486317371 0.021469816808162183127674923904372
0.64756487994775049953401486317371 0.021469816808162183127674923904372
-0.66877483163131811220485188392478 0.020947280193877031048763963527066
0.66877483163131811220485188392478 0.020947280193877031048763963527066
-0.68945389740872051461740060666733 0.020408115239278234676011516547056
0.68945389740872051461740060666733 0.020408115239278234676011516547056
-0.70958566185329778450426192223041 0.019852749943661536413460100717356
0.70958566185329778450426192223041 0.019852749943661536413460100717356
-0.72915414399650727096500233297438 0.019281625166482111263073327412796
0.72915414399650727096500233297438 0.019281625166482111263073327412796
-0.74814381001394469215737566148471 0.018695194277399721753449142689841
0.74814381001394469215737566148471 0.018695194277399721753449142689841
-0.76653958555642269056092952455019 0.018093922796395579206047602481232
0.76653958555642269056092952455019 0.018093922796395579206047602481232
-0.78432686771632121387503148371534 0.017478288024247590723229682560744
0.78432686771632121387503148371534 0.017478288024247590723229682560744
-0.80149153661971482708115239591983 0.016848778663658780336728316937319
0.80149153661971482708115239591983 0.016848778663658780336728316937319
-0.81801996663508090186404745743012 0.016205894431341787407326970077958
0.81801996663508090186404745743012 0.016205894431341787407326970077958
-0.83389903718969964190161722414481 0.015550145661370603587261490872989
0.83389903718969964190161722414481 0.015550145661370603587261490872989
-0.84911614318517233785085187913316 0.014882052900119348534891135108064
0.84911614318517233785085187913316 0.014882052900119348534891135108064
-0.86365920500380867222551495203848 0.014202146493117317606336903504121
0.86365920500380867222551495203848 0.014202146493117317606336903504121
-0.87751667809796843800223409404971 0.013510966164160497600507157001085
0.87751667809796843800223409404971 0.013510966164160497600507157001085
-0.89067756215478982784896435650151 0.012809060587033579985948306964730
0.89067756215478982784896435650151 0.012809060587033579985948306964730
-0.90313140982909948647973379140768 0.012096986950215717213199512255668
0.90313140982909948647973379140768 0.012096986950215717213199512255668
-0.91486833503768633775219139814187 0.011375310514972725984238915544805
0.91486833503768633775219139814187 0.011375310514972725984238915544805
-0.92587902080854633893217151941171 0.010644604167287882062707719953891
0.92587902080854633893217151941171 0.010644604167287882062707719953891
-0.93615472667919765479569214956642 0.0099054479641732011817218161920550
0.93615472667919765479569214956642 0.0099054479641732011817218161920550
-0.94568729563878484948884032846025 0.0091584286750775583596166646765465
0.94568729563878484948884032846025 0.0091584286750775583596166646765465
-0.95446916060956512303790592031223 0.0084041393194693145800174825646587
0.95446916060956512303790592031223 0.0084041393194693145800174825646587
-0.96249335046479206639822518001838 0.0076431787024688048785507278408070
0.96249335046479206639822518001838 0.0076431787024688048785507278408070
-0.96975349558269250516090946220844 0.0068761509522934474877056720759859
0.96975349558269250516090946220844 0.0068761509522934474877056720759859
-0.97624383294202328375725144190907 0.0061036650681125731663864481941977
0.97624383294202328375725144190907 0.0061036650681125731663864481941977
-0.98195921077889174847497107152930 0.0053263345005165936467322420073563
0.98195921077889174847497107152930 0.0053263345005165936467322420073563
-0.98689509286400075548596721236555 0.0045447768298148010632127833647106
0.98689509286400075548596721236555 0.0045447768298148010632127833647106
-0.99104756258597562986660329807567 0.0037596137649040076107279451232984
0.99104756258597562986660329807567 0.0037596137649040076107279451232984
-0.99441332751050858828281398484963 0.0029714723870454505754779971015612
0.99441332751050858828281398484963 0.0029714723870454505754779971015612
-0.99698972744888983612479908217508 0.0021809926814320882044953040684756
0.99698972744888983612479908217508 0.0021809926814320882044953040684756
-0.99877476583326122542660493500608 0.0013888836401055027633440132497478
0.99877476583326122542660493500608 0.0013888836401055027633440132497478
-0.99976742250916429163645088191473 0.00059684581005926892057044141155525
0.99976742250916429163645088191473 0.00059684581005926892057044141155525
