65
2
0 0.047961849394466618120707621369021
-0.047943462353171857522529754289935 0.047906692500495862031347289176226
0.047943462353171857522529754289935 0.047906692500495862031347289176226
-0.095776653209197505652218554542448 0.047741348681240621559038972226556
0.095776653209197505652218554542448 0.047741348681240621559038972226556
-0.14338955469897517113124962198586 0.047466198232885503152644458740026
0.14338955469897517113124962198586 0.047466198232885503152644458740026
-0.19067265562614276977491235906600 0.047081874010454522246006808290162
0.19067265562614276977491235906600 0.047081874010454522246006808290162
-0.23751720334641680657071242732194 0.046589259972233498302255136789693
0.23751720334641680657071242732194 0.046589259972233498302255136789693
-0.28381545390224873061765542596048 0.045989489146651696963893390817835
0.28381545390224873061765542596048 0.045989489146651696963893390817835
-0.32946091983748640764528671241288 0.045283941026300230657128240574180
0.32946091983748640764528671241288 0.045283941026300230657128240574180
-0.37434861512206601200879389084302 0.044474238395082974427323503999946
0.37434861512206601200879389084302 0.044474238395082974427323503999946
-0.41837529662340900926419901075299 0.043562243595800486532284821661399
0.41837529662340900926419901075299 0.043562243595800486532284821661399
-0.46143970156914505769783410010122 0.042550054246755802719217150802654
0.46143970156914505769783410010122 0.042550054246755802719217150802654
-0.50344278045500688234104305139104 0.041439998417240293022686299232543
0.50344278045500688234104305139104 0.041439998417240293022686299232543
-0.54428792486222713854557247974751 0.040234629273005533815446337743376
0.54428792486222713854557247974751 0.040234629273005533815446337743376
-0.58388118966048731332715446243194 0.038936719204051197616673806363947
0.58388118966048731332715446243194 0.038936719204051197616673806363947
-0.62213150908540024158259955186380 0.037549253448257709809772223198253
0.62213150908540024158259955186380 0.037549253448257709809772223198253
-0.65895090619362513304094077196081 0.036075423225565273932166270524454
0.65895090619362513304094077196081 0.036075423225565273932166270524454
-0.69425469521399163355262247994764 0.034518618398549058625221276859393
0.69425469521399163355262247994764 0.034518618398549058625221276859393
-0.72796167632942467901197372929320 0.032882419676368574984049638008142
0.72796167632942467901197372929320 0.032882419676368574984049638008142
-0.75999432244199978687398275311622 0.031170590380189142464431845776661
0.75999432244199978687398275311622 0.031170590380189142464431845776661
-0.79027895749212184304738041607403 0.029387067789310668062644859209774
0.79027895749212184304738041607403 0.029387067789310668062644859209774
-0.81874592592265145343391913732580 0.027535954088450343942499722327114
0.81874592592265145343391913732580 0.027535954088450343942499722327114
-0.84532975289993028394245004073521 0.025621506938037758214084978693548
0.84532975289993028394245004073521 0.025621506938037758214084978693548
-0.86996929492640703619413195806468 0.023648129691287236698780978993990
0.86996929492640703619413195806468 0.023648129691287236698780978993990
-0.89260788050473893142328553969750 0.021620361284934062841654274667486
0.89260788050473893142328553969750 0.021620361284934062841654274667486
-0.91319344054284626173654692098294 0.019542865836750062826837429313001
0.91319344054284626173654692098294 0.019542865836750062826837429313001
-0.93167862822874933796567698734639 0.017420421997670248495365759969198
0.93167862822874933796567698734639 0.017420421997670248495365759969198
-0.94802092816840750637376974072929 0.015257912146448310349265388144623
0.94802092816840750637376974072929 0.015257912146448310349265388144623
-0.96218275471805523771198374646724 0.013060311639994846336168342921916
0.96218275471805523771198374646724 0.013060311639994846336168342921916
-0.97413153983355116907496788739088 0.010832678789597968621514055127202
0.97413153983355116907496788739088 0.010832678789597968621514055127202
-0.98383981218703494137763778140607 0.0085801482668814598936358121591981
0.98383981218703494137763778140607 0.0085801482668814598936358121591981
-0.99128527617680166872182118106555 0.0063079425789717545501888719038616
0.99128527617680166872182118106555 0.0063079425789717545501888719038616
-0.99645094806184916305579493832213 0.0040215241720037363470786599528288
0.99645094806184916305579493832213 0.0040215241720037363470786599528288
-0.99932609707541287726569361124215 0.0017292582513002508983395851463039
0.99932609707541287726569361124215 0.0017292582513002508983395851463039
