115
2
0 0.027199681540658320475783011804032
-0.027196327778351300089141627112548 0.027189620501861293167702208538416
0.027196327778351300089141627112548 0.027189620501861293167702208538416
-0.054372535960191541565611238371094 0.027159444828535639453692269864435
0.054372535960191541565611238371094 0.027159444828535639453692269864435
-0.081508519833305040637890587775536 0.027109176844371334965298626464439
0.081508519833305040637890587775536 0.027109176844371334965298626464439
-0.10858420444305560306026462396028 0.027038853737168049362974735528675
0.10858420444305560306026462396028 0.027038853737168049362974735528675
-0.13557955944365626487115481179237 0.026948527531323966355429450452819
0.13557955944365626487115481179237 0.026948527531323966355429450452819
-0.16247461391643783164921989537373 0.026838265049348630107660345360191
0.16247461391643783164921989537373 0.026838265049348630107660345360191
-0.18924947114415380333826502064780 0.026708147862428291147895884794682
0.18924947114415380333826502064780 0.026708147862428291147895884794682
-0.21588432333039179635293101806624 0.026558272230080323979855639271999
0.21588432333039179635293101806624 0.026558272230080323979855639271999
-0.24235946625320218542262212642378 0.026388749028941360684458934259687
0.24235946625320218542262212642378 0.026388749028941360684458934259687
-0.26865531384210335446104436744591 0.026199703670741823895163749960142
0.26865531384210335446104436744591 0.026199703670741823895163749960142
-0.29475241266767963271697628781825 0.025991276009527542721660347974823
0.29475241266767963271697628781825 0.025991276009527542721660347974823
-0.32063145633305265770648004616789 0.025763620238197090578629587488949
0.32063145633305265770648004616789 0.025763620238197090578629587488949
-0.34627329975657950220540418752030 0.025516904774431388589177569294224
0.34627329975657950220540418752030 0.025516904774431388589177569294224
-0.37165897333521137531272977664630 0.025251312136099966460532863693937
0.37165897333521137531272977664630 0.025251312136099966460532863693937
-0.39676969697803499790835567360246 0.024967038806236058708247312514047
0.39676969697803499790835567360246 0.024967038806236058708247312514047
-0.42158689399961479561605714160319 0.024664295087680432129154380130593
0.42158689399961479561605714160319 0.024664295087680432129154380130593
-0.44609220486285777686416506323798 0.024343304947501484855287978724096
0.44609220486285777686416506323798 0.024343304947501484855287978724096
-0.47026750076123429343441440689664 0.024004305851306722601874139240794
0.47026750076123429343441440689664 0.024004305851306722601874139240794
-0.49409489703030673411035339233080 0.023647548587568198384855790186858
0.49409489703030673411035339233080 0.023647548587568198384855790186858
-0.51755676637864449137255761975350 0.023273297082091892667678070284127
0.51755676637864449137255761975350 0.023273297082091892667678070284127
-0.54063575192833717393377537505888 0.022881828202768306373422366429667
0.54063575192833717393377537505888 0.022881828202768306373422366429667
-0.56331478005545891650495663992059 0.022473431554748734395910131806110
0.56331478005545891650495663992059 0.022473431554748734395910131806110
-0.58557707302098465979954121449437 0.022048409266198777290390208145181
0.58557707302098465979954121449437 0.022048409266198777290390208145181
-0.60740616138281433093574240230592 0.021607075764787629105196463578243
0.60740616138281433093574240230592 0.021607075764787629105196463578243
-0.62878589617972283514723586997335 0.021149757545078545552330682370796
0.62878589617972283514723586997335 0.021149757545078545552330682370796
-0.64970046087822255806259990786785 0.020676792926992645086396202993283
0.64970046087822255806259990786785 0.020676792926992645086396202993283
-0.67013438307350055424242041938409 0.020188531805524822781258490094033
0.67013438307350055424242041938409 0.020188531805524822781258490094033
-0.69007254593577463988689032703273 0.019685335391897060877799404298865
0.69007254593577463988689032703273 0.019685335391897060877799404298865
-0.70950019939360109169204329517460 0.019167575946340799551108438673347
0.70950019939360109169204329517460 0.019167575946340799551108438673347
-0.72840297104586145572049707814062 0.018635636502706287785524140842808
0.72840297104586145572049707814062 0.018635636502706287785524140842808
-0.74676687679435696818850309544774 0.018089910585102971174453816799993
0.74676687679435696818850309544774 0.018089910585102971174453816799993
-0.76457833118914616861324769180952 0.017530801916780999455316172321401
0.76457833118914616861324769180952 0.017530801916780999455316172321401
-0.78182415747897434095342698004679 0.016958724121469867286391956098198
0.78182415747897434095342698004679 0.016958724121469867286391956098198
-0.79849159735936236727151855880179 0.016374100417396064286762686703600
0.79849159735936236727151855880179 0.016374100417396064286762686703600
-0.81456832041114737381716315449385 0.015777363304207450552640706344510
0.81456832041114737381716315449385 0.015777363304207450552640706344510
-0.83004243322249820417227657343393 0.015168954243037968817735333524950
0.83004243322249820417227657343393 0.015168954243037968817735333524950
-0.84490248818766538235702280197661 0.014549323329952384328664516677238
0.84490248818766538235702280197661 0.014549323329952384328664516677238
-0.85913749197596811675061315769144 0.013918928963017230867062660950006
0.85913749197596811675061315769144 0.013918928963017230867062660950006
-0.87273691366477062618249470630122 0.013278237503251423028304887044121
0.87273691366477062618249470630122 0.013278237503251423028304887044121
-0.88569069253045774710905929125654 0.012627722929718757901588923889584
0.88569069253045774710905929125654 0.012627722929718757901588923889584
-0.89798924549168744879787223822725 0.011967866489036024514637077041381
0.89798924549168744879787223822725 0.011967866489036024514637077041381
-0.90962347419947932097788327649326 0.011299156339587009469898756107484
0.90962347419947932097788327649326 0.011299156339587009469898756107484
-0.92058477176900039220394462916317 0.010622087190758861910290861282356
0.92058477176900039220394462916317 0.010622087190758861910290861282356
-0.93086502914824639617289919281884 0.0099371599375621388988855462464572
0.93086502914824639617289919281884 0.0099371599375621388988855462464572
-0.94045664111921480106777901444607 0.0092448812910783378871659715073481
0.94045664111921480106777901444607 0.0092448812910783378871659715073481
-0.94935251192768112749231705023647 0.0085457634053402137514201740757740
0.94935251192768112749231705023647 0.0085457634053402137514201740757740
-0.95754606053844217558582045715374 0.0078403235015858729744201509515450
0.95754606053844217558582045715374 0.0078403235015858729744201509515450
-0.96503122551415159782012128972614 0.0071290834915700642015093575409386
0.96503122551415159782012128972614 0.0071290834915700642015093575409386
-0.97180246951830618549941234165242 0.0064125696033741241605635638915382
0.97180246951830618549941234165242 0.0064125696033741241605635638915382
-0.97785478344827272306906926091381 0.0056913120176604908786385353304587
0.97785478344827272306906926091381 0.0056913120176604908786385353304587
-0.98318369021740943743779351580380 0.0049658445349982372167426069378839
0.98318369021740943743779351580380 0.0049658445349982372167426069378839
-0.98778524824205894376441244256728 0.0042367043349675394828852570174890
0.98778524824205894376441244256728 0.0042367043349675394828852570174890
-0.99165605480700822535769127039586 0.0035044320345559271213722173258522
0.99165605480700822535769127039586 0.0035044320345559271213722173258522
-0.99479324993407145030837284643468 0.0027695729071988248385992987219502
0.99479324993407145030837284643468 0.0027695729071988248385992987219502
-0.99719452358131896871315975736614 0.0020326839620277426995747601931247
0.99719452358131896871315975736614 0.0020326839620277426995747601931247
-0.99885814462313119141913996764557 0.0012943862887496521674086222078731
0.99885814462313119141913996764557 0.0012943862887496521674086222078731
-0.99978325215353621249779687537818 0.00055622487319956027260766410466336
0.99978325215353621249779687537818 0.00055622487319956027260766410466336
