58
2
-0.026847012365942355803338689517380 0.053681119863334848863905955305725
0.026847012365942355803338689517380 0.053681119863334848863905955305725
-0.080463630214142729309847792380503 0.053526343304058252100610813886170
0.080463630214142729309847792380503 0.053526343304058252100610813886170
-0.13384825059546685702237684787454 0.053217236446579014103480984377385
0.13384825059546685702237684787454 0.053217236446579014103480984377385
-0.18684695183576132137438388146402 0.052754690526370833429645767231523
0.18684695183576132137438388146402 0.052754690526370833429645767231523
-0.23930692496615345442894850908533 0.052140039183669818971260556060072
0.23930692496615345442894850908533 0.052140039183669818971260556060072
-0.29107691431110918953302526831430 0.051375054618285725474514820611065
0.29107691431110918953302526831430 0.051375054618285725474514820611065
-0.34200765359799526124836826748400 0.050461942479953125297659821567632
0.34200765359799526124836826748400 0.050461942479953125297659821567632
-0.39195229633075315037121694121301 0.049403335508962392866510865712701
0.39195229633075315037121694121301 0.049403335508962392866510865712701
-0.44076683918683956519370306221430 0.048202285945417748406570406109867
0.44076683918683956519370306221430 0.048202285945417748406570406109867
-0.48831053721671846361555257273679 0.046862256729026346918418078037920
0.48831053721671846361555257273679 0.046862256729026346918418078037920
-0.53444630964884758639980241742520 0.045387111514819802503980536088866
0.53444630964884758639980241742520 0.045387111514819802503980536088866
-0.57904113513022503048997711713608 0.043781103533640251039025692348336
0.57904113513022503048997711713608 0.043781103533640251039025692348336
-0.62196643526307911103398405874549 0.042048863329582125994569981917254
0.62196643526307911103398405874549 0.042048863329582125994569981917254
-0.66309844533212526643301629975357 0.040195385409867796888076750826882
0.66309844533212526643301629975357 0.040195385409867796888076750826882
-0.70231857115390811347975730145820 0.038226013845858433229459034457149
0.70231857115390811347975730145820 0.038226013845858433229459034457149
-0.73951373102004226784661723485103 0.036146426867087270540780856975855
0.73951373102004226784661723485103 0.036146426867087270540780856975855
-0.77457668174965274526614004649683 0.033962620493416010797727555184585
0.77457668174965274526614004649683 0.033962620493416010797727555184585
-0.80740632791308814104899715220740 0.031680891253809327320292039621950
0.80740632791308814104899715220740 0.031680891253809327320292039621950
-0.83790801333937331635209792062162 0.029307818044160490718394026888444
0.83790801333937331635209792062162 0.029307818044160490718394026888444
-0.86599379407480747927507123251209 0.026850243181981868475907478678145
0.86599379407480747927507123251209 0.026850243181981868475907478678145
-0.89158269202203017639988282081280 0.024315252724963952540258760625799
0.89158269202203017639988282081280 0.024315252724963952540258760625799
-0.91460092856435254068650564989752 0.021710156140146235766916809495118
0.91460092856435254068650564989752 0.021710156140146235766916809495118
-0.93498213758825934848084323476625 0.019042465461893408655787659482108
0.93498213758825934848084323476625 0.019042465461893408655787659482108
-0.95266755751886909144284551002293 0.016319874234970965052120830419571
0.95266755751886909144284551002293 0.016319874234970965052120830419571
-0.96760620250292409015330078462121 0.013550237112988812145178966401762
0.96760620250292409015330078462121 0.013550237112988812145178966401762
-0.97975501469435030910781633439260 0.010741553532878774116856361913662
0.97975501469435030910781633439260 0.010741553532878774116856361913662
-0.98907900824844263649991025527544 0.0079019738499986747540167456748478
0.98907900824844263649991025527544 0.0079019738499986747540167456748478
-0.99555147659729090260277152617995 0.0050399816126502430850175011746224
0.99555147659729090260277152617995 0.0050399816126502430850175011746224
-0.99915520040738660644273704418461 0.0021677232496274499430543429249845
0.99915520040738660644273704418461 0.0021677232496274499430543429249845
