109
2
0 0.028690044784779039977185923894793
-0.028686108979469031773498208825032 0.028678237692819898688952342652230
0.028686108979469031773498208825032 0.028678237692819898688952342652230
-0.057348607014500045049808096338885 0.028642826135116613507526564037115
0.057348607014500045049808096338885 0.028642826135116613507526564037115
-0.085963902594336951288204522613087 0.028583839258192777735332307262411
0.085963902594336951288204522613087 0.028583839258192777735332307262411
-0.11450844305959207104004543410509 0.028501325612931554893219987673153
0.11450844305959207104004543410509 0.028501325612931554893219987673153
-0.14295873398795487732185121840429 0.028395353114614478779581499125891
0.14295873398795487732185121840429 0.028395353114614478779581499125891
-0.17129135853196703922150708706531 0.028266008987021830145203552840903
0.17129135853196703922150708706531 0.028266008987021830145203552840903
-0.19948299669294725609683252544235 0.028113399690640601150745351993002
0.19948299669294725609683252544235 0.028113399690640601150745351993002
-0.22751044451520192809230697664305 0.027937650835039139974938218310800
0.22751044451520192809230697664305 0.027937650835039139974938218310800
-0.25535063318472332188462647221144 0.027738907075480600590037775978365
0.25535063318472332188462647221144 0.027738907075480600590037775978365
-0.28298064801665550766521918165047 0.027517331993860296119203660059650
0.28298064801665550766521918165047 0.027517331993860296119203660059650
-0.31037774731589989980186816186675 0.027273107964064957697260441422252
0.31037774731589989980186816186675 0.027273107964064957697260441422252
-0.33751938109533665420810668894396 0.027006436001864723798640811335187
0.33751938109533665420810668894396 0.027006436001864723798640811335187
-0.36438320963625537447009519941776 0.026717535599461417081672191995596
0.36438320963625537447009519941776 0.026717535599461417081672191995596
-0.39094712187571846007167536870446 0.026406644544829296528508286773615
0.39094712187571846007167536870446 0.026406644544829296528508286773615
-0.41718925360572288711001373243589 0.026074018725996991746713954393322
0.41718925360572288711001373243589 0.026074018725996991746713954393322
-0.44308800546918112797180376439929 0.025719931920431723581990739372420
0.44308800546918112797180376439929 0.025719931920431723581990739372420
-0.46862206073790916472200702716255 0.025344675569699180662715088577109
0.46862206073790916472200702716255 0.025344675569699180662715088577109
-0.49377040285798899469985981141657 0.024948558539584545325506808365131
0.49377040285798899469985981141657 0.024948558539584545325506808365131
-0.51851233274806451955034137695363 0.024531906865872134941650065297692
0.51851233274806451955034137695363 0.024531906865872134941650065297692
-0.54282748583633309468531184798957 0.024095063485992936625219491671823
0.54282748583633309468531184798957 0.024095063485992936625219491671823
-0.56669584882221012981602374518569 0.023638387956760955634213269936738
0.56669584882221012981602374518569 0.023638387956760955634213269936738
-0.59009777614887079875885648824247 0.023162256158430761880030847982550
0.59009777614887079875885648824247 0.023162256158430761880030847982550
-0.61301400617311095589144533618588 0.022667059985319896804080038361394
0.61301400617311095589144533618588 0.022667059985319896804080038361394
-0.63542567701921857745628284646063 0.022153207023250887191576599717546
0.63542567701921857745628284646063 0.022153207023250887191576599717546
-0.65731434210380725163249605341916 0.021621120214078497063888611466502
0.65731434210380725163249605341916 0.021621120214078497063888611466502
-0.67866198531883422968959217077666 0.021071237507578528936991863041891
0.67866198531883422968959217077666 0.021071237507578528936991863041891
-0.69945103586030711572373137315708 0.020504011500984959003160878197800
0.69945103586030711572373137315708 0.020504011500984959003160878197800
-0.71966438269047520769005461143466 0.019919909066472458086107262306416
0.71966438269047520769005461143466 0.019919909066472458086107262306416
-0.73928538862160360419945770168524 0.019319410966891417576068008476283
0.73928538862160360419945770168524 0.019319410966891417576068008476283
-0.75829790400974026611699295230067 0.018703011460072481055486265683673
0.75829790400974026611699295230067 0.018703011460072481055486265683673
-0.77668628004720809565339326565261 0.018071217892027304911671834564901
0.77668628004720809565339326565261 0.018071217892027304911671834564901
-0.79443538164288563119039896479100 0.017424550279381882772482095997838
0.79443538164288563119039896479100 0.017424550279381882772482095997838
-0.81153059987968108012091273349817 0.016763540881388351793503252879730
0.81153059987968108012091273349817 0.016763540881388351793503252879730
-0.82795786403895516074510305318402 0.016088733761870895539693069183675
0.82795786403895516074510305318402 0.016088733761870895539693069183675
-0.84370365318200882244363333226649 0.015400684341471413118437275463961
0.84370365318200882244363333226649 0.015400684341471413118437275463961
-0.85875500727912291288751917174061 0.014699958940571464963830000047711
0.85875500727912291288751917174061 0.014699958940571464963830000047711
-0.87309953787701939153503532167275 0.013987134313279393947477438388244
0.87309953787701939153503532167275 0.013987134313279393947477438388244
-0.88672543829600992165242819287176 0.013262797172886845370787834252696
0.88672543829600992165242819287176 0.013262797172886845370787834252696
-0.89962149334851170870155830417108 0.012527543709219774820777160261850
0.89962149334851170870155830417108 0.012527543709219774820777160261850
-0.91177708857105006891612081036655 0.011781979098340476296185837765602
0.91177708857105006891612081036655 0.011781979098340476296185837765602
-0.92318221896234744025058984181813 0.011026717005109282946614292149797
0.92318221896234744025058984181813 0.011026717005109282946614292149797
-0.93382749722064928792596581110342 0.010262379079208464501097310120689
0.93382749722064928792596581110342 0.010262379079208464501097310120689
-0.94370416147412032607395828146470 0.0094895944454125034179939499756791
0.94370416147412032607395828146470 0.0094895944454125034179939499756791
-0.95280408249909292880416500097557 0.0087089991892642920448894129723533
0.95280408249909292880416500097557 0.0087089991892642920448894129723533
-0.96111977042246697729265330551858 0.0079212358401445624825280279712473
0.96111977042246697729265330551858 0.0079212358401445624825280279712473
-0.96864438090738242946552475131768 0.0071269528556794762526392223483855
0.96864438090738242946552475131768 0.0071269528556794762526392223483855
-0.97537172082733442455833141666483 0.0063268041164444400581359837231067
0.97537172082733442455833141666483 0.0063268041164444400581359837231067
-0.98129625344866531450819081233363 0.0055214484540319037581530267997279
0.98129625344866531450819081233363 0.0055214484540319037581530267997279
-0.98641310318234520575146259639761 0.0047115492801465830162430332743213
0.98641310318234520575146259639761 0.0047115492801465830162430332743213
-0.99071806009715770125182016111426 0.0038977745477270674128704626561703
0.99071806009715770125182016111426 0.0038977745477270674128704626561703
-0.99420758488837652809752028366468 0.0030807980025521693022631633162263
0.99420758488837652809752028366468 0.0030807980025521693022631633162263
-0.99687881744703938086328709973024 0.0022613069541620503015810498045923
0.99687881744703938086328709973024 0.0022613069541620503015810498045923
-0.99872960955671875578503060258380 0.0014400604084401147510510707832204
0.99872960955671875578503060258380 0.0014400604084401147510510707832204
-0.99975884934308275637511636742011 0.00061884558549322342427844904241891
0.99975884934308275637511636742011 0.00061884558549322342427844904241891
