90
2
-0.017355729146299652461298372708182 0.034707972488950057920460134124408
0.017355729146299652461298372708182 0.034707972488950057920460134124408
-0.052046275137206949059278730384285 0.034666152085688240188272308521948
0.052046275137206949059278730384285 0.034666152085688240188272308521948
-0.086674109420734770085236546477085 0.034582561669496891418053797308405
0.086674109420734770085236546477085 0.034582561669496891418053797308405
-0.12119750815392408296874927739753 0.034457301960324256174595638704570
0.12119750815392408296874927739753 0.034457301960324256174595638704570
-0.15557487333052911951140512637192 0.034290523886375041931697305028144
0.15557487333052911951140512637192 0.034290523886375041931697305028144
-0.18976478290337901902087425318117 0.034082428402253995463605021759988
0.18976478290337901902087425318117 0.034082428402253995463605021759988
-0.22372604069472285926895840739945 0.033833266246831687257927508246488
0.22372604069472285926895840739945 0.033833266246831687257927508246488
-0.25741772603442012992088756679318 0.033543337641124276682933106938648
0.25741772603442012992088756679318 0.033543337641124276682933106938648
-0.29079924306616665154960212022744 0.033212991926551316514040829086580
0.29079924306616665154960212022744 0.033212991926551316514040829086580
-0.32383036966234596651139524849941 0.032842627144007504578630284799538
0.32383036966234596651139524849941 0.032842627144007504578630284799538
-0.35647130588856784613118851504561 0.032432689554255616911789544051550
0.35647130588856784613118851504561 0.032432689554255616911789544051550
-0.38868272195949820677650908580660 0.031983673100218576039455975435445
0.38868272195949820677650908580660 0.031983673100218576039455975435445
-0.42042580562819775610139544587036 0.031496118811818636076957930452958
0.42042580562819775610139544587036 0.031496118811818636076957930452958
-0.45166230895186936757637863295448 0.030970614154080920945936604918037
0.45166230895186936757637863295448 0.030970614154080920945936604918037
-0.48235459437766569252012122195097 0.030407792319286952690394330938961
0.48235459437766569252012122195097 0.030407792319286952690394330938961
-0.51246568009302797098846248827823 0.029808331464031275487147835458280
0.51246568009302797098846248827823 0.029808331464031275487147835458280
-0.54195928458591342618930450484091 0.029172953892100742486557990630162
0.54195928458591342618930450484091 0.029172953892100742486557990630162
-0.57079987036122097870536167141225 0.028502425184161416318755333930956
0.57079987036122097870536167141225 0.028502425184161416318755333930956
-0.59895268676074218588876938303881 0.027797553275302275158038649777360
0.59895268676074218588876938303881 0.027797553275302275158038649777360
-0.62638381183504512676260933169675 0.027059187481547958521614235449652
0.62638381183504512676260933169675 0.027059187481547958521614235449652
-0.65306019321684219196126211628668 0.026288217476514587361595888297324
0.65306019321684219196126211628668 0.026288217476514587361595888297324
-0.67894968794659714618126864528029 0.025485572219443228484467320747637
0.67894968794659714618126864528029 0.025485572219443228484467320747637
-0.70402110120239114355546936420712 0.024652218835904852935966062062970
0.70402110120239114355546936420712 0.024652218835904852935966062062970
-0.72824422388739036362579949768585 0.023789161452528723210100884447132
0.72824422388739036362579949768585 0.023789161452528723210100884447132
-0.75158986902963846817841520247798 0.022897439987163184634988638988833
0.75158986902963846817841520247798 0.022897439987163184634988638988833
-0.77402990695033424680695799169996 0.021978128895934133838691818839851
0.77402990695033424680695799169996 0.021978128895934133838691818839851
-0.79553729915824813486360058748346 0.021032335878722563117062319621424
0.79553729915824813486360058748346 0.021032335878722563117062319621424
-0.81608613092948105644375361737040 0.020061200544639595964532472614240
0.81608613092948105644375361737040 0.020061200544639595964532472614240
-0.83565164253337704556419915201445 0.019065893039137318425323530126265
0.83565164253337704556419915201445 0.019065893039137318425323530126265
-0.85421025906707188228602150859716 0.018047612634460236164049707391914
0.85421025906707188228602150859716 0.018047612634460236164049707391914
-0.87173961886290343447402788763856 0.017007586285222675709397334121384
0.87173961886290343447402788763856 0.017007586285222675709397334121384
-0.88821860043474598129837572555943 0.015947067151006639013206801337214
0.88821860043474598129837572555943 0.015947067151006639013206801337214
-0.90362734793130269386998558261533 0.014867333088043324050384579789600
0.90362734793130269386998558261533 0.014867333088043324050384579789600
-0.91794729506658638337235631597088 0.013769685112337093430751403629406
0.91794729506658638337235631597088 0.013769685112337093430751403629406
-0.93116118750043200700584661222946 0.012655445837168128868876023941617
0.93116118750043200700584661222946 0.012655445837168128868876023941617
-0.94325310364535776815357521642820 0.011525957889148058850593763179488
0.94325310364535776815357521642820 0.011525957889148058850593763179488
-0.95420847388150033616072026336948 0.010382582309893214613807706665244
0.95420847388150033616072026336948 0.010382582309893214613807706665244
-0.96401409817150548339366659197016 0.0092266969577419909403196983823566
0.96401409817150548339366659197016 0.0092266969577419909403196983823566
-0.97265816209019313999746483044523 0.0080596949446200156586717877656816
0.97265816209019313999746483044523 0.0080596949446200156586717877656816
-0.98013025134514838545895322281229 0.0068829832084632843147300704869690
0.98013025134514838545895322281229 0.0068829832084632843147300704869690
-0.98642136505783284873425405711242 0.0056979815607473526008478220453591
0.98642136505783284873425405711242 0.0056979815607473526008478220453591
-0.99152392881106278612914692430218 0.0045061236136749778641379963746427
0.99152392881106278612914692430218 0.0045061236136749778641379963746427
-0.99543181205834466392675540697079 0.0033088672433360181954317836948262
0.99543181205834466392675540697079 0.0033088672433360181954317836948262
-0.99814037993856815356130561895307 0.0021077787745263298914757056778668
0.99814037993856815356130561895307 0.0021077787745263298914757056778668
-0.99964697128663843746324845003653 0.00090593237121483309372451420867687
0.99964697128663843746324845003653 0.00090593237121483309372451420867687
