82
2
-0.019038455482006813761454678613195 0.038072309640141871207696017825671
0.019038455482006813761454678613195 0.038072309640141871207696017825671
-0.057087762505926931902959679220665 0.038017108431435269905302774236090
0.057087762505926931902959679220665 0.038017108431435269905302774236090
-0.095054297732644873952886740920386 0.037906786050505784779464226021964
0.095054297732644873952886740920386 0.037906786050505784779464226021964
-0.13288301331625752576481356213643 0.037741502454275869671537038631027
0.13288301331625752576481356213643 0.037741502454275869671537038631027
-0.17051906123619015976709936692043 0.037521497288185020871574071980701
0.17051906123619015976709936692043 0.037521497288185020871574071980701
-0.20790787282159235096622917787764 0.037247089538727664187840036070237
0.20790787282159235096622917787764 0.037247089538727664187840036070237
-0.24499523787070453783917652802822 0.036918677070954456998531672832133
0.24499523787070453783917652802822 0.036918677070954456998531672832133
-0.28172738325048010236826405803296 0.036536736051607652842197732825269
0.28172738325048010236826405803296 0.036536736051607652842197732825269
-0.31805105086250150501008433865114 0.036101820258727023075695522521338
0.31805105086250150501008433865114 0.036101820258727023075695522521338
-0.35391357486214793640539467752479 0.035614560278727472680495915259449
0.35391357486214793640539467752479 0.035614560278727472680495915259449
-0.38926295801905481592104716255558 0.035075662592112690384780305774713
0.38926295801905481592104716255558 0.035075662592112690384780305774713
-0.42404794710815072216355927733945 0.034485908549150705507378806965592
0.42404794710815072216355927733945 0.034485908549150705507378806965592
-0.45821810722196319782286322248532 0.033846153236996858744636562132267
0.45821810722196319782286322248532 0.033846153236996858744636562132267
-0.49172389489644932246345907314895 0.033157324239907211327758384403325
0.49172389489644932246345907314895 0.033157324239907211327758384403325
-0.52451672994432776797507946479770 0.032420420294340605077836407826425
0.52451672994432776797507946479770 0.032420420294340605077836407826425
-0.55654906589176381234732175630715 0.031636509840900245537623324322075
0.55654906589176381234732175630715 0.031636509840900245537623324322075
-0.58777445891628486715370887046821 0.030806729475215629813667882788314
0.58777445891628486715370887046821 0.030806729475215629813667882788314
-0.61814763518597868204102999917123 0.029932282300012724635085961982619
0.61814763518597868204102999917123 0.029932282300012724635085961982619
-0.64762455650234659856631150386079 0.029014436180764403961453030061337
0.64762455650234659856631150386079 0.029014436180764403961453030061337
-0.67616248415164702456595109954044 0.028054521907454230471713975332737
0.67616248415164702456595109954044 0.028054521907454230471713975332737
-0.70372004087216667849383562824167 0.027053931265124771519786796662313
0.70372004087216667849383562824167 0.027053931265124771519786796662313
-0.73025727084759624505169321651042 0.026014115016017023753868523109950
0.73025727084759624505169321651042 0.026014115016017023753868523109950
-0.75573569763956041729755409122018 0.024936580796240755155772228285558
0.75573569763956041729755409122018 0.024936580796240755155772228285558
-0.78011837997535824519396673977378 0.023822890930047826342227084974711
0.78011837997535824519396673977378 0.023822890930047826342227084974711
-0.80336996531010829930188249908346 0.022674660164914103102441983017802
0.80336996531010829930188249908346 0.022674660164914103102441983017802
-0.82545674108576765602863470887529 0.021493553330774844043489663808121
0.82545674108576765602863470887529 0.021493553330774844043489663808121
-0.84634668361291370179572433526022 0.020281282926912158901570679670680
0.84634668361291370179572433526022 0.020281282926912158901570679670680
-0.86600950450476544857068426393612 0.019039606640178925073039364591412
0.86600950450476544857068426393612 0.019039606640178925073039364591412
-0.88441669459672470822799076908556 0.017770324798498407146981968125794
0.88441669459672470822799076908556 0.017770324798498407146981968125794
-0.90154156528884125819628500525422 0.016475277763983708891012236608206
0.90154156528884125819628500525422 0.016475277763983708891012236608206
-0.91735928725328010714576153289184 0.015156343270762561788468952812076
0.91735928725328010714576153289184 0.015156343270762561788468952812076
-0.93184692645462288785473261757455 0.013815433714126459387727683686559
0.93184692645462288785473261757455 0.013815433714126459387727683686559
-0.94498347743896048918224602423769 0.012454493401142104679733616501006
0.94498347743896048918224602423769 0.012454493401142104679733616501006
-0.95674989386161090312179934255958 0.011075495781759896320225054964658
0.95674989386161090312179934255958 0.011075495781759896320225054964658
-0.96712911625259069599607701668160 0.0096804407043710737369654943141086
0.96712911625259069599607701668160 0.0096804407043710737369654943141086
-0.97610609709449882869141976770664 0.0082713518183836856044303827066561
0.97610609709449882869141976770664 0.0082713518183836856044303827066561
-0.98366782352200760336788812685724 0.0068502745341835261843262645100471
0.98366782352200760336788812685724 0.0068502745341835261843262645100471
-0.98980333883990894993262531726140 0.0054192762324467650907045797337047
0.98980333883990894993262531726140 0.0054192762324467650907045797337047
-0.99450376837807562893399977523619 0.0039804579378560746190288467341341
0.99450376837807562893399977523619 0.0039804579378560746190288467341341
-0.99776238582638586256235838526142 0.0025360546968561061098217538509810
0.99776238582638586256235838526142 0.0025360546968561061098217538509810
-0.99957519150165264887412919053525 0.0010901185952758308661071915382400
0.99957519150165264887412919053525 0.0010901185952758308661071915382400
