          0.000000000000           1.000000000000           1.000000000000           1.000000000000           1.000000000000  
          0.100000000000           1.000000000000           0.990000000000           0.990098924950           0.990099009901  
          0.200000000000           0.980000000000           0.961365554432           0.961538143658           0.961538461538  
          0.300000000000           0.941584000000           0.917245807332           0.917430597520           0.917431192661  
          0.400000000000           0.888389174257           0.861954319810           0.862068183488           0.862068965517  
          0.500000000000           0.825250348262           0.800034025054           0.799999209019           0.800000000000  
          0.600000000000           0.757146534531           0.735527018675           0.735293500279           0.735294117647  
          0.700000000000           0.688354029561           0.671587054765           0.671140619518           0.671140939597  
          0.800000000000           0.622017651759           0.610398784831           0.609756119188           0.609756097561  
          0.900000000000           0.560112698303           0.553289088519           0.552486529857           0.552486187845  
          1.000000000000           0.503641976039           0.500918575858           0.500000602211           0.500000000000  
          1.100000000000           0.452910928033           0.453478840018           0.452489476092           0.452488687783  
          1.200000000000           0.407782700112           0.410859173844           0.409836968758           0.409836065574  
          1.300000000000           0.367873884790           0.372772250337           0.371748170162           0.371747211896  
          1.400000000000           0.332687774061           0.338841581577           0.337838805482           0.337837837838  
          1.500000000000           0.301697050658           0.308658514976           0.307693252408           0.307692307692  
          1.600000000000           0.274390717546           0.281817058963           0.280899777095           0.280898876404  
          1.700000000000           0.250297832465           0.257933551052           0.257070252974           0.257069408740  
          1.800000000000           0.228997170787           0.236656463872           0.235849838257           0.235849056604  
          1.900000000000           0.210118877265           0.217670082594           0.216920457017           0.216919739696  
          2.000000000000           0.193341899083           0.200694563349           0.200000654116           0.200000000000  
          2.100000000000           0.178389463107           0.185483997555           0.184843477371           0.184842883549  
          2.200000000000           0.165023886877           0.171823499344           0.171233414161           0.171232876712  
          2.300000000000           0.153041418251           0.159525930434           0.158982997402           0.158982511924  
          2.400000000000           0.142267447429           0.148428617353           0.147929432126           0.147928994083  
          2.500000000000           0.132552234662           0.138390252861           0.137931429538           0.137931034483  
          2.600000000000           0.123767187205           0.129288073668           0.128866335675           0.128865979381  
          2.700000000000           0.115801662558           0.121015347328           0.120627583225           0.120627261761  
          2.800000000000           0.108560249031           0.113479167534           0.113122462187           0.113122171946  
          2.900000000000           0.101960465536           0.106598539124           0.106270187904           0.106269925611  
          3.000000000000           0.095930822347           0.100302725730           0.100000237295           0.100000000000  
          3.100000000000           0.090409188741           0.094529830194           0.094250921821           0.094250706880  
          3.200000000000           0.085341419468           0.089225578204           0.088968166479           0.088967971530  
          3.300000000000           0.080680198427           0.084342277568           0.084104466380           0.084104289319  
          3.400000000000           0.076384064111           0.079837928246           0.079617995439           0.079617834395  
          3.500000000000           0.072416586941           0.075675461225           0.075471844803           0.075471698113  
          3.600000000000           0.068745673496           0.071822087153           0.071633371633           0.071633237822  
          3.700000000000           0.065342976806           0.068248738354           0.068073641644           0.068073519401  
          3.800000000000           0.062183395389           0.064929590198           0.064766951219           0.064766839378  
          3.900000000000           0.059244646646           0.061841649925           0.061690417093           0.061690314621  
          4.000000000000           0.056506902684           0.058964402814           0.058823623437           0.058823529412  
          4.100000000000           0.053952478643           0.056279507147           0.056148317728           0.056148231331  
          4.200000000000           0.051565565283           0.053770530740           0.053648148169           0.053648068670  
          4.300000000000           0.049331998963           0.051422722943           0.051308436517           0.051308363263  
          4.400000000000           0.047239063299           0.049222816916           0.049115981146           0.049115913556  
          4.500000000000           0.045275317690           0.047158857848           0.047058885977           0.047058823529  
          4.600000000000           0.043430448737           0.045220053379           0.045126411561           0.045126353791  
          4.700000000000           0.041695141170           0.043396643121           0.043308845196           0.043308791685  
          4.800000000000           0.040060965460           0.041679784593           0.041597387398           0.041597337770  
          4.900000000000           0.038520279745           0.040061453310           0.039984052479           0.039984006397  
          5.000000000000           0.037066144032           0.038534355106           0.038461581301           0.038461538462  
          5.100000000000           0.035692244999           0.037091849030           0.037023364565           0.037023324695  
          5.200000000000           0.034392829919           0.035727879421           0.035663375238           0.035663338088  
          5.300000000000           0.033162648499           0.034436915956           0.034376108905           0.034376074252  
          5.400000000000           0.031996901568           0.033213900626           0.033156531031           0.033156498674  
          5.500000000000           0.030891195721           0.032054200773           0.032000030246           0.032000000000  
          5.600000000000           0.029841503151           0.030953567405           0.030902376879           0.030902348578  
          5.700000000000           0.028844126003           0.029908098145           0.029859686106           0.029859659600  
          5.800000000000           0.027895664694           0.028914204225           0.028868385127           0.028868360277  
          5.900000000000           0.026992989688           0.027968581061           0.027925183889           0.027925160570  
          6.000000000000           0.026133216327           0.027068181948           0.027027048930           0.027027027027  
          6.100000000000           0.025313682332           0.026210194530           0.026171179973           0.026171159382  
          6.200000000000           0.024531927666           0.025392019709           0.025354988948           0.025354969574  
          6.300000000000           0.023785676477           0.024611252710           0.024576081159           0.024576062915  
          6.400000000000           0.023072820886           0.023865666065           0.023832238358           0.023832221163  
          6.500000000000           0.022391406405           0.023153194291           0.023121403502           0.023121387283  
          6.600000000000           0.021739618800           0.022471920075           0.022441667016           0.022441651706  
          6.700000000000           0.021115772246           0.021820061805           0.021791254385           0.021791239922  
          6.800000000000           0.020518298624           0.021195962299           0.021168514944           0.021168501270  
          6.900000000000           0.019945737837           0.020598078598           0.020571911724           0.020571898786  
          7.000000000000           0.019396729045           0.020024972717           0.020000012249           0.020000000000  
          7.100000000000           0.018870002708           0.019475303256           0.019451480191           0.019451468586  
          7.200000000000           0.018364373365           0.018947817767           0.018925067778           0.018925056775  
          7.300000000000           0.017878733064           0.018441345821           0.018419608891           0.018419598453  
          7.400000000000           0.017412045384           0.017954792687           0.017934012779           0.017934002869  
          7.500000000000           0.016963339984           0.017487133568           0.017467258322           0.017467248908  
          7.600000000000           0.016531707629           0.017037408344           0.017018388798           0.017018379850  
          7.700000000000           0.016116295646           0.016604716761           0.016586507100           0.016586498590  
          7.800000000000           0.015716303768           0.016188214036           0.016170771359           0.016170763260  
          7.900000000000           0.015330980330           0.015787106828           0.015770390932           0.015770383220  
          8.000000000000           0.014959618777           0.015400649543           0.015384622732           0.015384615385  
          8.100000000000           0.014601554466           0.015028140950           0.015012767851           0.015012760847  
          8.200000000000           0.014256161730           0.014668921063           0.014654168463           0.014654161782  
          8.300000000000           0.013922851168           0.014322368279           0.014308204973           0.014308198598  
          8.400000000000           0.013601067166           0.013987896748           0.013974293399           0.013974287311  
          8.500000000000           0.013290285599           0.013664953939           0.013651882948           0.013651877133  
          8.600000000000           0.012990011723           0.013353018408           0.013340453797           0.013340448239  
          8.700000000000           0.012699778228           0.013051597729           0.013039515029           0.013039509714  
          8.800000000000           0.012419143429           0.012760226587           0.012748602739           0.012748597654  
          8.900000000000           0.012147689612           0.012478465015           0.012467278274           0.012467273407  
          9.000000000000           0.011885021486           0.012205896761           0.012195126612           0.012195121951  
          9.100000000000           0.011630764761           0.011942127778           0.011931754852           0.011931750388  
          9.200000000000           0.011384564827           0.011686784823           0.011676790827           0.011676786548  
          9.300000000000           0.011146085525           0.011439514158           0.011429881803           0.011429877700  
          9.400000000000           0.010915008012           0.011199980342           0.011190693282           0.011190689346  
          9.500000000000           0.010691029700           0.010967865118           0.010958907887           0.010958904110  
          9.600000000000           0.010473863279           0.010742866362           0.010734224322           0.010734220696  
          9.700000000000           0.010263235800           0.010524697123           0.010516356411           0.010516352929  
          9.800000000000           0.010058887823           0.010313084718           0.010305032200           0.010305028854  
          9.900000000000           0.009860572623           0.010107769891           0.010099993116           0.010099989900  
         10.000000000000           0.009668055456           0.009908506030           0.009900993192           0.009900990099  
